Character to attribute mapping:
  e: ?
  A: CA/Kern
  B: CA/Kings
  C: CA/Sacramento
  D: CA/San-Diego
  E: CA/Unknown
  F: CO/Larimer
  G: CT
  H: DC/District-Of-Columbia
  I: FC-019
  J: FC-038
  K: FC-040
  L: FC-049
  M: FC-053
  N: FC-061
  O: FC-066
  P: FC-074
  Q: FC-089GR
  R: FC-092GR
  S: FC-093
  T: FL/Hillsborough
  U: GA
  V: IL/Cook
  W: IL/Unknown
  X: ISR/D/Eilat
  Y: LV-020
  Z: LV-069
  [: LV-123
  \: MS/Adams
  ]: NM/Unknown
  ^: NY
  _: OH
  `: TX/Dallas
  a: TX/El-Paso
  b: TX/Harris
  c: VA
  d: WI


Substitution rate (mu): 436.69752

Equilibrium frequencies (pi_i):
  A: 0.0275
  B: 0.0296
  C: 0.0279
  D: 0.0285
  E: 0.0286
  F: 0.027
  G: 0.0183
  H: 0.0271
  I: 0.0296
  J: 0.0294
  K: 0.0271
  L: 0.0269
  M: 0.0269
  N: 0.0293
  O: 0.027
  P: 0.0292
  Q: 0.0276
  R: 0.0265
  S: 0.0295
  T: 0.0286
  U: 0.0275
  V: 0.0289
  W: 0.0244
  X: 0.028
  Y: 0.0281
  Z: 0.0292
  [: 0.0295
  \: 0.0267
  ]: 0.0293
  ^: 0.031
  _: 0.0275
  `: 0.0279
  a: 0.0277
  b: 0.0283
  c: 0.0272
  d: 0.0267

Symmetrized rates from j->i (W_ij):
	A	B	C	D	E	F	G	H	I	J	K	L	M	N	O	P	Q	R	S	T	U	V	W	X	Y	Z	[	\	]	^	_	`	a	b	c	d
  A	0	1.5128	1.4414	1.0018	0.9912	0.9916	1.0045	0.9886	0.9907	0.9909	0.9886	0.9889	0.9887	0.9915	0.9887	0.991	0.9918	0.9944	0.9909	0.9895	0.9949	0.9909	0.9898	0.991	0.9902	0.991	0.9909	0.9888	1.494	1.4679	0.9899	0.9897	1.0044	0.9926	0.9884	0.9888
  B	1.5128	0	0.9999	0.9895	0.9889	0.9903	0.9917	0.9875	0.9897	0.9899	0.9875	0.9877	0.9876	0.9905	0.9876	0.9897	0.9902	0.9925	0.9899	0.9884	0.9893	0.9896	0.9877	0.9895	0.9888	0.9897	0.9899	0.9877	1.0368	1.0383	0.9886	0.9884	0.9896	0.9891	0.9874	0.9875
  C	1.4414	0.9999	0	0.9924	1.3154	0.9928	0.9972	0.9896	0.9915	0.9917	0.9896	0.9899	0.9898	0.9924	0.9897	0.9918	0.9927	0.9956	0.9917	0.9903	0.992	0.9918	1.0094	0.992	0.9911	0.9918	0.9917	0.9898	1.0183	1.4772	0.9908	0.9907	0.9927	0.9915	0.9895	0.9896
  D	1.0018	0.9895	0.9924	0	0.9908	0.9925	1.0002	0.9894	0.9913	0.9915	0.9894	0.9897	0.9896	0.9921	0.9895	0.9916	0.9925	0.9952	0.9915	0.9901	0.9926	0.9915	0.9903	0.9917	0.9908	0.9916	0.9915	0.9896	0.9901	1.3177	0.9906	0.9904	1.2188	0.9916	0.9893	0.9894
  E	0.9912	0.9889	1.3154	0.9908	0	0.9919	0.9945	0.9889	0.9908	0.9911	0.9889	0.9892	0.989	0.9917	0.989	0.9911	0.9918	0.9944	0.9911	0.9896	0.9908	0.991	0.9996	0.9911	0.9902	0.9911	0.9911	0.9891	0.9892	1.2194	0.99	0.9899	0.9909	0.9905	0.9888	0.9889
  F	0.9916	0.9903	0.9928	0.9925	0.9919	0	0.9965	0.9902	1.0578	1.4396	0.9916	0.9905	0.9963	1.0977	0.992	0.993	0.9948	1.0473	1.0722	0.9911	0.9924	1.0159	0.9905	0.9927	0.9924	0.993	1.0722	0.9904	0.9906	1.6367	0.9915	0.9914	0.9925	0.9922	0.99	0.9901
  G	1.0045	0.9917	0.9972	1.0002	0.9945	0.9965	0	1.094	0.9937	0.9939	0.9917	0.9938	0.9927	0.9947	0.9918	0.9947	0.9968	1.0011	0.9939	1.408	1.0116	0.9949	0.9961	1.1643	0.9945	0.9947	0.9939	1.0213	0.9927	4.9145	1.1991	1.141	1.0014	1.0047	1.0696	0.9929
  H	0.9886	0.9875	0.9896	0.9894	0.9889	0.9902	1.094	0	0.9894	0.9896	0.9873	0.9876	0.9874	0.9902	0.9873	0.9897	0.9904	0.993	0.9896	0.9882	0.9894	0.9896	0.9875	0.9896	0.9889	0.9897	0.9896	0.9875	0.9878	1.4488	0.9886	0.9884	0.9895	0.9892	0.9871	0.9872
  I	0.9907	0.9897	0.9915	0.9913	0.9908	1.0578	0.9937	0.9894	0	1.049	0.9899	0.9896	0.9895	1.3866	0.9901	0.9918	0.9927	1.0259	1.043	0.9903	0.9912	1.0048	0.9897	0.9915	0.991	0.9918	1.043	0.9896	0.9899	1.0813	0.9906	0.9904	0.9913	0.991	0.9893	0.9894
  J	0.9909	0.9899	0.9917	0.9915	0.9911	1.4396	0.9939	0.9896	1.049	0	0.9904	0.9898	0.9898	1.085	0.9907	0.9921	0.9932	1.0387	1.0621	0.9905	0.9914	1.0111	0.9899	0.9917	0.9913	0.9921	1.0621	0.9898	0.9901	1.1039	0.9908	0.9906	0.9915	0.9912	0.9895	0.9896
  K	0.9886	0.9875	0.9896	0.9894	0.9889	0.9916	0.9917	0.9873	0.9899	0.9904	0	0.9876	0.9877	0.9911	0.9934	0.9906	0.9948	1.0203	0.9903	0.9882	0.9894	0.9909	0.9874	0.9896	0.99	0.9906	0.9903	0.9874	0.9878	1.4844	0.9885	0.9884	0.9895	0.9891	0.9871	0.9872
  L	0.9889	0.9877	0.9899	0.9897	0.9892	0.9905	0.9938	0.9876	0.9896	0.9898	0.9876	0	0.9877	0.9904	0.9876	0.9899	0.9907	0.9933	0.9898	0.9884	0.9897	0.9898	0.9879	0.9899	0.9891	0.9899	0.9898	0.9877	0.9879	1.5267	0.9888	0.9887	0.9898	0.9894	0.9874	0.9875
  M	0.9887	0.9876	0.9898	0.9896	0.989	0.9963	0.9927	0.9874	0.9895	0.9898	0.9877	0.9877	0	0.9904	0.9879	0.9898	0.9909	0.9951	0.9898	0.9883	0.9895	0.9898	0.9877	0.9897	0.989	0.9898	0.9898	0.9876	0.9879	1.5159	0.9886	0.9885	0.9896	0.9893	0.9872	0.9873
  N	0.9915	0.9905	0.9924	0.9921	0.9917	1.0977	0.9947	0.9902	1.3866	1.085	0.9911	0.9904	0.9904	0	0.9915	0.9927	0.9939	1.0475	1.0759	0.9911	0.9921	1.0153	0.9905	0.9924	0.992	0.9927	1.0759	0.9904	0.9907	1.1215	0.9914	0.9912	0.9921	0.9919	0.9901	0.9902
  O	0.9887	0.9876	0.9897	0.9895	0.989	0.992	0.9918	0.9873	0.9901	0.9907	0.9934	0.9876	0.9879	0.9915	0	0.9911	0.9961	1.0215	0.9906	0.9883	0.9894	0.9914	0.9875	0.9897	0.9904	0.9911	0.9906	0.9875	0.9878	1.4921	0.9886	0.9885	0.9895	0.9892	0.9872	0.9873
  P	0.991	0.9897	0.9918	0.9916	0.9911	0.993	0.9947	0.9897	0.9918	0.9921	0.9906	0.9899	0.9898	0.9927	0.9911	0	1.0832	1.0021	0.9921	0.9904	0.9915	0.9921	0.9901	0.9918	0.9913	1.5213	0.9921	0.9898	0.99	1.1406	0.9908	0.9906	0.9916	0.9913	0.9895	0.9896
  Q	0.9918	0.9902	0.9927	0.9925	0.9918	0.9948	0.9968	0.9904	0.9927	0.9932	0.9948	0.9907	0.9909	0.9939	0.9961	1.0832	0	1.0183	0.9931	0.9911	0.9924	0.9938	0.991	0.9928	0.9929	1.0832	0.9931	0.9906	0.9905	1.3962	0.9915	0.9914	0.9925	0.9921	0.9903	0.9903
  R	0.9944	0.9925	0.9956	0.9952	0.9944	1.0473	1.0011	0.993	1.0259	1.0387	1.0203	0.9933	0.9951	1.0475	1.0215	1.0021	1.0183	0	1.034	0.9935	0.9952	1.3254	0.9938	0.9956	1.253	1.0021	1.034	0.9931	0.9927	1.7372	0.9941	0.9941	0.9952	0.9948	0.9927	0.9929
  S	0.9909	0.9899	0.9917	0.9915	0.9911	1.0722	0.9939	0.9896	1.043	1.0621	0.9903	0.9898	0.9898	1.0759	0.9906	0.9921	0.9931	1.034	0	0.9905	0.9914	1.0088	0.9899	0.9917	0.9913	0.9921	1.4453	0.9898	0.9901	1.0966	0.9908	0.9906	0.9915	0.9912	0.9895	0.9896
  T	0.9895	0.9884	0.9903	0.9901	0.9896	0.9911	1.408	0.9882	0.9903	0.9905	0.9882	0.9884	0.9883	0.9911	0.9883	0.9904	0.9911	0.9935	0.9905	0	0.9901	0.9904	0.9885	0.9904	0.9895	0.9904	0.9905	0.991	0.9886	1.1684	1.0955	0.9896	0.9902	0.9899	0.9881	0.9882
  U	0.9949	0.9893	0.992	0.9926	0.9908	0.9924	1.0116	0.9894	0.9912	0.9914	0.9894	0.9897	0.9895	0.9921	0.9894	0.9915	0.9924	0.9952	0.9914	0.9901	0	0.9915	0.9911	0.9917	0.9908	0.9915	0.9914	0.9895	0.9897	1.4107	0.9905	0.9904	0.9931	1.2244	0.9892	0.9897
  V	0.9909	0.9896	0.9918	0.9915	0.991	1.0159	0.9949	0.9896	1.0048	1.0111	0.9909	0.9898	0.9898	1.0153	0.9914	0.9921	0.9938	1.3254	1.0088	0.9904	0.9915	0	0.9901	0.9918	0.9921	0.9921	1.0088	0.9898	0.9899	1.1689	0.9907	0.9906	0.9916	0.9912	0.9895	0.9896
  W	0.9898	0.9877	1.0094	0.9903	0.9996	0.9905	0.9961	0.9875	0.9897	0.9899	0.9874	0.9879	0.9877	0.9905	0.9875	0.9901	0.991	0.9938	0.9899	0.9885	0.9911	0.9901	0	0.9902	0.9893	0.9901	0.9899	0.9877	0.9881	2.1152	0.9889	0.9888	0.9904	0.9902	0.9872	0.9897
  X	0.991	0.9895	0.992	0.9917	0.9911	0.9927	1.1643	0.9896	0.9915	0.9917	0.9896	0.9899	0.9897	0.9924	0.9897	0.9918	0.9928	0.9956	0.9917	0.9904	0.9917	0.9918	0.9902	0	0.9911	0.9918	0.9917	0.9898	0.9897	1.3704	0.9909	0.9907	0.9918	0.9914	0.9894	0.9895
  Y	0.9902	0.9888	0.9911	0.9908	0.9902	0.9924	0.9945	0.9889	0.991	0.9913	0.99	0.9891	0.989	0.992	0.9904	0.9913	0.9929	1.253	0.9913	0.9895	0.9908	0.9921	0.9893	0.9911	0	0.9913	0.9913	0.989	0.989	1.2947	0.99	0.9898	0.9909	0.9905	0.9887	0.9888
  Z	0.991	0.9897	0.9918	0.9916	0.9911	0.993	0.9947	0.9897	0.9918	0.9921	0.9906	0.9899	0.9898	0.9927	0.9911	1.5213	1.0832	1.0021	0.9921	0.9904	0.9915	0.9921	0.9901	0.9918	0.9913	0	0.9921	0.9898	0.99	1.1406	0.9908	0.9906	0.9916	0.9913	0.9895	0.9896
  [	0.9909	0.9899	0.9917	0.9915	0.9911	1.0722	0.9939	0.9896	1.043	1.0621	0.9903	0.9898	0.9898	1.0759	0.9906	0.9921	0.9931	1.034	1.4453	0.9905	0.9914	1.0088	0.9899	0.9917	0.9913	0.9921	0	0.9898	0.9901	1.0966	0.9908	0.9906	0.9915	0.9912	0.9895	0.9896
  \	0.9888	0.9877	0.9898	0.9896	0.9891	0.9904	1.0213	0.9875	0.9896	0.9898	0.9874	0.9877	0.9876	0.9904	0.9875	0.9898	0.9906	0.9931	0.9898	0.991	0.9895	0.9898	0.9877	0.9898	0.989	0.9898	0.9898	0	0.9879	1.534	0.9965	0.9886	0.9896	0.9893	0.9873	0.9874
  ]	1.494	1.0368	1.0183	0.9901	0.9892	0.9906	0.9927	0.9878	0.9899	0.9901	0.9878	0.9879	0.9879	0.9907	0.9878	0.99	0.9905	0.9927	0.9901	0.9886	0.9897	0.9899	0.9881	0.9897	0.989	0.99	0.9901	0.9879	0	1.0766	0.9889	0.9887	0.9903	0.9894	0.9877	0.9877
  ^	1.4679	1.0383	1.4772	1.3177	1.2194	1.6367	4.9145	1.4488	1.0813	1.1039	1.4844	1.5267	1.5159	1.1215	1.4921	1.1406	1.3962	1.7372	1.0966	1.1684	1.4107	1.1689	2.1152	1.3704	1.2947	1.1406	1.0966	1.534	1.0766	0	1.3687	1.3473	1.3688	1.2803	1.4385	1.5328
  _	0.9899	0.9886	0.9908	0.9906	0.99	0.9915	1.1991	0.9886	0.9906	0.9908	0.9885	0.9888	0.9886	0.9914	0.9886	0.9908	0.9915	0.9941	0.9908	1.0955	0.9905	0.9907	0.9889	0.9909	0.99	0.9908	0.9908	0.9965	0.9889	1.3687	0	0.9899	0.9906	0.9903	0.9884	0.9885
  `	0.9897	0.9884	0.9907	0.9904	0.9899	0.9914	1.141	0.9884	0.9904	0.9906	0.9884	0.9887	0.9885	0.9912	0.9885	0.9906	0.9914	0.9941	0.9906	0.9896	0.9904	0.9906	0.9888	0.9907	0.9898	0.9906	0.9906	0.9886	0.9887	1.3473	0.9899	0	0.9905	0.9901	0.9883	0.9883
  a	1.0044	0.9896	0.9927	1.2188	0.9909	0.9925	1.0014	0.9895	0.9913	0.9915	0.9895	0.9898	0.9896	0.9921	0.9895	0.9916	0.9925	0.9952	0.9915	0.9902	0.9931	0.9916	0.9904	0.9918	0.9909	0.9916	0.9915	0.9896	0.9903	1.3688	0.9906	0.9905	0	0.9919	0.9893	0.9895
  b	0.9926	0.9891	0.9915	0.9916	0.9905	0.9922	1.0047	0.9892	0.991	0.9912	0.9891	0.9894	0.9893	0.9919	0.9892	0.9913	0.9921	0.9948	0.9912	0.9899	1.2244	0.9912	0.9902	0.9914	0.9905	0.9913	0.9912	0.9893	0.9894	1.2803	0.9903	0.9901	0.9919	0	0.989	0.9893
  c	0.9884	0.9874	0.9895	0.9893	0.9888	0.99	1.0696	0.9871	0.9893	0.9895	0.9871	0.9874	0.9872	0.9901	0.9872	0.9895	0.9903	0.9927	0.9895	0.9881	0.9892	0.9895	0.9872	0.9894	0.9887	0.9895	0.9895	0.9873	0.9877	1.4385	0.9884	0.9883	0.9893	0.989	0	0.9871
  d	0.9888	0.9875	0.9896	0.9894	0.9889	0.9901	0.9929	0.9872	0.9894	0.9896	0.9872	0.9875	0.9873	0.9902	0.9873	0.9896	0.9903	0.9929	0.9896	0.9882	0.9897	0.9896	0.9897	0.9895	0.9888	0.9896	0.9896	0.9874	0.9877	1.5328	0.9885	0.9883	0.9895	0.9893	0.9871	0

Actual rates from j->i (Q_ij):
	A	B	C	D	E	F	G	H	I	J	K	L	M	N	O	P	Q	R	S	T	U	V	W	X	Y	Z	[	\	]	^	_	`	a	b	c	d
  A	0	0.0416	0.0396	0.0276	0.0273	0.0273	0.0276	0.0272	0.0273	0.0273	0.0272	0.0272	0.0272	0.0273	0.0272	0.0273	0.0273	0.0274	0.0273	0.0272	0.0274	0.0273	0.0272	0.0273	0.0272	0.0273	0.0273	0.0272	0.0411	0.0404	0.0272	0.0272	0.0276	0.0273	0.0272	0.0272
  B	0.0447	0	0.0296	0.0293	0.0292	0.0293	0.0293	0.0292	0.0293	0.0293	0.0292	0.0292	0.0292	0.0293	0.0292	0.0293	0.0293	0.0293	0.0293	0.0292	0.0293	0.0293	0.0292	0.0293	0.0292	0.0293	0.0293	0.0292	0.0307	0.0307	0.0292	0.0292	0.0293	0.0292	0.0292	0.0292
  C	0.0403	0.0279	0	0.0277	0.0367	0.0277	0.0279	0.0276	0.0277	0.0277	0.0276	0.0276	0.0276	0.0277	0.0276	0.0277	0.0277	0.0278	0.0277	0.0277	0.0277	0.0277	0.0282	0.0277	0.0277	0.0277	0.0277	0.0276	0.0284	0.0413	0.0277	0.0277	0.0277	0.0277	0.0276	0.0276
  D	0.0285	0.0282	0.0283	0	0.0282	0.0283	0.0285	0.0282	0.0282	0.0282	0.0282	0.0282	0.0282	0.0283	0.0282	0.0282	0.0283	0.0284	0.0282	0.0282	0.0283	0.0282	0.0282	0.0283	0.0282	0.0282	0.0282	0.0282	0.0282	0.0375	0.0282	0.0282	0.0347	0.0282	0.0282	0.0282
  E	0.0283	0.0282	0.0376	0.0283	0	0.0283	0.0284	0.0282	0.0283	0.0283	0.0282	0.0283	0.0283	0.0283	0.0282	0.0283	0.0283	0.0284	0.0283	0.0283	0.0283	0.0283	0.0286	0.0283	0.0283	0.0283	0.0283	0.0283	0.0283	0.0348	0.0283	0.0283	0.0283	0.0283	0.0282	0.0282
  F	0.0268	0.0268	0.0268	0.0268	0.0268	0	0.0269	0.0267	0.0286	0.0389	0.0268	0.0268	0.0269	0.0297	0.0268	0.0268	0.0269	0.0283	0.029	0.0268	0.0268	0.0274	0.0268	0.0268	0.0268	0.0268	0.029	0.0268	0.0268	0.0442	0.0268	0.0268	0.0268	0.0268	0.0267	0.0267
  G	0.0184	0.0182	0.0183	0.0183	0.0182	0.0183	0	0.0201	0.0182	0.0182	0.0182	0.0182	0.0182	0.0182	0.0182	0.0182	0.0183	0.0184	0.0182	0.0258	0.0186	0.0182	0.0183	0.0214	0.0182	0.0182	0.0182	0.0187	0.0182	0.0901	0.022	0.0209	0.0184	0.0184	0.0196	0.0182
  H	0.0268	0.0268	0.0268	0.0268	0.0268	0.0268	0.0297	0	0.0268	0.0268	0.0268	0.0268	0.0268	0.0268	0.0268	0.0268	0.0268	0.0269	0.0268	0.0268	0.0268	0.0268	0.0268	0.0268	0.0268	0.0268	0.0268	0.0268	0.0268	0.0393	0.0268	0.0268	0.0268	0.0268	0.0268	0.0268
  I	0.0293	0.0293	0.0293	0.0293	0.0293	0.0313	0.0294	0.0293	0	0.031	0.0293	0.0293	0.0293	0.041	0.0293	0.0293	0.0294	0.0303	0.0308	0.0293	0.0293	0.0297	0.0293	0.0293	0.0293	0.0293	0.0308	0.0293	0.0293	0.032	0.0293	0.0293	0.0293	0.0293	0.0293	0.0293
  J	0.0291	0.0291	0.0291	0.0291	0.0291	0.0423	0.0292	0.0291	0.0308	0	0.0291	0.0291	0.0291	0.0319	0.0291	0.0291	0.0292	0.0305	0.0312	0.0291	0.0291	0.0297	0.0291	0.0291	0.0291	0.0291	0.0312	0.0291	0.0291	0.0324	0.0291	0.0291	0.0291	0.0291	0.029	0.029
  K	0.0268	0.0267	0.0268	0.0268	0.0268	0.0268	0.0268	0.0267	0.0268	0.0268	0	0.0267	0.0267	0.0268	0.0269	0.0268	0.0269	0.0276	0.0268	0.0267	0.0268	0.0268	0.0267	0.0268	0.0268	0.0268	0.0268	0.0267	0.0267	0.0402	0.0267	0.0267	0.0268	0.0268	0.0267	0.0267
  L	0.0266	0.0265	0.0266	0.0266	0.0266	0.0266	0.0267	0.0265	0.0266	0.0266	0.0265	0	0.0265	0.0266	0.0265	0.0266	0.0266	0.0267	0.0266	0.0266	0.0266	0.0266	0.0266	0.0266	0.0266	0.0266	0.0266	0.0265	0.0266	0.041	0.0266	0.0266	0.0266	0.0266	0.0265	0.0265
  M	0.0266	0.0266	0.0266	0.0266	0.0266	0.0268	0.0267	0.0266	0.0266	0.0266	0.0266	0.0266	0	0.0267	0.0266	0.0266	0.0267	0.0268	0.0266	0.0266	0.0266	0.0266	0.0266	0.0266	0.0266	0.0266	0.0266	0.0266	0.0266	0.0408	0.0266	0.0266	0.0266	0.0266	0.0266	0.0266
  N	0.0291	0.0291	0.0291	0.0291	0.0291	0.0322	0.0292	0.029	0.0407	0.0318	0.0291	0.0291	0.0291	0	0.0291	0.0291	0.0292	0.0307	0.0316	0.0291	0.0291	0.0298	0.0291	0.0291	0.0291	0.0291	0.0316	0.0291	0.0291	0.0329	0.0291	0.0291	0.0291	0.0291	0.029	0.029
  O	0.0267	0.0266	0.0267	0.0267	0.0267	0.0268	0.0267	0.0266	0.0267	0.0267	0.0268	0.0266	0.0266	0.0267	0	0.0267	0.0269	0.0275	0.0267	0.0267	0.0267	0.0267	0.0266	0.0267	0.0267	0.0267	0.0267	0.0266	0.0266	0.0402	0.0267	0.0267	0.0267	0.0267	0.0266	0.0266
  P	0.029	0.0289	0.029	0.029	0.029	0.029	0.0291	0.0289	0.029	0.029	0.029	0.0289	0.0289	0.029	0.029	0	0.0317	0.0293	0.029	0.029	0.029	0.029	0.0289	0.029	0.029	0.0445	0.029	0.0289	0.0289	0.0333	0.029	0.029	0.029	0.029	0.0289	0.0289
  Q	0.0274	0.0273	0.0274	0.0274	0.0274	0.0275	0.0275	0.0273	0.0274	0.0274	0.0275	0.0273	0.0273	0.0274	0.0275	0.0299	0	0.0281	0.0274	0.0274	0.0274	0.0274	0.0273	0.0274	0.0274	0.0299	0.0274	0.0273	0.0273	0.0385	0.0274	0.0274	0.0274	0.0274	0.0273	0.0273
  R	0.0264	0.0263	0.0264	0.0264	0.0264	0.0278	0.0265	0.0263	0.0272	0.0275	0.0271	0.0263	0.0264	0.0278	0.0271	0.0266	0.027	0	0.0274	0.0263	0.0264	0.0351	0.0264	0.0264	0.0332	0.0266	0.0274	0.0263	0.0263	0.0461	0.0264	0.0264	0.0264	0.0264	0.0263	0.0263
  S	0.0292	0.0292	0.0292	0.0292	0.0292	0.0316	0.0293	0.0292	0.0308	0.0313	0.0292	0.0292	0.0292	0.0317	0.0292	0.0293	0.0293	0.0305	0	0.0292	0.0292	0.0297	0.0292	0.0292	0.0292	0.0293	0.0426	0.0292	0.0292	0.0323	0.0292	0.0292	0.0292	0.0292	0.0292	0.0292
  T	0.0283	0.0283	0.0283	0.0283	0.0283	0.0284	0.0403	0.0283	0.0283	0.0284	0.0283	0.0283	0.0283	0.0284	0.0283	0.0284	0.0284	0.0284	0.0284	0	0.0283	0.0283	0.0283	0.0284	0.0283	0.0284	0.0284	0.0284	0.0283	0.0334	0.0314	0.0283	0.0283	0.0283	0.0283	0.0283
  U	0.0274	0.0272	0.0273	0.0273	0.0272	0.0273	0.0278	0.0272	0.0273	0.0273	0.0272	0.0272	0.0272	0.0273	0.0272	0.0273	0.0273	0.0274	0.0273	0.0272	0	0.0273	0.0273	0.0273	0.0272	0.0273	0.0273	0.0272	0.0272	0.0388	0.0272	0.0272	0.0273	0.0337	0.0272	0.0272
  V	0.0287	0.0286	0.0287	0.0287	0.0287	0.0294	0.0288	0.0286	0.0291	0.0293	0.0287	0.0286	0.0286	0.0294	0.0287	0.0287	0.0288	0.0384	0.0292	0.0287	0.0287	0	0.0286	0.0287	0.0287	0.0287	0.0292	0.0286	0.0286	0.0338	0.0287	0.0287	0.0287	0.0287	0.0286	0.0286
  W	0.0242	0.0241	0.0247	0.0242	0.0244	0.0242	0.0243	0.0241	0.0242	0.0242	0.0241	0.0241	0.0241	0.0242	0.0241	0.0242	0.0242	0.0243	0.0242	0.0241	0.0242	0.0242	0	0.0242	0.0242	0.0242	0.0242	0.0241	0.0241	0.0517	0.0242	0.0242	0.0242	0.0242	0.0241	0.0242
  X	0.0278	0.0277	0.0278	0.0278	0.0278	0.0278	0.0326	0.0277	0.0278	0.0278	0.0277	0.0277	0.0277	0.0278	0.0277	0.0278	0.0278	0.0279	0.0278	0.0277	0.0278	0.0278	0.0277	0	0.0278	0.0278	0.0278	0.0277	0.0277	0.0384	0.0278	0.0278	0.0278	0.0278	0.0277	0.0277
  Y	0.0279	0.0278	0.0279	0.0279	0.0279	0.0279	0.028	0.0278	0.0279	0.0279	0.0279	0.0278	0.0278	0.0279	0.0279	0.0279	0.0279	0.0353	0.0279	0.0278	0.0279	0.0279	0.0278	0.0279	0	0.0279	0.0279	0.0278	0.0278	0.0364	0.0279	0.0279	0.0279	0.0279	0.0278	0.0278
  Z	0.029	0.0289	0.029	0.029	0.029	0.029	0.0291	0.0289	0.029	0.029	0.029	0.0289	0.0289	0.029	0.029	0.0445	0.0317	0.0293	0.029	0.029	0.029	0.029	0.0289	0.029	0.029	0	0.029	0.0289	0.0289	0.0333	0.029	0.029	0.029	0.029	0.0289	0.0289
  [	0.0292	0.0292	0.0292	0.0292	0.0292	0.0316	0.0293	0.0292	0.0308	0.0313	0.0292	0.0292	0.0292	0.0317	0.0292	0.0293	0.0293	0.0305	0.0426	0.0292	0.0292	0.0297	0.0292	0.0292	0.0292	0.0293	0	0.0292	0.0292	0.0323	0.0292	0.0292	0.0292	0.0292	0.0292	0.0292
  \	0.0264	0.0264	0.0264	0.0264	0.0264	0.0264	0.0273	0.0263	0.0264	0.0264	0.0263	0.0264	0.0264	0.0264	0.0263	0.0264	0.0264	0.0265	0.0264	0.0264	0.0264	0.0264	0.0264	0.0264	0.0264	0.0264	0.0264	0	0.0264	0.0409	0.0266	0.0264	0.0264	0.0264	0.0263	0.0263
  ]	0.0438	0.0304	0.0299	0.029	0.029	0.0291	0.0291	0.029	0.029	0.029	0.029	0.029	0.029	0.0291	0.029	0.029	0.0291	0.0291	0.029	0.029	0.029	0.029	0.029	0.029	0.029	0.029	0.029	0.029	0	0.0316	0.029	0.029	0.029	0.029	0.029	0.029
  ^	0.0455	0.0322	0.0458	0.0408	0.0378	0.0507	0.1523	0.0449	0.0335	0.0342	0.046	0.0473	0.047	0.0348	0.0462	0.0353	0.0433	0.0538	0.034	0.0362	0.0437	0.0362	0.0655	0.0425	0.0401	0.0353	0.034	0.0475	0.0334	0	0.0424	0.0418	0.0424	0.0397	0.0446	0.0475
  _	0.0273	0.0272	0.0273	0.0273	0.0273	0.0273	0.033	0.0272	0.0273	0.0273	0.0272	0.0272	0.0272	0.0273	0.0272	0.0273	0.0273	0.0274	0.0273	0.0302	0.0273	0.0273	0.0272	0.0273	0.0273	0.0273	0.0273	0.0275	0.0272	0.0377	0	0.0273	0.0273	0.0273	0.0272	0.0272
  `	0.0276	0.0275	0.0276	0.0276	0.0276	0.0276	0.0318	0.0275	0.0276	0.0276	0.0275	0.0275	0.0275	0.0276	0.0275	0.0276	0.0276	0.0277	0.0276	0.0276	0.0276	0.0276	0.0275	0.0276	0.0276	0.0276	0.0276	0.0275	0.0275	0.0375	0.0276	0	0.0276	0.0276	0.0275	0.0275
  a	0.0278	0.0274	0.0274	0.0337	0.0274	0.0274	0.0277	0.0274	0.0274	0.0274	0.0274	0.0274	0.0274	0.0274	0.0274	0.0274	0.0274	0.0275	0.0274	0.0274	0.0275	0.0274	0.0274	0.0274	0.0274	0.0274	0.0274	0.0274	0.0274	0.0378	0.0274	0.0274	0	0.0274	0.0274	0.0274
  b	0.0281	0.028	0.0281	0.0281	0.028	0.0281	0.0284	0.028	0.0281	0.0281	0.028	0.028	0.028	0.0281	0.028	0.0281	0.0281	0.0282	0.0281	0.028	0.0347	0.0281	0.028	0.0281	0.028	0.0281	0.0281	0.028	0.028	0.0362	0.028	0.028	0.0281	0	0.028	0.028
  c	0.0268	0.0268	0.0269	0.0269	0.0269	0.0269	0.029	0.0268	0.0269	0.0269	0.0268	0.0268	0.0268	0.0269	0.0268	0.0269	0.0269	0.027	0.0269	0.0268	0.0269	0.0269	0.0268	0.0269	0.0268	0.0269	0.0269	0.0268	0.0268	0.0391	0.0268	0.0268	0.0269	0.0269	0	0.0268
  d	0.0264	0.0264	0.0264	0.0264	0.0264	0.0264	0.0265	0.0264	0.0264	0.0264	0.0264	0.0264	0.0264	0.0264	0.0264	0.0264	0.0264	0.0265	0.0264	0.0264	0.0264	0.0264	0.0264	0.0264	0.0264	0.0264	0.0264	0.0264	0.0264	0.0409	0.0264	0.0264	0.0264	0.0264	0.0264	0

