Character to attribute mapping:
  G: ?
  A: Boulder
  B: FoCo
  C: Mesa
  D: Not CO
  E: Park
  F: Weld


Substitution rate (mu): 9.784952

Equilibrium frequencies (pi_i):
  A: 0.2262
  B: 0.0907
  C: 0.1703
  D: 0.2042
  E: 0.1771
  F: 0.1315

Symmetrized rates from j->i (W_ij):
	A	B	C	D	E	F
  A	0	0.4404	0.3385	0.2099	0.3386	0.338
  B	0.4404	0	0.3036	17.5328	0.3024	0.3109
  C	0.3385	0.3036	0	0.5794	0.3385	0.3381
  D	0.2099	17.5328	0.5794	0	0.4577	1.6461
  E	0.3386	0.3024	0.3385	0.4577	0	0.3382
  F	0.338	0.3109	0.3381	1.6461	0.3382	0

Actual rates from j->i (Q_ij):
	A	B	C	D	E	F
  A	0	0.0996	0.0766	0.0475	0.0766	0.0765
  B	0.04	0	0.0276	1.5909	0.0274	0.0282
  C	0.0577	0.0517	0	0.0987	0.0577	0.0576
  D	0.0429	3.5795	0.1183	0	0.0935	0.3361
  E	0.06	0.0535	0.0599	0.081	0	0.0599
  F	0.0444	0.0409	0.0445	0.2164	0.0445	0

