Character to attribute mapping:
  G: ?
  A: Boulder
  B: FoCo
  C: Mesa
  D: Not CO
  E: Park
  F: Weld


Substitution rate (mu): 9.401722

Equilibrium frequencies (pi_i):
  A: 0.2247
  B: 0.0895
  C: 0.1695
  D: 0.2115
  E: 0.1761
  F: 0.1286

Symmetrized rates from j->i (W_ij):
	A	B	C	D	E	F
  A	0	0.4596	0.3531	0.2196	0.3532	0.3526
  B	0.4596	0	0.3168	16.7333	0.3155	0.3248
  C	0.3531	0.3168	0	0.6057	0.3532	0.3527
  D	0.2196	16.7333	0.6057	0	0.4786	1.7162
  E	0.3532	0.3155	0.3532	0.4786	0	0.3527
  F	0.3526	0.3248	0.3527	1.7162	0.3527	0

Actual rates from j->i (Q_ij):
	A	B	C	D	E	F
  A	0	0.1033	0.0794	0.0494	0.0794	0.0792
  B	0.0411	0	0.0284	1.4976	0.0282	0.0291
  C	0.0599	0.0537	0	0.1027	0.0599	0.0598
  D	0.0464	3.5388	0.1281	0	0.1012	0.3629
  E	0.0622	0.0556	0.0622	0.0843	0	0.0621
  F	0.0454	0.0418	0.0454	0.2207	0.0454	0

