Character to attribute mapping:
  w: ?
  A: AL
  B: AR
  C: ARG/B
  D: AZ
  E: BRA/ES
  F: CA
  G: CAN/QC
  H: CO
  I: COL/ANT
  J: CT
  K: DC
  L: FL
  M: GA
  N: IA
  O: ID
  P: IL
  Q: IN
  R: ISR/D
  S: KS
  T: KY
  U: LA
  V: MA
  W: MD
  X: MEX/BCN
  Y: MEX/CHH
  Z: MEX/SON
  [: MEX/TAM
  \: MI
  ]: MN
  ^: MO
  _: MS
  `: MT
  a: NC
  b: ND
  c: NE
  d: NH
  e: NJ
  f: NM
  g: NV
  h: NY
  i: OH
  j: OK
  k: OR
  l: PA
  m: SD
  n: TN
  o: TX
  p: US-VI
  q: UT
  r: VA
  s: VGB
  t: WA
  u: WI
  v: WY


Substitution rate (mu): 70.524138

Equilibrium frequencies (pi_i):
  A: 0.019
  B: 0.0193
  C: 0.026
  D: 0.013
  E: 0.026
  F: 0.0224
  G: 0.0127
  H: 0.0057
  I: 0.0262
  J: 0.0055
  K: 0.0203
  L: 0.0243
  M: 0.012
  N: 0.0252
  O: 0.0205
  P: 0.0081
  Q: 0.024
  R: 0.0264
  S: 0.0209
  T: 0.0207
  U: 0.0125
  V: 0.0222
  W: 0.0155
  X: 0.024
  Y: 0.0242
  Z: 0.0266
  [: 0.0263
  \: 0.0183
  ]: 0.0056
  ^: 0.0203
  _: 0.018
  `: 0.0173
  a: 0.0138
  b: 0.0218
  c: 0.0185
  d: 0.0097
  e: 0.0179
  f: 0.0212
  g: 0.0168
  h: 0.0055
  i: 0.011
  j: 0.0204
  k: 0.0224
  l: 0.0171
  m: 0.0149
  n: 0.0251
  o: 0.0063
  p: 0.024
  q: 0.0246
  r: 0.0113
  s: 0.0262
  t: 0.0248
  u: 0.0133
  v: 0.0245

Symmetrized rates from j->i (W_ij):
	A	B	C	D	E	F	G	H	I	J	K	L	M	N	O	P	Q	R	S	T	U	V	W	X	Y	Z	[	\	]	^	_	`	a	b	c	d	e	f	g	h	i	j	k	l	m	n	o	p	q	r	s	t	u	v
  A	0	0.9573	0.9554	0.9549	0.9552	0.9395	0.9554	0.9416	0.9552	1.2692	0.9555	0.956	1.6544	0.9552	0.9551	0.9618	0.9552	0.9556	0.9553	0.9552	0.9549	0.9552	0.9557	0.9552	0.9552	0.9552	0.9553	0.9556	0.9541	0.9552	0.9554	0.9555	0.9556	0.9555	0.9554	0.9548	1.1611	0.9554	0.9552	3.15	0.9557	0.9556	0.9552	0.9568	0.9558	0.9554	0.9535	0.9552	0.9552	0.9555	0.9552	0.955	0.9567	0.9552
  B	0.9573	0	0.9555	0.9551	0.9616	0.9395	0.9556	0.9432	0.9554	0.9985	0.961	0.9673	1.2354	0.9554	0.9552	1.2233	0.9554	0.9557	0.9555	0.9554	0.9551	0.9554	0.9721	0.9554	0.9554	0.9554	0.9556	0.9557	1.1276	0.9554	0.9566	0.9558	0.9558	0.9558	0.9556	0.9551	0.9564	0.9556	0.9554	3.1242	0.9569	0.9558	0.9553	0.9556	1.1741	0.9555	0.9543	0.9554	0.9554	0.9674	0.9554	0.9551	1.3407	0.9553
  C	0.9554	0.9555	0	0.9549	0.9553	0.9339	0.9553	0.9373	0.9553	1.2398	0.9553	0.9556	0.9555	0.9553	0.9551	0.9551	0.9552	0.9557	0.9553	0.9552	0.9546	0.9552	0.9555	0.9553	0.9553	0.9552	0.9554	0.9554	0.9537	0.9551	0.9555	0.9555	0.9556	0.9555	0.9554	0.9545	0.9555	0.9556	0.9553	0.9488	0.9549	0.9555	0.9552	0.9553	0.9559	0.9553	1.1887	0.9552	0.9553	0.9549	0.9553	0.9549	0.9558	0.9553
  D	0.9549	0.9551	0.9549	0	0.9547	5.3109	0.9551	2.1743	0.9547	0.9548	0.9548	0.9549	0.9553	0.9547	0.9573	0.9555	0.9547	0.9548	1.3975	0.9548	0.9548	0.9548	0.9551	0.955	0.9548	0.9547	0.9549	0.955	2.5601	0.9549	0.955	0.9718	0.9564	0.9554	0.9552	0.9549	0.955	1.8279	1.7262	1.3048	0.955	0.9551	0.9551	0.9549	1.2402	0.9547	2.8891	0.9548	1.2187	0.9548	0.9547	0.9546	1.0441	0.9548
  E	0.9552	0.9616	0.9553	0.9547	0	0.9338	0.9551	0.9359	0.9552	0.9536	0.9551	0.9619	0.9555	0.9552	0.955	0.9557	0.9552	0.9555	0.9552	0.9552	0.9545	0.9552	0.9707	0.9552	0.9551	0.9552	0.9553	0.9553	0.9526	0.955	0.9554	0.9554	0.9554	0.9553	0.9552	0.9544	0.9554	0.9554	0.9553	1.0376	0.9551	0.9553	0.9552	0.9552	0.9555	0.9552	0.9524	0.9552	0.9552	1.012	0.9552	0.9549	1.2461	0.9552
  F	0.9395	0.9395	0.9339	5.3109	0.9338	0	0.9448	2.4577	0.9335	0.9493	0.9383	0.9354	0.9455	0.9344	2.2869	0.9489	0.9353	0.9336	0.9385	0.9379	0.9445	0.9367	0.9425	1.4043	0.9352	0.9332	0.9338	0.9401	2.1359	0.9383	0.9405	0.9423	1.4164	0.9377	0.9401	0.9469	0.9404	1.8909	3.5009	1.4199	0.9461	0.9386	2.0632	0.941	1.0564	0.9344	2.5817	0.9354	1.1806	0.9453	0.9335	0.9349	1.7945	0.9349
  G	0.9554	0.9556	0.9553	0.9551	0.9551	0.9448	0	3.9621	0.955	1.0513	0.9555	0.9556	0.9561	0.9551	0.955	1.4757	0.9551	0.9553	0.9553	0.9552	1.316	0.9551	0.9567	0.9551	0.9551	0.955	0.9551	0.9556	0.959	0.9553	0.9556	0.9558	0.9577	0.9557	0.9556	1.7542	0.9557	0.9554	0.9551	5.6347	1.0642	0.9557	0.955	0.9555	0.9567	0.9551	1.5683	0.9552	0.9551	1.1977	0.955	0.9549	0.9561	0.9551
  H	0.9416	0.9432	0.9373	2.1743	0.9359	2.4577	3.9621	0	0.9357	1.4747	0.9409	0.9401	1.1469	0.9367	0.94	10.4288	0.9373	0.9357	0.972	0.9399	6.9409	0.9509	0.9449	0.9374	0.9378	0.9353	0.9357	0.9426	2.1935	0.941	1.8898	1.2289	1.2301	1.1361	1.7622	10.2846	0.943	1.2001	0.943	29.8742	6.308	1.006	0.9386	1.0721	2.523	0.9366	27.7842	1.1909	1.0098	0.9539	0.9357	1.4036	0.9596	1.2913
  I	0.9552	0.9554	0.9553	0.9547	0.9552	0.9335	0.955	0.9357	0	0.9526	0.955	0.9554	0.9552	0.9551	0.955	0.9548	0.9551	0.9554	0.9552	0.9551	0.9545	0.9551	0.9553	0.9552	0.9551	0.9551	0.9553	0.9553	0.9524	0.955	0.9553	0.9554	0.9553	0.9553	0.9552	0.9544	0.9553	0.9554	0.9552	0.9357	0.9548	0.9553	0.9551	0.9551	0.9554	0.9551	0.9522	0.9551	0.9552	0.9545	0.9551	0.9548	0.9555	0.9551
  J	1.2692	0.9985	1.2398	0.9548	0.9536	0.9493	1.0513	1.4747	0.9526	0	2.3129	1.7403	1.3647	0.9533	0.9531	1.338	0.9529	1.3819	1.3822	0.9538	1.1169	0.9533	1.4042	0.953	0.9536	0.9525	0.9528	1.4343	1.5192	0.9548	1.1938	0.9567	1.9291	0.9576	1.0907	0.9557	1.5713	1.1108	0.9537	46.2128	0.9822	1.2337	0.9529	1.3101	1.0684	1.609	1.445	0.9531	0.953	2.7858	0.9526	0.9526	1.0206	0.9527
  K	0.9555	0.961	0.9553	0.9548	0.9551	0.9383	0.9555	0.9409	0.955	2.3129	0	0.9556	0.9561	0.9551	0.955	0.9558	0.9551	0.9557	0.9553	0.9552	0.9549	0.9551	1.7182	0.9551	0.9551	0.955	0.9552	1.0373	0.989	0.9552	0.9555	0.9556	0.9557	0.9555	0.9554	0.9548	1.225	0.9554	0.9552	2.7342	0.9559	0.9555	0.9551	1.4344	0.9559	0.9551	0.9537	0.9551	0.9551	1.136	0.955	0.9548	0.9561	0.955
  L	0.956	0.9673	0.9556	0.9549	0.9619	0.9354	0.9556	0.9401	0.9554	1.7403	0.9556	0	1.4532	0.9554	0.9552	1.2459	0.9554	0.956	0.9555	0.9554	0.955	0.9554	1.2626	0.9554	0.9553	0.9554	0.9555	0.9557	0.9645	0.9554	0.956	0.9558	0.9558	0.9557	0.9776	0.955	0.9567	0.9556	0.9555	1.6652	1.4128	0.9566	0.9553	0.9559	0.9562	0.9555	0.9535	0.9554	0.9554	0.9714	0.9554	0.9551	1.3981	0.9553
  M	1.6544	1.2354	0.9555	0.9553	0.9555	0.9455	0.9561	1.1469	0.9552	1.3647	0.9561	1.4532	0	0.9553	0.9552	1.0842	0.9553	0.9557	0.9555	0.9554	0.9614	0.9553	1.0134	0.9553	0.9553	0.9552	0.9553	0.956	1.0446	0.9555	0.9558	0.9558	0.956	0.956	0.9559	0.9555	1.2696	0.9556	0.9553	9.4909	1.5421	0.9561	0.9552	0.9557	1.3024	1.4314	1.5848	0.9553	0.9553	1.6058	0.9552	0.9551	1.0794	0.9552
  N	0.9552	0.9554	0.9553	0.9547	0.9552	0.9344	0.9551	0.9367	0.9551	0.9533	0.9551	0.9554	0.9553	0	0.955	0.9556	0.9551	0.9554	0.9552	0.9551	0.9545	0.9551	0.9553	0.9552	0.9551	0.9551	0.9553	0.9553	1.2226	0.9551	0.9553	0.9555	0.9554	0.9554	0.9552	0.9544	0.9553	0.9554	0.9552	1.1423	0.9548	0.9554	0.9551	0.9551	0.9556	0.9551	0.9527	0.9552	0.9552	0.9546	0.9551	0.9548	0.9556	0.9551
  O	0.9551	0.9552	0.9551	0.9573	0.955	2.2869	0.955	0.94	0.955	0.9531	0.955	0.9552	0.9552	0.955	0	0.9549	0.955	0.9553	0.9551	0.955	0.9545	0.955	0.9552	0.9551	0.955	0.955	0.9551	0.9552	0.9531	0.955	0.9552	0.9553	1.4338	0.9552	0.9551	0.9545	0.9552	0.9555	0.9553	0.9399	0.9548	0.9552	1.6801	0.955	0.9553	0.955	0.9529	0.955	0.9553	0.9546	0.955	1.1763	0.9555	0.955
  P	0.9618	1.2233	0.9551	0.9555	0.9557	0.9489	1.4757	10.4288	0.9548	1.338	0.9558	1.2459	1.0842	0.9556	0.9549	0	0.9549	0.9553	0.9555	0.9582	1.1876	0.9551	0.9828	0.9551	0.9551	0.9548	0.9551	0.9559	3.4757	0.9795	1.221	0.9563	0.9568	0.957	1.0559	2.1974	0.9562	0.9557	0.9551	14.9842	1.0038	1.1903	0.9549	1.1394	0.9744	0.9551	1.1165	0.9555	0.955	0.9581	0.9548	0.9561	1.6261	0.9549
  Q	0.9552	0.9554	0.9552	0.9547	0.9552	0.9353	0.9551	0.9373	0.9551	0.9529	0.9551	0.9554	0.9553	0.9551	0.955	0.9549	0	0.9554	0.9552	0.9551	0.9545	0.9551	0.9553	0.9552	0.9551	0.9551	0.9553	0.9553	0.9527	0.955	0.9553	0.9554	0.9553	0.9553	0.9552	0.9545	0.9553	0.9554	0.9552	1.4058	0.9548	0.9553	0.9551	0.9551	0.9554	0.9551	0.9525	0.9552	0.9552	0.9546	0.9551	0.9549	0.9555	0.9551
  R	0.9556	0.9557	0.9557	0.9548	0.9555	0.9336	0.9553	0.9357	0.9554	1.3819	0.9557	0.956	0.9557	0.9554	0.9553	0.9553	0.9554	0	0.9555	0.9554	0.9547	0.9554	0.9557	0.9554	0.9554	0.9554	0.9556	0.9556	0.9528	0.9553	0.9557	0.9557	0.9558	0.9555	0.9555	0.9545	0.9558	0.9557	0.9554	0.9467	0.955	0.9557	0.9554	0.9555	0.9558	0.9557	0.9525	0.9554	0.9555	0.9552	0.9554	0.9551	0.9559	0.9554
  S	0.9553	0.9555	0.9553	1.3975	0.9552	0.9385	0.9553	0.972	0.9552	1.3822	0.9553	0.9555	0.9555	0.9552	0.9551	0.9555	0.9552	0.9555	0	0.9552	0.9548	0.9552	0.9555	0.9553	0.9552	0.9552	0.9554	0.959	1.754	0.9552	0.9561	0.9557	1.2028	0.9558	0.9554	0.9547	0.9555	0.9741	0.9553	2.3846	0.955	0.9556	0.9552	0.9552	0.9577	0.9552	0.9679	0.9552	0.9553	0.9571	0.9552	0.9549	0.9558	0.9552
  T	0.9552	0.9554	0.9552	0.9548	0.9552	0.9379	0.9552	0.9399	0.9551	0.9538	0.9552	0.9554	0.9554	0.9551	0.955	0.9582	0.9551	0.9554	0.9552	0	0.9547	0.9551	0.9554	0.9552	0.9551	0.9551	0.9553	0.9554	0.9608	0.9565	0.9553	0.9554	0.9554	0.9554	0.9552	0.9546	0.9554	0.9554	0.9552	2.3394	0.9549	0.9554	0.9551	0.9551	0.9555	0.9551	0.953	0.9552	0.9552	0.9548	0.9551	0.9549	0.9556	0.9551
  U	0.9549	0.9551	0.9546	0.9548	0.9545	0.9445	1.316	6.9409	0.9545	1.1169	0.9549	0.955	0.9614	0.9545	0.9545	1.1876	0.9545	0.9547	0.9548	0.9547	0	0.9546	0.9552	0.9545	0.9545	0.9544	0.9545	0.955	0.9577	0.9547	0.9558	0.9554	0.9557	0.9551	0.9551	1.9928	0.9553	0.955	0.9548	3.3581	3.1217	0.9551	0.9546	0.955	0.9555	0.9545	1.063	0.9547	0.9546	0.9563	0.9545	0.9544	0.9573	0.9546
  V	0.9552	0.9554	0.9552	0.9548	0.9552	0.9367	0.9551	0.9509	0.9551	0.9533	0.9551	0.9554	0.9553	0.9551	0.955	0.9551	0.9551	0.9554	0.9552	0.9551	0.9546	0	0.9565	0.9552	0.9551	0.9551	0.9553	0.9553	0.9531	0.9551	0.9553	0.9554	0.9553	0.9554	0.9552	0.9546	0.9554	0.9554	0.9552	1.8646	0.9553	0.9553	0.9551	0.9551	0.9555	0.9551	0.9529	0.9552	0.9552	0.9548	0.9551	0.9549	0.9556	0.9551
  W	0.9557	0.9721	0.9555	0.9551	0.9707	0.9425	0.9567	0.9449	0.9553	1.4042	1.7182	1.2626	1.0134	0.9553	0.9552	0.9828	0.9553	0.9557	0.9555	0.9554	0.9552	0.9565	0	0.9553	0.9553	0.9553	0.9554	0.956	0.958	0.9555	0.956	0.9557	0.9559	0.9559	0.9558	0.9551	0.9562	0.9555	0.9554	5.5502	0.9583	0.9559	0.9553	0.9557	1.0045	0.9554	0.9544	0.9553	0.9553	1.7036	0.9553	0.9551	1.1267	0.9553
  X	0.9552	0.9554	0.9553	0.955	0.9552	1.4043	0.9551	0.9374	0.9552	0.953	0.9551	0.9554	0.9553	0.9552	0.9551	0.9551	0.9552	0.9554	0.9553	0.9552	0.9545	0.9552	0.9553	0	0.9552	1.434	1.2792	0.9553	1.2599	0.9552	0.9553	0.9557	0.9555	0.9557	0.9554	0.9545	0.9553	0.9556	0.9553	0.9397	0.9548	0.9555	0.9552	0.9551	0.9558	0.9552	0.9528	0.9552	0.9553	0.9546	0.9552	0.9549	0.9556	0.9552
  Y	0.9552	0.9554	0.9553	0.9548	0.9551	0.9352	0.9551	0.9378	0.9551	0.9536	0.9551	0.9553	0.9553	0.9551	0.955	0.9551	0.9551	0.9554	0.9552	0.9551	0.9545	0.9551	0.9553	0.9552	0	0.9551	0.9553	0.9553	1.0818	0.955	0.9553	0.9555	0.9554	0.9554	0.9552	0.9545	0.9553	0.9554	0.9552	1.2719	0.9548	0.9553	0.9551	0.9551	0.9556	0.9551	1.4352	0.9551	0.9552	0.9547	0.9551	0.9548	0.9556	0.9551
  Z	0.9552	0.9554	0.9552	0.9547	0.9552	0.9332	0.955	0.9353	0.9551	0.9525	0.955	0.9554	0.9552	0.9551	0.955	0.9548	0.9551	0.9554	0.9552	0.9551	0.9544	0.9551	0.9553	1.434	0.9551	0	0.9554	0.9553	0.9524	0.955	0.9553	0.9554	0.9553	0.9553	0.9552	0.9544	0.9553	0.9554	0.9552	0.9353	0.9547	0.9553	0.9551	0.9551	0.9554	0.9551	0.9522	0.9551	0.9552	0.9545	0.9551	0.9548	0.9555	0.9551
  [	0.9553	0.9556	0.9554	0.9549	0.9553	0.9338	0.9551	0.9357	0.9553	0.9528	0.9552	0.9555	0.9553	0.9553	0.9551	0.9551	0.9553	0.9556	0.9554	0.9553	0.9545	0.9553	0.9554	1.2792	0.9553	0.9554	0	0.9554	1.2598	0.9553	0.9554	0.9558	0.9556	0.9558	0.9555	0.9544	0.9554	0.9557	0.9553	0.938	0.9549	0.9556	0.9553	0.9552	0.9559	0.9553	0.9526	0.9553	0.9554	0.9546	0.9553	0.955	0.9556	0.9553
  \	0.9556	0.9557	0.9554	0.955	0.9553	0.9401	0.9556	0.9426	0.9553	1.4343	1.0373	0.9557	0.956	0.9553	0.9552	0.9559	0.9553	0.9556	0.959	0.9554	0.955	0.9553	0.956	0.9553	0.9553	0.9553	0.9554	0	1.1038	1.1823	0.9558	0.9557	0.9559	0.9558	0.9698	0.955	1.0505	0.9555	0.9553	3.4153	0.9554	0.9617	0.9552	0.9557	0.9559	0.9553	0.9541	0.9553	0.9553	0.9566	0.9553	0.955	0.956	0.9553
  ]	0.9541	1.1276	0.9537	2.5601	0.9526	2.1359	0.959	2.1935	0.9524	1.5192	0.989	0.9645	1.0446	1.2226	0.9531	3.4757	0.9527	0.9528	1.754	0.9608	0.9577	0.9531	0.958	1.2599	1.0818	0.9524	1.2598	1.1038	0	1.7146	0.969	2.8969	1.7699	3.6096	2.6646	0.9557	0.9866	1.9262	1.166	38.2364	1.1431	1.9286	0.9529	0.9545	4.3204	0.9535	7.4406	0.953	1.4454	0.9608	0.9524	0.9525	0.9733	0.9526
  ^	0.9552	0.9554	0.9551	0.9549	0.955	0.9383	0.9553	0.941	0.955	0.9548	0.9552	0.9554	0.9555	0.9551	0.955	0.9795	0.955	0.9553	0.9552	0.9565	0.9547	0.9551	0.9555	0.9552	0.955	0.955	0.9553	1.1823	1.7146	0	0.9553	0.9556	0.9556	0.9555	0.9553	0.9547	0.9555	0.9554	0.9551	2.6075	0.955	0.9554	0.955	0.9552	0.9558	0.955	1.2097	0.9551	0.9551	0.9551	0.955	0.9548	0.9557	0.955
  _	0.9554	0.9566	0.9555	0.955	0.9554	0.9405	0.9556	1.8898	0.9553	1.1938	0.9555	0.956	0.9558	0.9553	0.9552	1.221	0.9553	0.9557	0.9561	0.9553	0.9558	0.9553	0.956	0.9553	0.9553	0.9553	0.9554	0.9558	0.969	0.9553	0	0.9557	0.9557	0.9556	0.9555	0.9551	0.9556	0.9556	0.9553	2.7374	0.9557	0.9556	0.9553	0.9555	0.956	0.9553	1.1721	0.9553	0.9553	1.2096	0.9553	0.9551	1.1531	0.9553
  `	0.9555	0.9558	0.9555	0.9718	0.9554	0.9423	0.9558	1.2289	0.9554	0.9567	0.9556	0.9558	0.9558	0.9555	0.9553	0.9563	0.9554	0.9557	0.9557	0.9554	0.9554	0.9554	0.9557	0.9557	0.9555	0.9554	0.9558	0.9557	2.8969	0.9556	0.9557	0	1.2474	1.161	0.9559	0.9554	0.9557	1.0646	0.9556	3.9242	0.9556	0.9561	0.9554	0.9554	1.1993	0.9554	1.0003	0.9555	0.9555	0.9553	0.9554	0.9552	0.9559	0.9554
  a	0.9556	0.9558	0.9556	0.9564	0.9554	1.4164	0.9577	1.2301	0.9553	1.9291	0.9557	0.9558	0.956	0.9554	1.4338	0.9568	0.9553	0.9558	1.2028	0.9554	0.9557	0.9553	0.9559	0.9555	0.9554	0.9553	0.9556	0.9559	1.7699	0.9556	0.9557	1.2474	0	1.1721	0.9559	0.9556	0.956	0.956	0.9554	6.4609	0.9558	0.9562	0.9554	0.9556	0.9568	0.9554	1.1318	0.9554	0.9554	0.9595	0.9553	0.9552	0.9561	0.9553
  b	0.9555	0.9558	0.9555	0.9554	0.9553	0.9377	0.9557	1.1361	0.9553	0.9576	0.9555	0.9557	0.956	0.9554	0.9552	0.957	0.9553	0.9555	0.9558	0.9554	0.9551	0.9554	0.9559	0.9557	0.9554	0.9553	0.9558	0.9558	3.6096	0.9555	0.9556	1.161	1.1721	0	0.9598	0.9551	0.9558	0.9559	0.9554	2.1191	0.9556	1.2099	0.9553	0.9556	0.9595	0.9553	1.9121	0.9553	0.9554	1.4089	0.9553	0.955	0.9562	0.9553
  c	0.9554	0.9556	0.9554	0.9552	0.9552	0.9401	0.9556	1.7622	0.9552	1.0907	0.9554	0.9776	0.9559	0.9552	0.9551	1.0559	0.9552	0.9555	0.9554	0.9552	0.9551	0.9552	0.9558	0.9554	0.9552	0.9552	0.9555	0.9698	2.6646	0.9553	0.9555	0.9559	0.9559	0.9598	0	0.9551	0.9556	0.9556	0.9552	2.6968	0.9555	0.9731	0.9552	0.9554	0.9562	0.9552	1.5	0.9552	0.9553	1.1534	0.9552	0.955	0.9561	0.9552
  d	0.9548	0.9551	0.9545	0.9549	0.9544	0.9469	1.7542	10.2846	0.9544	0.9557	0.9548	0.955	0.9555	0.9544	0.9545	2.1974	0.9545	0.9545	0.9547	0.9546	1.9928	0.9546	0.9551	0.9545	0.9545	0.9544	0.9544	0.955	0.9557	0.9547	0.9551	0.9554	0.9556	0.9551	0.9551	0	0.9551	0.955	0.9547	4.577	1.515	0.9551	0.9545	0.9549	0.9555	0.9544	1.2103	0.9547	0.9545	0.9554	0.9544	0.9544	0.9556	0.9545
  e	1.1611	0.9564	0.9555	0.955	0.9554	0.9404	0.9557	0.943	0.9553	1.5713	1.225	0.9567	1.2696	0.9553	0.9552	0.9562	0.9553	0.9558	0.9555	0.9554	0.9553	0.9554	0.9562	0.9553	0.9553	0.9553	0.9554	1.0505	0.9866	0.9555	0.9556	0.9557	0.956	0.9558	0.9556	0.9551	0	0.9556	0.9553	3.9733	1.2197	0.9558	0.9553	1.8933	0.9561	0.9554	0.9541	0.9553	0.9553	0.9692	0.9553	0.9551	0.9561	0.9553
  f	0.9554	0.9556	0.9556	1.8279	0.9554	1.8909	0.9554	1.2001	0.9554	1.1108	0.9554	0.9556	0.9556	0.9554	0.9555	0.9557	0.9554	0.9557	0.9741	0.9554	0.955	0.9554	0.9555	0.9556	0.9554	0.9554	0.9557	0.9555	1.9262	0.9554	0.9556	1.0646	0.956	0.9559	0.9556	0.955	0.9556	0	1.024	1.1106	0.9553	0.9557	0.9556	0.9554	1.0379	0.9554	1.0237	0.9554	0.9557	0.955	0.9554	0.9552	0.9561	0.9554
  g	0.9552	0.9554	0.9553	1.7262	0.9553	3.5009	0.9551	0.943	0.9552	0.9537	0.9552	0.9555	0.9553	0.9552	0.9553	0.9551	0.9552	0.9554	0.9553	0.9552	0.9548	0.9552	0.9554	0.9553	0.9552	0.9552	0.9553	0.9553	1.166	0.9551	0.9553	0.9556	0.9554	0.9554	0.9552	0.9547	0.9553	1.024	0	1.4176	0.955	0.9553	0.9554	0.9552	0.9557	0.9552	0.9538	0.9552	0.9555	0.9549	0.9552	0.955	1.1109	0.9552
  h	3.15	3.1242	0.9488	1.3048	1.0376	1.4199	5.6347	29.8742	0.9357	46.2128	2.7342	1.6652	9.4909	1.1423	0.9399	14.9842	1.4058	0.9467	2.3846	2.3394	3.3581	1.8646	5.5502	0.9397	1.2719	0.9353	0.938	3.4153	38.2364	2.6075	2.7374	3.9242	6.4609	2.1191	2.6968	4.577	3.9733	1.1106	1.4176	0	6.6417	2.5518	0.9384	4.2194	4.7934	1.2353	14.18	1.1569	0.9744	10.9459	0.9357	0.9368	6.6766	0.9374
  i	0.9557	0.9569	0.9549	0.955	0.9551	0.9461	1.0642	6.308	0.9548	0.9822	0.9559	1.4128	1.5421	0.9548	0.9548	1.0038	0.9548	0.955	0.955	0.9549	3.1217	0.9553	0.9583	0.9548	0.9548	0.9547	0.9549	0.9554	1.1431	0.955	0.9557	0.9556	0.9558	0.9556	0.9555	1.515	1.2197	0.9553	0.955	6.6417	0	0.9554	0.9548	0.9554	0.956	0.9549	1.1094	0.9551	0.9549	2.1982	0.9548	0.9547	0.9742	0.9548
  j	0.9556	0.9558	0.9555	0.9551	0.9553	0.9386	0.9557	1.006	0.9553	1.2337	0.9555	0.9566	0.9561	0.9554	0.9552	1.1903	0.9553	0.9557	0.9556	0.9554	0.9551	0.9553	0.9559	0.9555	0.9553	0.9553	0.9556	0.9617	1.9286	0.9554	0.9556	0.9561	0.9562	1.2099	0.9731	0.9551	0.9558	0.9557	0.9553	2.5518	0.9554	0	0.9553	0.9556	0.9627	0.9554	1.0526	0.9553	0.9576	0.9558	0.9553	0.955	0.9578	0.9553
  k	0.9552	0.9553	0.9552	0.9551	0.9552	2.0632	0.955	0.9386	0.9551	0.9529	0.9551	0.9553	0.9552	0.9551	1.6801	0.9549	0.9551	0.9554	0.9552	0.9551	0.9546	0.9551	0.9553	0.9552	0.9551	0.9551	0.9553	0.9552	0.9529	0.955	0.9553	0.9554	0.9554	0.9553	0.9552	0.9545	0.9553	0.9556	0.9554	0.9384	0.9548	0.9553	0	0.9551	0.9554	0.9551	0.9527	0.9551	0.9553	0.9546	0.9551	2.3398	0.9556	0.9551
  l	0.9568	0.9556	0.9553	0.9549	0.9552	0.941	0.9555	1.0721	0.9551	1.3101	1.4344	0.9559	0.9557	0.9551	0.955	1.1394	0.9551	0.9555	0.9552	0.9551	0.955	0.9551	0.9557	0.9551	0.9551	0.9551	0.9552	0.9557	0.9545	0.9552	0.9555	0.9554	0.9556	0.9556	0.9554	0.9549	1.8933	0.9554	0.9552	4.2194	0.9554	0.9556	0.9551	0	0.9557	0.9552	0.9537	0.9552	0.9552	1.2099	0.9551	0.9549	0.9558	0.9551
  m	0.9558	1.1741	0.9559	1.2402	0.9555	1.0564	0.9567	2.523	0.9554	1.0684	0.9559	0.9562	1.3024	0.9556	0.9553	0.9744	0.9554	0.9558	0.9577	0.9555	0.9555	0.9555	1.0045	0.9558	0.9556	0.9554	0.9559	0.9559	4.3204	0.9558	0.956	1.1993	0.9568	0.9595	0.9562	0.9555	0.9561	1.0379	0.9557	4.7934	0.956	0.9627	0.9554	0.9557	0	0.9556	2.8192	0.9555	0.9624	0.9563	0.9554	0.9552	1.2455	0.9555
  n	0.9554	0.9555	0.9553	0.9547	0.9552	0.9344	0.9551	0.9366	0.9551	1.609	0.9551	0.9555	1.4314	0.9551	0.955	0.9551	0.9551	0.9557	0.9552	0.9551	0.9545	0.9551	0.9554	0.9552	0.9551	0.9551	0.9553	0.9553	0.9535	0.955	0.9553	0.9554	0.9554	0.9553	0.9552	0.9544	0.9554	0.9554	0.9552	1.2353	0.9549	0.9554	0.9551	0.9552	0.9556	0	0.9526	0.9551	0.9552	0.9549	0.9551	0.9548	0.9556	0.9551
  o	0.9535	0.9543	1.1887	2.8891	0.9524	2.5817	1.5683	27.7842	0.9522	1.445	0.9537	0.9535	1.5848	0.9527	0.9529	1.1165	0.9525	0.9525	0.9679	0.953	1.063	0.9529	0.9544	0.9528	1.4352	0.9522	0.9526	0.9541	7.4406	1.2097	1.1721	1.0003	1.1318	1.9121	1.5	1.2103	0.9541	1.0237	0.9538	14.18	1.1094	1.0526	0.9527	0.9537	2.8192	0.9526	0	0.9537	1.3054	1.0198	0.9522	0.9525	1.724	1.0726
  p	0.9552	0.9554	0.9552	0.9548	0.9552	0.9354	0.9552	1.1909	0.9551	0.9531	0.9551	0.9554	0.9553	0.9552	0.955	0.9555	0.9552	0.9554	0.9552	0.9552	0.9547	0.9552	0.9553	0.9552	0.9551	0.9551	0.9553	0.9553	0.953	0.9551	0.9553	0.9555	0.9554	0.9553	0.9552	0.9547	0.9553	0.9554	0.9552	1.1569	0.9551	0.9553	0.9551	0.9552	0.9555	0.9551	0.9537	0	0.9552	0.9547	0.9551	0.9549	0.9556	0.9552
  q	0.9552	0.9554	0.9553	1.2187	0.9552	1.1806	0.9551	1.0098	0.9552	0.953	0.9551	0.9554	0.9553	0.9552	0.9553	0.955	0.9552	0.9555	0.9553	0.9552	0.9546	0.9552	0.9553	0.9553	0.9552	0.9552	0.9554	0.9553	1.4454	0.9551	0.9553	0.9555	0.9554	0.9554	0.9553	0.9545	0.9553	0.9557	0.9555	0.9744	0.9549	0.9576	0.9553	0.9552	0.9624	0.9552	1.3054	0.9552	0	0.9546	0.9552	0.9549	0.9557	0.9552
  r	0.9555	0.9674	0.9549	0.9548	1.012	0.9453	1.1977	0.9539	0.9545	2.7858	1.136	0.9714	1.6058	0.9546	0.9546	0.9581	0.9546	0.9552	0.9571	0.9548	0.9563	0.9548	1.7036	0.9546	0.9547	0.9545	0.9546	0.9566	0.9608	0.9551	1.2096	0.9553	0.9595	1.4089	1.1534	0.9554	0.9692	0.955	0.9549	10.9459	2.1982	0.9558	0.9546	1.2099	0.9563	0.9549	1.0198	0.9547	0.9546	0	0.9545	0.9544	1.3351	0.9546
  s	0.9552	0.9554	0.9553	0.9547	0.9552	0.9335	0.955	0.9357	0.9551	0.9526	0.955	0.9554	0.9552	0.9551	0.955	0.9548	0.9551	0.9554	0.9552	0.9551	0.9545	0.9551	0.9553	0.9552	0.9551	0.9551	0.9553	0.9553	0.9524	0.955	0.9553	0.9554	0.9553	0.9553	0.9552	0.9544	0.9553	0.9554	0.9552	0.9357	0.9548	0.9553	0.9551	0.9551	0.9554	0.9551	0.9522	0.9551	0.9552	0.9545	0	0.9548	0.9555	0.9551
  t	0.955	0.9551	0.9549	0.9546	0.9549	0.9349	0.9549	1.4036	0.9548	0.9526	0.9548	0.9551	0.9551	0.9548	1.1763	0.9561	0.9549	0.9551	0.9549	0.9549	0.9544	0.9549	0.9551	0.9549	0.9548	0.9548	0.955	0.955	0.9525	0.9548	0.9551	0.9552	0.9552	0.955	0.955	0.9544	0.9551	0.9552	0.955	0.9368	0.9547	0.955	2.3398	0.9549	0.9552	0.9548	0.9525	0.9549	0.9549	0.9544	0.9548	0	0.9554	0.9549
  u	0.9567	1.3407	0.9558	1.0441	1.2461	1.7945	0.9561	0.9596	0.9555	1.0206	0.9561	1.3981	1.0794	0.9556	0.9555	1.6261	0.9555	0.9559	0.9558	0.9556	0.9573	0.9556	1.1267	0.9556	0.9556	0.9555	0.9556	0.956	0.9733	0.9557	1.1531	0.9559	0.9561	0.9562	0.9561	0.9556	0.9561	0.9561	1.1109	6.6766	0.9742	0.9578	0.9556	0.9558	1.2455	0.9556	1.724	0.9556	0.9557	1.3351	0.9555	0.9554	0	0.9555
  v	0.9552	0.9553	0.9553	0.9548	0.9552	0.9349	0.9551	1.2913	0.9551	0.9527	0.955	0.9553	0.9552	0.9551	0.955	0.9549	0.9551	0.9554	0.9552	0.9551	0.9546	0.9551	0.9553	0.9552	0.9551	0.9551	0.9553	0.9553	0.9526	0.955	0.9553	0.9554	0.9553	0.9553	0.9552	0.9545	0.9553	0.9554	0.9552	0.9374	0.9548	0.9553	0.9551	0.9551	0.9555	0.9551	1.0726	0.9552	0.9552	0.9546	0.9551	0.9549	0.9555	0

Actual rates from j->i (Q_ij):
	A	B	C	D	E	F	G	H	I	J	K	L	M	N	O	P	Q	R	S	T	U	V	W	X	Y	Z	[	\	]	^	_	`	a	b	c	d	e	f	g	h	i	j	k	l	m	n	o	p	q	r	s	t	u	v
  A	0	0.0181	0.0181	0.0181	0.0181	0.0178	0.0181	0.0178	0.0181	0.0241	0.0181	0.0181	0.0314	0.0181	0.0181	0.0182	0.0181	0.0181	0.0181	0.0181	0.0181	0.0181	0.0181	0.0181	0.0181	0.0181	0.0181	0.0181	0.0181	0.0181	0.0181	0.0181	0.0181	0.0181	0.0181	0.0181	0.022	0.0181	0.0181	0.0597	0.0181	0.0181	0.0181	0.0181	0.0181	0.0181	0.0181	0.0181	0.0181	0.0181	0.0181	0.0181	0.0181	0.0181
  B	0.0185	0	0.0184	0.0184	0.0186	0.0181	0.0184	0.0182	0.0184	0.0193	0.0185	0.0187	0.0238	0.0184	0.0184	0.0236	0.0184	0.0184	0.0184	0.0184	0.0184	0.0184	0.0188	0.0184	0.0184	0.0184	0.0184	0.0184	0.0218	0.0184	0.0185	0.0184	0.0184	0.0184	0.0184	0.0184	0.0185	0.0184	0.0184	0.0603	0.0185	0.0184	0.0184	0.0184	0.0227	0.0184	0.0184	0.0184	0.0184	0.0187	0.0184	0.0184	0.0259	0.0184
  C	0.0249	0.0249	0	0.0249	0.0249	0.0243	0.0249	0.0244	0.0249	0.0323	0.0249	0.0249	0.0249	0.0249	0.0249	0.0249	0.0249	0.0249	0.0249	0.0249	0.0249	0.0249	0.0249	0.0249	0.0249	0.0249	0.0249	0.0249	0.0248	0.0249	0.0249	0.0249	0.0249	0.0249	0.0249	0.0249	0.0249	0.0249	0.0249	0.0247	0.0249	0.0249	0.0249	0.0249	0.0249	0.0249	0.0309	0.0249	0.0249	0.0249	0.0249	0.0249	0.0249	0.0249
  D	0.0124	0.0124	0.0124	0	0.0124	0.0689	0.0124	0.0282	0.0124	0.0124	0.0124	0.0124	0.0124	0.0124	0.0124	0.0124	0.0124	0.0124	0.0181	0.0124	0.0124	0.0124	0.0124	0.0124	0.0124	0.0124	0.0124	0.0124	0.0332	0.0124	0.0124	0.0126	0.0124	0.0124	0.0124	0.0124	0.0124	0.0237	0.0224	0.0169	0.0124	0.0124	0.0124	0.0124	0.0161	0.0124	0.0375	0.0124	0.0158	0.0124	0.0124	0.0124	0.0135	0.0124
  E	0.0248	0.025	0.0248	0.0248	0	0.0243	0.0248	0.0243	0.0248	0.0248	0.0248	0.025	0.0248	0.0248	0.0248	0.0248	0.0248	0.0248	0.0248	0.0248	0.0248	0.0248	0.0252	0.0248	0.0248	0.0248	0.0248	0.0248	0.0248	0.0248	0.0248	0.0248	0.0248	0.0248	0.0248	0.0248	0.0248	0.0248	0.0248	0.027	0.0248	0.0248	0.0248	0.0248	0.0248	0.0248	0.0248	0.0248	0.0248	0.0263	0.0248	0.0248	0.0324	0.0248
  F	0.021	0.021	0.0209	0.1188	0.0209	0	0.0211	0.055	0.0209	0.0212	0.021	0.0209	0.0211	0.0209	0.0511	0.0212	0.0209	0.0209	0.021	0.021	0.0211	0.021	0.0211	0.0314	0.0209	0.0209	0.0209	0.021	0.0478	0.021	0.021	0.0211	0.0317	0.021	0.021	0.0212	0.021	0.0423	0.0783	0.0318	0.0212	0.021	0.0461	0.021	0.0236	0.0209	0.0577	0.0209	0.0264	0.0211	0.0209	0.0209	0.0401	0.0209
  G	0.0122	0.0122	0.0122	0.0122	0.0122	0.012	0	0.0505	0.0122	0.0134	0.0122	0.0122	0.0122	0.0122	0.0122	0.0188	0.0122	0.0122	0.0122	0.0122	0.0168	0.0122	0.0122	0.0122	0.0122	0.0122	0.0122	0.0122	0.0122	0.0122	0.0122	0.0122	0.0122	0.0122	0.0122	0.0223	0.0122	0.0122	0.0122	0.0718	0.0136	0.0122	0.0122	0.0122	0.0122	0.0122	0.02	0.0122	0.0122	0.0153	0.0122	0.0122	0.0122	0.0122
  H	0.0053	0.0053	0.0053	0.0123	0.0053	0.0139	0.0225	0	0.0053	0.0084	0.0053	0.0053	0.0065	0.0053	0.0053	0.0591	0.0053	0.0053	0.0055	0.0053	0.0393	0.0054	0.0054	0.0053	0.0053	0.0053	0.0053	0.0053	0.0124	0.0053	0.0107	0.007	0.007	0.0064	0.01	0.0583	0.0053	0.0068	0.0053	0.1693	0.0357	0.0057	0.0053	0.0061	0.0143	0.0053	0.1575	0.0067	0.0057	0.0054	0.0053	0.008	0.0054	0.0073
  I	0.025	0.025	0.025	0.025	0.025	0.0244	0.025	0.0245	0	0.0249	0.025	0.025	0.025	0.025	0.025	0.025	0.025	0.025	0.025	0.025	0.025	0.025	0.025	0.025	0.025	0.025	0.025	0.025	0.0249	0.025	0.025	0.025	0.025	0.025	0.025	0.025	0.025	0.025	0.025	0.0245	0.025	0.025	0.025	0.025	0.025	0.025	0.0249	0.025	0.025	0.025	0.025	0.025	0.025	0.025
  J	0.007	0.0055	0.0069	0.0053	0.0053	0.0053	0.0058	0.0082	0.0053	0	0.0128	0.0096	0.0076	0.0053	0.0053	0.0074	0.0053	0.0077	0.0077	0.0053	0.0062	0.0053	0.0078	0.0053	0.0053	0.0053	0.0053	0.0079	0.0084	0.0053	0.0066	0.0053	0.0107	0.0053	0.006	0.0053	0.0087	0.0062	0.0053	0.2561	0.0054	0.0068	0.0053	0.0073	0.0059	0.0089	0.008	0.0053	0.0053	0.0154	0.0053	0.0053	0.0057	0.0053
  K	0.0194	0.0195	0.0194	0.0194	0.0194	0.019	0.0194	0.0191	0.0194	0.0469	0	0.0194	0.0194	0.0194	0.0194	0.0194	0.0194	0.0194	0.0194	0.0194	0.0194	0.0194	0.0348	0.0194	0.0194	0.0194	0.0194	0.021	0.0201	0.0194	0.0194	0.0194	0.0194	0.0194	0.0194	0.0194	0.0248	0.0194	0.0194	0.0554	0.0194	0.0194	0.0194	0.0291	0.0194	0.0194	0.0193	0.0194	0.0194	0.023	0.0194	0.0194	0.0194	0.0194
  L	0.0232	0.0235	0.0232	0.0232	0.0234	0.0227	0.0232	0.0229	0.0232	0.0423	0.0232	0	0.0353	0.0232	0.0232	0.0303	0.0232	0.0232	0.0232	0.0232	0.0232	0.0232	0.0307	0.0232	0.0232	0.0232	0.0232	0.0232	0.0235	0.0232	0.0232	0.0232	0.0232	0.0232	0.0238	0.0232	0.0233	0.0232	0.0232	0.0405	0.0344	0.0233	0.0232	0.0232	0.0233	0.0232	0.0232	0.0232	0.0232	0.0236	0.0232	0.0232	0.034	0.0232
  M	0.0198	0.0148	0.0114	0.0114	0.0114	0.0113	0.0114	0.0137	0.0114	0.0163	0.0114	0.0174	0	0.0114	0.0114	0.013	0.0114	0.0114	0.0114	0.0114	0.0115	0.0114	0.0121	0.0114	0.0114	0.0114	0.0114	0.0114	0.0125	0.0114	0.0114	0.0114	0.0114	0.0114	0.0114	0.0114	0.0152	0.0114	0.0114	0.1134	0.0184	0.0114	0.0114	0.0114	0.0156	0.0171	0.0189	0.0114	0.0114	0.0192	0.0114	0.0114	0.0129	0.0114
  N	0.024	0.024	0.024	0.024	0.024	0.0235	0.024	0.0236	0.024	0.024	0.024	0.024	0.024	0	0.024	0.024	0.024	0.024	0.024	0.024	0.024	0.024	0.024	0.024	0.024	0.024	0.024	0.024	0.0307	0.024	0.024	0.024	0.024	0.024	0.024	0.024	0.024	0.024	0.024	0.0287	0.024	0.024	0.024	0.024	0.024	0.024	0.024	0.024	0.024	0.024	0.024	0.024	0.024	0.024
  O	0.0195	0.0195	0.0195	0.0196	0.0195	0.0468	0.0195	0.0192	0.0195	0.0195	0.0195	0.0195	0.0195	0.0195	0	0.0195	0.0195	0.0195	0.0195	0.0195	0.0195	0.0195	0.0195	0.0195	0.0195	0.0195	0.0195	0.0195	0.0195	0.0195	0.0195	0.0195	0.0293	0.0195	0.0195	0.0195	0.0195	0.0195	0.0195	0.0192	0.0195	0.0195	0.0344	0.0195	0.0195	0.0195	0.0195	0.0195	0.0195	0.0195	0.0195	0.0241	0.0195	0.0195
  P	0.0078	0.0099	0.0077	0.0077	0.0077	0.0077	0.0119	0.0844	0.0077	0.0108	0.0077	0.0101	0.0088	0.0077	0.0077	0	0.0077	0.0077	0.0077	0.0078	0.0096	0.0077	0.008	0.0077	0.0077	0.0077	0.0077	0.0077	0.0281	0.0079	0.0099	0.0077	0.0077	0.0077	0.0085	0.0178	0.0077	0.0077	0.0077	0.1213	0.0081	0.0096	0.0077	0.0092	0.0079	0.0077	0.009	0.0077	0.0077	0.0078	0.0077	0.0077	0.0132	0.0077
  Q	0.0229	0.0229	0.0229	0.0229	0.0229	0.0224	0.0229	0.0225	0.0229	0.0229	0.0229	0.0229	0.0229	0.0229	0.0229	0.0229	0	0.0229	0.0229	0.0229	0.0229	0.0229	0.0229	0.0229	0.0229	0.0229	0.0229	0.0229	0.0229	0.0229	0.0229	0.0229	0.0229	0.0229	0.0229	0.0229	0.0229	0.0229	0.0229	0.0337	0.0229	0.0229	0.0229	0.0229	0.0229	0.0229	0.0228	0.0229	0.0229	0.0229	0.0229	0.0229	0.0229	0.0229
  R	0.0252	0.0252	0.0252	0.0252	0.0252	0.0246	0.0252	0.0247	0.0252	0.0364	0.0252	0.0252	0.0252	0.0252	0.0252	0.0252	0.0252	0	0.0252	0.0252	0.0252	0.0252	0.0252	0.0252	0.0252	0.0252	0.0252	0.0252	0.0251	0.0252	0.0252	0.0252	0.0252	0.0252	0.0252	0.0252	0.0252	0.0252	0.0252	0.025	0.0252	0.0252	0.0252	0.0252	0.0252	0.0252	0.0251	0.0252	0.0252	0.0252	0.0252	0.0252	0.0252	0.0252
  S	0.02	0.02	0.02	0.0293	0.02	0.0197	0.02	0.0204	0.02	0.0289	0.02	0.02	0.02	0.02	0.02	0.02	0.02	0.02	0	0.02	0.02	0.02	0.02	0.02	0.02	0.02	0.02	0.0201	0.0367	0.02	0.02	0.02	0.0252	0.02	0.02	0.02	0.02	0.0204	0.02	0.0499	0.02	0.02	0.02	0.02	0.0201	0.02	0.0203	0.02	0.02	0.02	0.02	0.02	0.02	0.02
  T	0.0198	0.0198	0.0198	0.0198	0.0198	0.0195	0.0198	0.0195	0.0198	0.0198	0.0198	0.0198	0.0198	0.0198	0.0198	0.0199	0.0198	0.0198	0.0198	0	0.0198	0.0198	0.0198	0.0198	0.0198	0.0198	0.0198	0.0198	0.0199	0.0198	0.0198	0.0198	0.0198	0.0198	0.0198	0.0198	0.0198	0.0198	0.0198	0.0485	0.0198	0.0198	0.0198	0.0198	0.0198	0.0198	0.0198	0.0198	0.0198	0.0198	0.0198	0.0198	0.0198	0.0198
  U	0.012	0.012	0.012	0.012	0.012	0.0118	0.0165	0.087	0.012	0.014	0.012	0.012	0.0121	0.012	0.012	0.0149	0.012	0.012	0.012	0.012	0	0.012	0.012	0.012	0.012	0.012	0.012	0.012	0.012	0.012	0.012	0.012	0.012	0.012	0.012	0.025	0.012	0.012	0.012	0.0421	0.0391	0.012	0.012	0.012	0.012	0.012	0.0133	0.012	0.012	0.012	0.012	0.012	0.012	0.012
  V	0.0212	0.0212	0.0212	0.0212	0.0212	0.0208	0.0212	0.0211	0.0212	0.0212	0.0212	0.0212	0.0212	0.0212	0.0212	0.0212	0.0212	0.0212	0.0212	0.0212	0.0212	0	0.0212	0.0212	0.0212	0.0212	0.0212	0.0212	0.0212	0.0212	0.0212	0.0212	0.0212	0.0212	0.0212	0.0212	0.0212	0.0212	0.0212	0.0414	0.0212	0.0212	0.0212	0.0212	0.0212	0.0212	0.0212	0.0212	0.0212	0.0212	0.0212	0.0212	0.0212	0.0212
  W	0.0149	0.0151	0.0149	0.0148	0.0151	0.0146	0.0149	0.0147	0.0148	0.0218	0.0267	0.0196	0.0158	0.0148	0.0148	0.0153	0.0148	0.0149	0.0149	0.0148	0.0148	0.0149	0	0.0148	0.0148	0.0148	0.0148	0.0149	0.0149	0.0149	0.0149	0.0149	0.0149	0.0149	0.0149	0.0148	0.0149	0.0149	0.0148	0.0863	0.0149	0.0149	0.0148	0.0149	0.0156	0.0149	0.0148	0.0148	0.0148	0.0265	0.0148	0.0148	0.0175	0.0148
  X	0.0229	0.0229	0.0229	0.0229	0.0229	0.0337	0.0229	0.0225	0.0229	0.0229	0.0229	0.0229	0.0229	0.0229	0.0229	0.0229	0.0229	0.0229	0.0229	0.0229	0.0229	0.0229	0.0229	0	0.0229	0.0344	0.0307	0.0229	0.0303	0.0229	0.0229	0.023	0.023	0.023	0.0229	0.0229	0.0229	0.023	0.0229	0.0226	0.0229	0.0229	0.0229	0.0229	0.023	0.0229	0.0229	0.0229	0.0229	0.0229	0.0229	0.0229	0.023	0.0229
  Y	0.0231	0.0231	0.0231	0.0231	0.0231	0.0226	0.0231	0.0227	0.0231	0.023	0.0231	0.0231	0.0231	0.0231	0.0231	0.0231	0.0231	0.0231	0.0231	0.0231	0.0231	0.0231	0.0231	0.0231	0	0.0231	0.0231	0.0231	0.0261	0.0231	0.0231	0.0231	0.0231	0.0231	0.0231	0.0231	0.0231	0.0231	0.0231	0.0307	0.0231	0.0231	0.0231	0.0231	0.0231	0.0231	0.0347	0.0231	0.0231	0.0231	0.0231	0.0231	0.0231	0.0231
  Z	0.0255	0.0255	0.0255	0.0254	0.0254	0.0249	0.0254	0.0249	0.0254	0.0254	0.0254	0.0255	0.0255	0.0254	0.0254	0.0254	0.0254	0.0255	0.0254	0.0254	0.0254	0.0254	0.0255	0.0382	0.0254	0	0.0255	0.0255	0.0254	0.0254	0.0255	0.0255	0.0255	0.0255	0.0254	0.0254	0.0255	0.0255	0.0255	0.0249	0.0254	0.0255	0.0254	0.0254	0.0255	0.0254	0.0254	0.0254	0.0255	0.0254	0.0254	0.0254	0.0255	0.0254
  [	0.0251	0.0251	0.0251	0.0251	0.0251	0.0246	0.0251	0.0246	0.0251	0.0251	0.0251	0.0251	0.0251	0.0251	0.0251	0.0251	0.0251	0.0251	0.0251	0.0251	0.0251	0.0251	0.0251	0.0337	0.0251	0.0251	0	0.0251	0.0332	0.0251	0.0251	0.0252	0.0251	0.0251	0.0251	0.0251	0.0251	0.0251	0.0251	0.0247	0.0251	0.0251	0.0251	0.0251	0.0252	0.0251	0.0251	0.0251	0.0251	0.0251	0.0251	0.0251	0.0251	0.0251
  \	0.0175	0.0175	0.0175	0.0175	0.0175	0.0172	0.0175	0.0173	0.0175	0.0263	0.019	0.0175	0.0175	0.0175	0.0175	0.0175	0.0175	0.0175	0.0176	0.0175	0.0175	0.0175	0.0175	0.0175	0.0175	0.0175	0.0175	0	0.0202	0.0217	0.0175	0.0175	0.0175	0.0175	0.0178	0.0175	0.0193	0.0175	0.0175	0.0626	0.0175	0.0176	0.0175	0.0175	0.0175	0.0175	0.0175	0.0175	0.0175	0.0175	0.0175	0.0175	0.0175	0.0175
  ]	0.0054	0.0063	0.0054	0.0144	0.0054	0.012	0.0054	0.0123	0.0053	0.0085	0.0056	0.0054	0.0059	0.0069	0.0054	0.0195	0.0054	0.0054	0.0099	0.0054	0.0054	0.0054	0.0054	0.0071	0.0061	0.0053	0.0071	0.0062	0	0.0096	0.0054	0.0163	0.0099	0.0203	0.015	0.0054	0.0055	0.0108	0.0065	0.2147	0.0064	0.0108	0.0054	0.0054	0.0243	0.0054	0.0418	0.0054	0.0081	0.0054	0.0053	0.0053	0.0055	0.0054
  ^	0.0194	0.0194	0.0194	0.0194	0.0194	0.0191	0.0194	0.0191	0.0194	0.0194	0.0194	0.0194	0.0194	0.0194	0.0194	0.0199	0.0194	0.0194	0.0194	0.0194	0.0194	0.0194	0.0194	0.0194	0.0194	0.0194	0.0194	0.024	0.0348	0	0.0194	0.0194	0.0194	0.0194	0.0194	0.0194	0.0194	0.0194	0.0194	0.053	0.0194	0.0194	0.0194	0.0194	0.0194	0.0194	0.0246	0.0194	0.0194	0.0194	0.0194	0.0194	0.0194	0.0194
  _	0.0172	0.0172	0.0172	0.0172	0.0172	0.0169	0.0172	0.0341	0.0172	0.0215	0.0172	0.0172	0.0172	0.0172	0.0172	0.022	0.0172	0.0172	0.0172	0.0172	0.0172	0.0172	0.0172	0.0172	0.0172	0.0172	0.0172	0.0172	0.0175	0.0172	0	0.0172	0.0172	0.0172	0.0172	0.0172	0.0172	0.0172	0.0172	0.0493	0.0172	0.0172	0.0172	0.0172	0.0172	0.0172	0.0211	0.0172	0.0172	0.0218	0.0172	0.0172	0.0208	0.0172
  `	0.0165	0.0165	0.0165	0.0168	0.0165	0.0163	0.0165	0.0213	0.0165	0.0166	0.0165	0.0165	0.0165	0.0165	0.0165	0.0166	0.0165	0.0165	0.0165	0.0165	0.0165	0.0165	0.0165	0.0165	0.0165	0.0165	0.0165	0.0165	0.0501	0.0165	0.0165	0	0.0216	0.0201	0.0165	0.0165	0.0165	0.0184	0.0165	0.0679	0.0165	0.0165	0.0165	0.0165	0.0208	0.0165	0.0173	0.0165	0.0165	0.0165	0.0165	0.0165	0.0165	0.0165
  a	0.0132	0.0132	0.0132	0.0132	0.0132	0.0195	0.0132	0.017	0.0132	0.0266	0.0132	0.0132	0.0132	0.0132	0.0198	0.0132	0.0132	0.0132	0.0166	0.0132	0.0132	0.0132	0.0132	0.0132	0.0132	0.0132	0.0132	0.0132	0.0244	0.0132	0.0132	0.0172	0	0.0162	0.0132	0.0132	0.0132	0.0132	0.0132	0.0891	0.0132	0.0132	0.0132	0.0132	0.0132	0.0132	0.0156	0.0132	0.0132	0.0132	0.0132	0.0132	0.0132	0.0132
  b	0.0208	0.0208	0.0208	0.0208	0.0208	0.0204	0.0208	0.0247	0.0208	0.0208	0.0208	0.0208	0.0208	0.0208	0.0208	0.0208	0.0208	0.0208	0.0208	0.0208	0.0208	0.0208	0.0208	0.0208	0.0208	0.0208	0.0208	0.0208	0.0786	0.0208	0.0208	0.0253	0.0255	0	0.0209	0.0208	0.0208	0.0208	0.0208	0.0461	0.0208	0.0263	0.0208	0.0208	0.0209	0.0208	0.0416	0.0208	0.0208	0.0307	0.0208	0.0208	0.0208	0.0208
  c	0.0177	0.0177	0.0177	0.0177	0.0177	0.0174	0.0177	0.0327	0.0177	0.0202	0.0177	0.0181	0.0177	0.0177	0.0177	0.0196	0.0177	0.0177	0.0177	0.0177	0.0177	0.0177	0.0177	0.0177	0.0177	0.0177	0.0177	0.018	0.0494	0.0177	0.0177	0.0177	0.0177	0.0178	0	0.0177	0.0177	0.0177	0.0177	0.05	0.0177	0.018	0.0177	0.0177	0.0177	0.0177	0.0278	0.0177	0.0177	0.0214	0.0177	0.0177	0.0177	0.0177
  d	0.0092	0.0092	0.0092	0.0092	0.0092	0.0092	0.017	0.0996	0.0092	0.0093	0.0092	0.0092	0.0092	0.0092	0.0092	0.0213	0.0092	0.0092	0.0092	0.0092	0.0193	0.0092	0.0092	0.0092	0.0092	0.0092	0.0092	0.0092	0.0093	0.0092	0.0092	0.0092	0.0093	0.0092	0.0092	0	0.0092	0.0092	0.0092	0.0443	0.0147	0.0092	0.0092	0.0092	0.0092	0.0092	0.0117	0.0092	0.0092	0.0092	0.0092	0.0092	0.0093	0.0092
  e	0.0208	0.0172	0.0171	0.0171	0.0171	0.0169	0.0171	0.0169	0.0171	0.0282	0.022	0.0172	0.0228	0.0171	0.0171	0.0172	0.0171	0.0171	0.0171	0.0171	0.0171	0.0171	0.0172	0.0171	0.0171	0.0171	0.0171	0.0188	0.0177	0.0171	0.0171	0.0171	0.0171	0.0171	0.0171	0.0171	0	0.0171	0.0171	0.0713	0.0219	0.0171	0.0171	0.034	0.0172	0.0171	0.0171	0.0171	0.0171	0.0174	0.0171	0.0171	0.0172	0.0171
  f	0.0202	0.0202	0.0202	0.0387	0.0202	0.04	0.0202	0.0254	0.0202	0.0235	0.0202	0.0202	0.0202	0.0202	0.0202	0.0202	0.0202	0.0202	0.0206	0.0202	0.0202	0.0202	0.0202	0.0202	0.0202	0.0202	0.0202	0.0202	0.0408	0.0202	0.0202	0.0225	0.0202	0.0202	0.0202	0.0202	0.0202	0	0.0217	0.0235	0.0202	0.0202	0.0202	0.0202	0.022	0.0202	0.0217	0.0202	0.0202	0.0202	0.0202	0.0202	0.0202	0.0202
  g	0.0161	0.0161	0.0161	0.0291	0.0161	0.0589	0.0161	0.0159	0.0161	0.0161	0.0161	0.0161	0.0161	0.0161	0.0161	0.0161	0.0161	0.0161	0.0161	0.0161	0.0161	0.0161	0.0161	0.0161	0.0161	0.0161	0.0161	0.0161	0.0196	0.0161	0.0161	0.0161	0.0161	0.0161	0.0161	0.0161	0.0161	0.0172	0	0.0239	0.0161	0.0161	0.0161	0.0161	0.0161	0.0161	0.0161	0.0161	0.0161	0.0161	0.0161	0.0161	0.0187	0.0161
  h	0.0173	0.0172	0.0052	0.0072	0.0057	0.0078	0.0309	0.1641	0.0051	0.2538	0.015	0.0091	0.0521	0.0063	0.0052	0.0823	0.0077	0.0052	0.0131	0.0128	0.0184	0.0102	0.0305	0.0052	0.007	0.0051	0.0052	0.0188	0.21	0.0143	0.015	0.0215	0.0355	0.0116	0.0148	0.0251	0.0218	0.0061	0.0078	0	0.0365	0.014	0.0052	0.0232	0.0263	0.0068	0.0779	0.0064	0.0054	0.0601	0.0051	0.0051	0.0367	0.0051
  i	0.0105	0.0105	0.0105	0.0105	0.0105	0.0104	0.0117	0.0691	0.0105	0.0108	0.0105	0.0155	0.0169	0.0105	0.0105	0.011	0.0105	0.0105	0.0105	0.0105	0.0342	0.0105	0.0105	0.0105	0.0105	0.0105	0.0105	0.0105	0.0125	0.0105	0.0105	0.0105	0.0105	0.0105	0.0105	0.0166	0.0134	0.0105	0.0105	0.0728	0	0.0105	0.0105	0.0105	0.0105	0.0105	0.0122	0.0105	0.0105	0.0241	0.0105	0.0105	0.0107	0.0105
  j	0.0195	0.0195	0.0195	0.0194	0.0195	0.0191	0.0195	0.0205	0.0194	0.0251	0.0195	0.0195	0.0195	0.0195	0.0194	0.0242	0.0195	0.0195	0.0195	0.0195	0.0194	0.0195	0.0195	0.0195	0.0195	0.0194	0.0195	0.0196	0.0393	0.0195	0.0195	0.0195	0.0195	0.0246	0.0198	0.0194	0.0195	0.0195	0.0195	0.052	0.0195	0	0.0194	0.0195	0.0196	0.0195	0.0214	0.0195	0.0195	0.0195	0.0194	0.0194	0.0195	0.0194
  k	0.0214	0.0214	0.0214	0.0214	0.0214	0.0462	0.0214	0.021	0.0214	0.0213	0.0214	0.0214	0.0214	0.0214	0.0376	0.0214	0.0214	0.0214	0.0214	0.0214	0.0214	0.0214	0.0214	0.0214	0.0214	0.0214	0.0214	0.0214	0.0213	0.0214	0.0214	0.0214	0.0214	0.0214	0.0214	0.0214	0.0214	0.0214	0.0214	0.021	0.0214	0.0214	0	0.0214	0.0214	0.0214	0.0213	0.0214	0.0214	0.0214	0.0214	0.0524	0.0214	0.0214
  l	0.0163	0.0163	0.0163	0.0163	0.0163	0.0161	0.0163	0.0183	0.0163	0.0224	0.0245	0.0163	0.0163	0.0163	0.0163	0.0194	0.0163	0.0163	0.0163	0.0163	0.0163	0.0163	0.0163	0.0163	0.0163	0.0163	0.0163	0.0163	0.0163	0.0163	0.0163	0.0163	0.0163	0.0163	0.0163	0.0163	0.0323	0.0163	0.0163	0.072	0.0163	0.0163	0.0163	0	0.0163	0.0163	0.0163	0.0163	0.0163	0.0207	0.0163	0.0163	0.0163	0.0163
  m	0.0142	0.0175	0.0142	0.0184	0.0142	0.0157	0.0142	0.0375	0.0142	0.0159	0.0142	0.0142	0.0194	0.0142	0.0142	0.0145	0.0142	0.0142	0.0142	0.0142	0.0142	0.0142	0.0149	0.0142	0.0142	0.0142	0.0142	0.0142	0.0642	0.0142	0.0142	0.0178	0.0142	0.0143	0.0142	0.0142	0.0142	0.0154	0.0142	0.0713	0.0142	0.0143	0.0142	0.0142	0	0.0142	0.0419	0.0142	0.0143	0.0142	0.0142	0.0142	0.0185	0.0142
  n	0.024	0.024	0.024	0.024	0.024	0.0235	0.024	0.0235	0.024	0.0404	0.024	0.024	0.036	0.024	0.024	0.024	0.024	0.024	0.024	0.024	0.024	0.024	0.024	0.024	0.024	0.024	0.024	0.024	0.024	0.024	0.024	0.024	0.024	0.024	0.024	0.024	0.024	0.024	0.024	0.031	0.024	0.024	0.024	0.024	0.024	0	0.0239	0.024	0.024	0.024	0.024	0.024	0.024	0.024
  o	0.006	0.006	0.0075	0.0181	0.006	0.0162	0.0098	0.1742	0.006	0.0091	0.006	0.006	0.0099	0.006	0.006	0.007	0.006	0.006	0.0061	0.006	0.0067	0.006	0.006	0.006	0.009	0.006	0.006	0.006	0.0466	0.0076	0.0073	0.0063	0.0071	0.012	0.0094	0.0076	0.006	0.0064	0.006	0.0889	0.007	0.0066	0.006	0.006	0.0177	0.006	0	0.006	0.0082	0.0064	0.006	0.006	0.0108	0.0067
  p	0.0229	0.0229	0.0229	0.0229	0.0229	0.0224	0.0229	0.0286	0.0229	0.0229	0.0229	0.0229	0.0229	0.0229	0.0229	0.0229	0.0229	0.0229	0.0229	0.0229	0.0229	0.0229	0.0229	0.0229	0.0229	0.0229	0.0229	0.0229	0.0229	0.0229	0.0229	0.0229	0.0229	0.0229	0.0229	0.0229	0.0229	0.0229	0.0229	0.0278	0.0229	0.0229	0.0229	0.0229	0.0229	0.0229	0.0229	0	0.0229	0.0229	0.0229	0.0229	0.0229	0.0229
  q	0.0235	0.0235	0.0235	0.03	0.0235	0.029	0.0235	0.0248	0.0235	0.0234	0.0235	0.0235	0.0235	0.0235	0.0235	0.0235	0.0235	0.0235	0.0235	0.0235	0.0235	0.0235	0.0235	0.0235	0.0235	0.0235	0.0235	0.0235	0.0355	0.0235	0.0235	0.0235	0.0235	0.0235	0.0235	0.0235	0.0235	0.0235	0.0235	0.024	0.0235	0.0236	0.0235	0.0235	0.0237	0.0235	0.0321	0.0235	0	0.0235	0.0235	0.0235	0.0235	0.0235
