Character to attribute mapping:
  P: ?
  A: CA
  B: CO
  C: CT
  D: DC
  E: FL
  F: GA
  G: IL
  H: ISR/D
  I: MS
  J: NM
  K: NY
  L: OH
  M: TX
  N: VA
  O: WI


Substitution rate (mu): 202.031882

Equilibrium frequencies (pi_i):
  A: 0.0684
  B: 0.065
  C: 0.0624
  D: 0.0671
  E: 0.0708
  F: 0.0686
  G: 0.064
  H: 0.0697
  I: 0.0669
  J: 0.0702
  K: 0.0545
  L: 0.0687
  M: 0.0695
  N: 0.0671
  O: 0.067

Symmetrized rates from j->i (W_ij):
	A	B	C	D	E	F	G	H	I	J	K	L	M	N	O
  A	0	0.9565	1.0178	0.9543	0.9559	0.9908	0.9745	0.9586	0.9545	1.4431	2.3678	0.9564	1.2944	0.9539	0.9561
  B	0.9565	0	0.9621	0.9526	0.9543	0.9562	1.4351	0.9576	0.9528	0.9516	3.1111	0.9549	0.9619	0.952	0.9524
  C	1.0178	0.9621	0	0.9904	1.3322	0.9875	0.9581	0.9808	0.9658	0.9551	4.1836	1.1418	1.1326	0.9677	0.9579
  D	0.9543	0.9526	0.9904	0	0.954	0.9549	0.9527	0.9555	0.9528	0.9525	1.4274	0.9542	0.9574	0.9525	0.9526
  E	0.9559	0.9543	1.3322	0.954	0	0.9559	0.9541	0.9564	0.9563	0.9535	1.1054	1.059	0.9589	0.9538	0.9539
  F	0.9908	0.9562	0.9875	0.9549	0.9559	0	0.9559	0.9575	0.9549	0.9543	1.2908	0.9562	1.1838	0.9547	0.9552
  G	0.9745	1.4351	0.9581	0.9527	0.9541	0.9559	0	0.9562	0.9528	0.9524	1.9391	0.9544	0.9591	0.9524	0.9538
  H	0.9586	0.9576	0.9808	0.9555	0.9564	0.9575	0.9562	0	0.9556	0.9546	1.4143	0.9569	0.9611	0.9553	0.9554
  I	0.9545	0.9528	0.9658	0.9528	0.9563	0.9549	0.9528	0.9556	0	0.9525	1.4524	0.9607	0.9575	0.9526	0.9527
  J	1.4431	0.9516	0.9551	0.9525	0.9535	0.9543	0.9524	0.9546	0.9525	0	0.9628	0.9536	0.9565	0.9523	0.9524
  K	2.3678	3.1111	4.1836	1.4274	1.1054	1.2908	1.9391	1.4143	1.4524	0.9628	0	1.2911	1.8341	1.4281	1.4457
  L	0.9564	0.9549	1.1418	0.9542	1.059	0.9562	0.9544	0.9569	0.9607	0.9536	1.2911	0	0.9594	0.954	0.9541
  M	1.2944	0.9619	1.1326	0.9574	0.9589	1.1838	0.9591	0.9611	0.9575	0.9565	1.8341	0.9594	0	0.9571	0.9579
  N	0.9539	0.952	0.9677	0.9525	0.9538	0.9547	0.9524	0.9553	0.9526	0.9523	1.4281	0.954	0.9571	0	0.9524
  O	0.9561	0.9524	0.9579	0.9526	0.9539	0.9552	0.9538	0.9554	0.9527	0.9524	1.4457	0.9541	0.9579	0.9524	0

Actual rates from j->i (Q_ij):
	A	B	C	D	E	F	G	H	I	J	K	L	M	N	O
  A	0	0.0654	0.0696	0.0653	0.0654	0.0678	0.0666	0.0656	0.0653	0.0987	0.1619	0.0654	0.0885	0.0652	0.0654
  B	0.0622	0	0.0625	0.0619	0.062	0.0622	0.0933	0.0622	0.0619	0.0619	0.2022	0.0621	0.0625	0.0619	0.0619
  C	0.0635	0.06	0	0.0618	0.0831	0.0616	0.0597	0.0612	0.0602	0.0596	0.2609	0.0712	0.0706	0.0603	0.0597
  D	0.0641	0.064	0.0665	0	0.0641	0.0641	0.064	0.0642	0.064	0.064	0.0958	0.0641	0.0643	0.064	0.064
  E	0.0677	0.0676	0.0944	0.0676	0	0.0677	0.0676	0.0678	0.0678	0.0676	0.0783	0.075	0.0679	0.0676	0.0676
  F	0.068	0.0656	0.0678	0.0655	0.0656	0	0.0656	0.0657	0.0655	0.0655	0.0886	0.0656	0.0812	0.0655	0.0656
  G	0.0624	0.0919	0.0613	0.061	0.0611	0.0612	0	0.0612	0.061	0.061	0.1241	0.0611	0.0614	0.061	0.0611
  H	0.0669	0.0668	0.0684	0.0666	0.0667	0.0668	0.0667	0	0.0667	0.0666	0.0986	0.0667	0.067	0.0666	0.0666
  I	0.0638	0.0637	0.0646	0.0637	0.064	0.0639	0.0637	0.0639	0	0.0637	0.0971	0.0643	0.064	0.0637	0.0637
  J	0.1014	0.0668	0.0671	0.0669	0.067	0.067	0.0669	0.067	0.0669	0	0.0676	0.067	0.0672	0.0669	0.0669
  K	0.129	0.1695	0.2279	0.0778	0.0602	0.0703	0.1056	0.077	0.0791	0.0524	0	0.0703	0.0999	0.0778	0.0788
  L	0.0657	0.0656	0.0784	0.0655	0.0727	0.0657	0.0655	0.0657	0.066	0.0655	0.0887	0	0.0659	0.0655	0.0655
  M	0.09	0.0668	0.0787	0.0665	0.0666	0.0823	0.0667	0.0668	0.0665	0.0665	0.1275	0.0667	0	0.0665	0.0666
  N	0.064	0.0639	0.0649	0.0639	0.064	0.0641	0.0639	0.0641	0.0639	0.0639	0.0958	0.064	0.0642	0	0.0639
  O	0.064	0.0638	0.0642	0.0638	0.0639	0.064	0.0639	0.064	0.0638	0.0638	0.0968	0.0639	0.0642	0.0638	0

