Character to attribute mapping:
  w: ?
  A: AL
  B: AR
  C: ARG/B
  D: AZ
  E: BRA/ES
  F: CA
  G: CAN/QC
  H: CO
  I: COL/ANT
  J: CT
  K: DC
  L: FL
  M: GA
  N: IA
  O: ID
  P: IL
  Q: IN
  R: ISR/D
  S: KS
  T: KY
  U: LA
  V: MA
  W: MD
  X: MEX/BCN
  Y: MEX/CHH
  Z: MEX/SON
  [: MEX/TAM
  \: MI
  ]: MN
  ^: MO
  _: MS
  `: MT
  a: NC
  b: ND
  c: NE
  d: NH
  e: NJ
  f: NM
  g: NV
  h: NY
  i: OH
  j: OK
  k: OR
  l: PA
  m: SD
  n: TN
  o: TX
  p: US-VI
  q: UT
  r: VA
  s: VGB
  t: WA
  u: WI
  v: WY


Substitution rate (mu): 84.458957

Equilibrium frequencies (pi_i):
  A: 0.0237
  B: 0.0249
  C: 0.0251
  D: 0.0133
  E: 0.0254
  F: 0.0033
  G: 0.017
  H: 0.0035
  I: 0.0232
  J: 0.0069
  K: 0.0181
  L: 0.0164
  M: 0.0155
  N: 0.0262
  O: 0.0188
  P: 0.0087
  Q: 0.0244
  R: 0.0249
  S: 0.0214
  T: 0.0263
  U: 0.0096
  V: 0.0266
  W: 0.0184
  X: 0.0183
  Y: 0.0238
  Z: 0.0257
  [: 0.0252
  \: 0.0215
  ]: 0.0063
  ^: 0.0165
  _: 0.0177
  `: 0.023
  a: 0.0162
  b: 0.0251
  c: 0.0202
  d: 0.0104
  e: 0.0215
  f: 0.0227
  g: 0.0192
  h: 0.0034
  i: 0.0096
  j: 0.0222
  k: 0.015
  l: 0.0194
  m: 0.0191
  n: 0.0259
  o: 0.0075
  p: 0.0232
  q: 0.0257
  r: 0.0145
  s: 0.0257
  t: 0.0125
  u: 0.0181
  v: 0.023

Symmetrized rates from j->i (W_ij):
	A	B	C	D	E	F	G	H	I	J	K	L	M	N	O	P	Q	R	S	T	U	V	W	X	Y	Z	[	\	]	^	_	`	a	b	c	d	e	f	g	h	i	j	k	l	m	n	o	p	q	r	s	t	u	v
  A	0	0.9518	0.9512	0.9509	0.9511	1.3277	0.951	0.9341	0.951	0.9497	0.958	0.9508	0.9509	0.9508	0.9506	0.951	0.9508	0.9513	0.9509	0.9508	0.9505	0.9515	0.9519	0.9512	0.9508	0.951	0.9508	1.1372	0.9748	0.9561	0.9512	1.1312	1.2131	0.9554	0.9524	0.9501	0.9522	1.2718	0.9512	1.3497	1.3048	1.212	0.9509	0.952	0.953	0.9563	1.9057	0.9507	0.9511	0.951	0.9508	0.9511	2.028	0.9507
  B	0.9518	0	0.9509	0.9515	0.9509	1.0196	0.9509	1.221	0.9511	0.9481	1.0809	1.4249	2.3828	0.9507	0.9507	0.9517	0.9508	0.9511	0.9507	0.9506	0.951	0.9507	0.9543	0.951	0.9506	0.9508	0.9507	0.9512	0.9676	1.872	0.9511	0.9526	0.9599	1.2726	0.9513	0.9501	0.9522	0.9519	0.951	0.9386	0.9531	1.1438	0.9505	0.9515	0.9692	1.2409	1.436	0.9507	0.951	0.9521	0.9507	0.951	0.9539	0.9506
  C	0.9512	0.9509	0	0.9505	1.2626	0.9327	0.9507	0.9322	0.9506	1.0372	0.951	0.9505	0.9505	0.9505	0.9504	0.9976	0.9505	0.951	0.9505	0.9505	0.9501	0.9505	0.9511	0.9509	0.9506	0.9507	0.9505	0.9511	0.9503	0.9507	0.9508	0.9512	0.951	0.9513	0.9511	0.9498	0.9512	0.951	0.9508	1.1524	0.9512	0.9513	0.9505	0.9509	0.9515	0.9506	0.9495	0.9505	0.9507	0.9502	0.9505	0.9508	0.9507	0.9505
  D	0.9509	0.9515	0.9505	0	0.9504	4.4798	1.1524	1.2879	0.951	2.2285	0.9515	1.041	0.9512	0.95	0.9502	0.9708	0.9506	0.9508	0.9504	0.95	0.9511	0.95	0.9537	0.9512	0.9501	0.9503	0.9504	0.9511	1.5139	1.0285	1.2193	0.9523	0.9796	0.9514	0.9517	0.9505	1.0062	0.9518	0.951	2.6673	0.9529	0.952	0.9504	0.9514	1.8501	0.9507	6.8429	0.9501	0.9507	2.5456	0.95	1.1095	1.0236	0.9501
  E	0.9511	0.9509	1.2626	0.9504	0	0.9317	0.9507	0.932	0.9506	1.0145	0.951	0.9505	0.9505	0.9505	0.9504	0.9856	0.9505	0.951	0.9504	0.9505	0.9501	0.9505	0.9511	0.9509	0.9506	0.9507	0.9505	0.9511	0.9502	0.9507	0.9508	0.9512	0.951	0.9513	0.9511	0.9498	0.9512	0.951	0.9508	1.0983	0.9512	0.9513	0.9505	0.9509	0.9515	0.9506	0.9493	0.9504	0.9507	0.9502	0.9505	0.9507	0.9507	0.9504
  F	1.3277	1.0196	0.9327	4.4798	0.9317	0	2.2999	66.1262	1.0994	14.4168	3.1777	3.1388	2.4115	0.9279	1.6563	8.6964	1.1245	1.1233	1.8904	0.9298	7.0634	0.9276	2.9174	2.205	1.0072	0.945	0.9706	1.5317	25.416	2.1041	2.3663	1.4009	3.6175	1.2827	1.8562	8.1556	2.0428	1.0609	2.4942	42.8454	9.3088	1.6845	3.1567	2.5284	2.6667	0.967	18.7928	1.151	0.9322	3.4445	0.9282	4.9623	3.1767	1.3919
  G	0.951	0.9509	0.9507	1.1524	0.9507	2.2999	0	0.9426	1.216	2.0374	0.9511	1.0031	0.9507	0.9502	0.9503	0.9761	0.9503	0.9508	0.9503	0.9502	0.9506	0.9502	0.9513	0.9513	0.9503	0.9506	0.9879	0.951	1.4328	0.9509	0.951	0.9513	0.9512	0.9512	0.9513	0.9502	0.9512	0.9513	0.9508	2.7041	1.1009	0.9514	0.9505	0.951	1.4265	0.9506	1.9569	0.9502	0.9506	0.9511	0.9502	0.951	0.9511	0.9502
  H	0.9341	1.221	0.9322	1.2879	0.932	66.1262	0.9426	0	0.9341	0.9749	0.9409	1.0252	3.1681	0.9311	1.8714	8.1374	0.9331	0.9346	0.9357	0.931	6.4284	0.9308	0.9424	0.939	0.9329	0.9317	0.932	0.9356	1.4501	2.3558	1.407	1.4045	0.9518	1.223	1.1313	2.0181	0.937	0.9784	0.939	4.1642	1.2982	0.9372	0.9402	0.9903	0.9555	0.9317	2.3629	1.1817	0.9329	1.9741	0.9315	0.9421	0.9406	0.9337
  I	0.951	0.9511	0.9506	0.951	0.9506	1.0994	1.216	0.9341	0	0.9521	0.951	0.9505	0.9505	0.9504	0.9503	0.9506	0.9505	0.9509	0.9504	0.9503	0.9503	0.9504	0.9512	0.9585	0.9504	0.9505	0.9504	0.9509	0.9511	0.9508	0.9507	0.9513	0.951	0.9513	0.951	0.9499	0.9511	0.9511	0.9508	1.4867	0.9514	0.9515	0.9504	0.951	0.9517	0.9507	1.4497	0.9503	0.9506	0.9504	0.9504	0.9507	0.9509	0.9503
  J	0.9497	0.9481	1.0372	2.2285	1.0145	14.4168	2.0374	0.9749	0.9521	0	1.1103	0.9508	0.9498	0.9471	1.9134	5.7913	0.9483	0.949	0.9487	0.9471	0.9505	0.947	0.9506	1.3211	1.2947	1.2146	0.9755	0.9645	7.3802	0.95	1.1047	1.4149	0.9502	0.9492	1.225	0.95	1.146	1.219	0.9492	11.3212	0.9551	0.9495	0.9489	0.9493	1.0431	0.9475	6.6022	0.9475	0.9657	1.4481	0.9471	0.9498	0.9494	0.9475
  K	0.958	1.0809	0.951	0.9515	0.951	3.1777	0.9511	0.9409	0.951	1.1103	0	0.951	0.952	0.9507	0.9508	1.8002	0.9508	0.9514	1.1928	0.9507	0.951	0.9508	1.1281	0.9513	0.9507	0.9509	0.9507	1.1469	0.9628	2.0515	1.4138	0.9579	1.0449	0.9528	0.9517	0.9508	0.9527	0.9562	0.9513	0.9559	1.3018	1.7286	0.9509	0.9567	0.9612	0.9542	1.051	0.9507	0.9509	1.1558	0.9507	0.9512	1.7736	0.9507
  L	0.9508	1.4249	0.9505	1.041	0.9505	3.1388	1.0031	1.0252	0.9505	0.9508	0.951	0	0.9521	0.9503	0.9503	0.9506	0.9503	0.9509	0.9504	0.9502	0.9517	0.9503	0.9511	0.9507	0.9503	0.9504	0.9503	0.9508	0.9506	0.9508	0.9507	0.9511	0.9508	0.9511	0.9508	0.9501	0.9509	0.9507	0.9506	1.4141	0.9512	0.9512	0.9503	0.9507	0.9514	0.9509	0.9524	0.9503	0.9504	0.9507	0.9503	0.9505	0.9506	0.9503
  M	0.9509	2.3828	0.9505	0.9512	0.9505	2.4115	0.9507	3.1681	0.9505	0.9498	0.952	0.9521	0	0.9502	0.9504	1.141	0.9503	0.9508	0.9504	0.9502	1.0149	0.9503	0.9513	0.9507	0.9502	0.9504	0.9503	0.9507	0.952	0.9511	0.9506	0.9515	1.1396	1.2311	0.9511	0.9505	1.5836	1.0183	0.9519	1.3943	1.4559	0.953	0.9503	0.9508	1.475	0.9514	1.187	0.9503	0.9504	1.435	0.9502	1.7707	0.9646	0.9503
  N	0.9508	0.9507	0.9505	0.95	0.9505	0.9279	0.9502	0.9311	0.9504	0.9471	0.9507	0.9503	0.9502	0	0.9501	0.9501	0.9502	0.9507	1.4264	0.9502	0.9499	0.9502	0.9509	0.9505	0.9502	0.9504	0.9502	0.9508	0.949	0.9505	0.9505	0.951	0.9507	0.951	0.9507	0.9496	0.9509	0.9506	0.9506	0.937	0.9508	0.9511	0.9502	0.9507	0.9512	0.9504	0.9481	0.9502	0.9504	0.9499	0.9502	0.9503	0.9505	0.9502
  O	0.9506	0.9507	0.9504	0.9502	0.9504	1.6563	0.9503	1.8714	0.9503	1.9134	0.9508	0.9503	0.9504	0.9501	0	0.9504	0.9502	0.9506	0.9502	0.9501	0.9503	0.9501	0.951	0.9505	0.9501	0.9504	0.9501	0.9506	0.9499	0.9506	0.9505	0.9509	1.4249	0.9511	0.9508	0.95	0.951	0.9507	0.9505	0.9421	1.1833	0.9511	0.9502	0.9506	0.9511	0.9503	1.4645	0.9501	1.4245	0.9504	0.9501	0.9504	0.9506	0.9501
  P	0.951	0.9517	0.9976	0.9708	0.9856	8.6964	0.9761	8.1374	0.9506	5.7913	1.8002	0.9506	1.141	0.9501	0.9504	0	0.9503	0.951	0.9508	0.9501	1.1204	0.9501	1.0679	0.9523	0.9502	0.9506	0.9503	0.9513	2.6847	0.9536	0.9513	0.9521	1.294	0.9519	0.9517	1.0359	1.0638	0.9514	0.9509	4.5809	1.0489	0.9534	0.9505	0.951	1.0398	0.9504	1.2694	0.9503	0.9505	0.9519	0.9501	0.9508	0.9529	0.9502
  Q	0.9508	0.9508	0.9505	0.9506	0.9505	1.1245	0.9503	0.9331	0.9505	0.9483	0.9508	0.9503	0.9503	0.9502	0.9502	0.9503	0	0.9508	0.9503	0.9502	0.9501	0.9502	0.951	0.9506	0.9502	0.9504	0.9503	0.9507	0.9506	0.9506	0.9506	0.9511	0.9508	0.9511	0.9508	0.9498	0.9509	0.9507	0.9506	0.9582	0.9511	0.9512	0.9502	0.9508	0.9513	0.9505	1.2084	0.9502	0.9504	0.9502	0.9502	0.9504	0.9507	0.9502
  R	0.9513	0.9511	0.951	0.9508	0.951	1.1233	0.9508	0.9346	0.9509	0.949	0.9514	0.9509	0.9508	0.9507	0.9506	0.951	0.9508	0	0.9508	0.9507	0.9507	0.9507	0.9517	1.2301	0.9507	0.9509	0.9507	0.9512	0.9509	0.951	0.9511	0.9515	0.9514	0.9516	0.9513	0.9506	0.9515	0.9511	0.9513	0.941	0.9518	0.9517	0.9508	0.9513	0.9519	0.9509	0.952	0.9507	0.9509	0.9506	0.9507	0.9512	0.9512	0.9508
  S	0.9509	0.9507	0.9505	0.9504	0.9504	1.8904	0.9503	0.9357	0.9504	0.9487	1.1928	0.9504	0.9504	1.4264	0.9502	0.9508	0.9503	0.9508	0	1.4252	0.9503	0.9502	0.9515	0.9507	0.9502	0.9504	0.9502	1.0894	1.6641	0.951	1.4064	0.9513	0.951	0.9511	0.951	0.9501	0.9509	0.9506	0.9509	0.9414	0.9514	0.9514	0.9503	0.9512	0.9515	0.9503	0.9497	0.9502	0.9505	0.9526	0.9502	0.9506	0.951	0.9502
  T	0.9508	0.9506	0.9505	0.95	0.9505	0.9298	0.9502	0.931	0.9503	0.9471	0.9507	0.9502	0.9502	0.9502	0.9501	0.9501	0.9502	0.9507	1.4252	0	0.9499	0.9502	0.951	0.9505	0.9502	0.9504	0.9502	0.9521	1.424	0.9505	0.9506	0.951	0.9508	0.9511	0.9508	0.9496	0.9509	0.9506	0.9506	0.937	0.9508	0.9511	0.9502	0.9508	0.9512	0.9503	0.9481	0.9502	0.9505	0.95	0.9502	0.9503	0.9505	0.9502
  U	0.9505	0.951	0.9501	0.9511	0.9501	7.0634	0.9506	6.4284	0.9503	0.9505	0.951	0.9517	1.0149	0.9499	0.9503	1.1204	0.9501	0.9507	0.9503	0.9499	0	0.9499	0.9511	0.9507	0.9499	0.95	0.95	0.9505	0.9667	0.951	0.9504	0.9509	0.9512	0.9513	0.96	5.9392	0.9509	1.2793	1.1446	0.9952	1.1889	0.9512	0.9503	0.9506	1.0791	0.9501	1.2803	0.9501	0.9501	0.9515	0.9499	0.9504	0.9509	0.95
  V	0.9515	0.9507	0.9505	0.95	0.9505	0.9276	0.9502	0.9308	0.9504	0.947	0.9508	0.9503	0.9503	0.9502	0.9501	0.9501	0.9502	0.9507	0.9502	0.9502	0.9499	0	0.9509	0.9505	0.9502	0.9504	0.9502	0.951	0.949	0.9505	0.9505	0.9521	0.9509	0.9511	0.9507	0.9496	0.9509	0.9506	0.9506	0.937	0.951	0.9511	0.9502	0.9508	0.9548	0.9504	0.9482	0.9502	0.9504	0.95	0.9502	0.9504	1.9022	0.9502
  W	0.9519	0.9543	0.9511	0.9537	0.9511	2.9174	0.9513	0.9424	0.9512	0.9506	1.1281	0.9511	0.9513	0.9509	0.951	1.0679	0.951	0.9517	0.9515	0.951	0.9511	0.9509	0	0.9515	0.9509	0.9512	0.9509	0.9529	2.3257	1.4717	0.9516	0.9548	1.0404	1.0018	1.2848	0.951	0.9525	0.9518	0.9518	0.9508	1.1881	1.1404	0.951	0.9524	1.025	0.9513	1.115	0.9509	0.9515	1.1017	0.9509	0.9514	0.9589	0.9509
  X	0.9512	0.951	0.9509	0.9512	0.9509	2.205	0.9513	0.939	0.9585	1.3211	0.9513	0.9507	0.9507	0.9505	0.9505	0.9523	0.9506	1.2301	0.9507	0.9505	0.9507	0.9505	0.9515	0	0.9506	0.9509	0.9508	0.9511	1.0054	0.951	0.951	0.9514	0.9513	0.9513	0.9513	0.9505	0.9513	0.9511	0.951	1.5024	0.9517	0.9515	0.9507	0.9511	0.9831	0.9507	1.5057	0.9505	0.9508	0.9508	0.9505	0.951	0.9511	0.9506
  Y	0.9508	0.9506	0.9506	0.9501	0.9506	1.0072	0.9503	0.9329	0.9504	1.2947	0.9507	0.9503	0.9502	0.9502	0.9501	0.9502	0.9502	0.9507	0.9502	0.9502	0.9499	0.9502	0.9509	0.9506	0	0.9506	0.9502	0.9507	1.0055	0.9505	0.9505	0.951	0.9507	0.951	0.9511	0.9497	0.9508	0.9507	0.9506	1.3993	0.9508	0.951	0.9502	0.9506	0.9511	0.9503	0.9486	0.9502	0.9504	0.95	0.9502	0.9504	0.9505	0.9502
  Z	0.951	0.9508	0.9507	0.9503	0.9507	0.945	0.9506	0.9317	0.9505	1.2146	0.9509	0.9504	0.9504	0.9504	0.9504	0.9506	0.9504	0.9509	0.9504	0.9504	0.95	0.9504	0.9512	0.9509	0.9506	0	0.9504	0.951	0.9647	0.9507	0.9507	0.9513	0.951	0.9512	1.2748	0.9497	0.9511	0.9509	0.9508	0.9385	0.9509	0.9513	0.9503	0.9509	0.9514	0.9505	0.9491	0.9504	0.9507	0.9502	0.9504	0.9505	0.9506	0.9504
  [	0.9508	0.9507	0.9505	0.9504	0.9505	0.9706	0.9879	0.932	0.9504	0.9755	0.9507	0.9503	0.9503	0.9502	0.9501	0.9503	0.9503	0.9507	0.9502	0.9502	0.95	0.9502	0.9509	0.9508	0.9502	0.9504	0	0.9507	0.95	0.9505	0.9505	0.951	0.9508	0.9511	0.9508	0.9497	0.9509	0.9507	0.9506	1.0167	0.9509	0.9512	0.9502	0.9507	0.9512	0.9504	1.2527	0.9502	0.9504	0.95	0.9502	0.9504	0.9506	0.9502
  \	1.1372	0.9512	0.9511	0.9511	0.9511	1.5317	0.951	0.9356	0.9509	0.9645	1.1469	0.9508	0.9507	0.9508	0.9506	0.9513	0.9507	0.9512	1.0894	0.9521	0.9505	0.951	0.9529	0.9511	0.9507	0.951	0.9507	0	1.9239	0.9513	1.0829	1.0077	0.9517	0.9518	1.4296	0.9502	0.9514	0.9535	0.9514	1.7084	0.9555	0.9519	0.9508	1.1071	0.9526	0.9509	0.9697	0.9507	0.9529	0.9513	0.9507	0.9511	1.0292	0.9507
  ]	0.9748	0.9676	0.9503	1.5139	0.9502	25.416	1.4328	1.4501	0.9511	7.3802	0.9628	0.9506	0.952	0.949	0.9499	2.6847	0.9506	0.9509	1.6641	1.424	0.9667	0.949	2.3257	1.0054	1.0055	0.9647	0.95	1.9239	0	2.109	1.1153	1.3725	1.8195	1.643	1.5744	1.0408	0.9531	0.9778	1.049	9.8041	1.0253	1.4151	0.95	1.6696	1.8321	0.9496	6.9305	0.9492	1.2469	1.4151	0.949	0.9508	0.9545	0.9493
  ^	0.9561	1.872	0.9507	1.0285	0.9507	2.1041	0.9509	2.3558	0.9508	0.95	2.0515	0.9508	0.9511	0.9505	0.9506	0.9536	0.9506	0.951	0.951	0.9505	0.951	0.9505	1.4717	0.951	0.9505	0.9507	0.9505	0.9513	2.109	0	0.9512	1.2552	0.977	1.7073	0.9517	0.9508	0.9573	0.9561	0.9516	0.9441	0.9545	1.4833	0.9507	0.9518	2.1699	0.9509	1.1092	0.9506	0.9508	0.9621	0.9505	0.9511	0.9696	0.9506
  _	0.9512	0.9511	0.9508	1.2193	0.9508	2.3663	0.951	1.407	0.9507	1.1047	1.4138	0.9507	0.9506	0.9505	0.9505	0.9513	0.9506	0.9511	1.4064	0.9506	0.9504	0.9505	0.9516	0.951	0.9505	0.9507	0.9505	1.0829	1.1153	0.9512	0	0.9519	0.9513	0.9514	0.9514	0.9502	0.9512	0.9511	0.951	1.2914	0.9517	0.9516	0.9506	1.2855	0.9521	0.9507	1.1966	0.9505	0.9508	1.4194	0.9505	0.9509	0.9512	0.9505
  `	1.1312	0.9526	0.9512	0.9523	0.9512	1.4009	0.9513	1.4045	0.9513	1.4149	0.9579	0.9511	0.9515	0.951	0.9509	0.9521	0.9511	0.9515	0.9513	0.951	0.9509	0.9521	0.9548	0.9514	0.951	0.9513	0.951	1.0077	1.3725	1.2552	0.9519	0	0.9769	1.4471	1.4309	0.9507	0.9528	0.9519	1.1432	0.994	1.3665	0.9589	0.951	1.3116	1.0767	0.9771	1.0954	0.9509	0.9514	1.2399	0.951	0.9514	1.8259	0.951
  a	1.2131	0.9599	0.951	0.9796	0.951	3.6175	0.9512	0.9518	0.951	0.9502	1.0449	0.9508	1.1396	0.9507	1.4249	1.294	0.9508	0.9514	0.951	0.9508	0.9512	0.9509	1.0404	0.9513	0.9507	0.951	0.9508	0.9517	1.8195	0.977	0.9513	0.9769	0	1.6752	1.4271	0.9506	2.282	0.9522	0.9695	0.9449	2.4685	1.1725	0.951	0.9597	2.6441	0.9511	1.4474	0.9507	0.9542	1.4306	0.9507	0.9514	1.6998	0.9522
  b	0.9554	1.2726	0.9513	0.9514	0.9513	1.2827	0.9512	1.223	0.9513	0.9492	0.9528	0.9511	1.2311	0.951	0.9511	0.9519	0.9511	0.9516	0.9511	0.9511	0.9513	0.9511	1.0018	0.9513	0.951	0.9512	0.9511	0.9518	1.643	1.7073	0.9514	1.4471	1.6752	0	0.952	0.9505	1.7378	1.9053	0.9531	0.9418	1.1975	1.1249	0.9508	0.9522	1.22	0.9515	0.995	0.951	0.9514	0.9967	0.951	0.9515	0.9579	0.951
  c	0.9524	0.9513	0.9511	0.9517	0.9511	1.8562	0.9513	1.1313	0.951	1.225	0.9517	0.9508	0.9511	0.9507	0.9508	0.9517	0.9508	0.9513	0.951	0.9508	0.96	0.9507	1.2848	0.9513	0.9511	1.2748	0.9508	1.4296	1.5744	0.9517	0.9514	1.4309	1.4271	0.952	0	0.9555	0.9517	0.9514	1.427	1.6751	0.9598	0.9521	0.9507	0.9518	1.0216	0.9509	1.3243	0.9507	1.2581	1.0938	0.9507	0.9511	0.952	0.9507
  d	0.9501	0.9501	0.9498	0.9505	0.9498	8.1556	0.9502	2.0181	0.9499	0.95	0.9508	0.9501	0.9505	0.9496	0.95	1.0359	0.9498	0.9506	0.9501	0.9496	5.9392	0.9496	0.951	0.9505	0.9497	0.9497	0.9497	0.9502	1.0408	0.9508	0.9502	0.9507	0.9506	0.9505	0.9555	0	0.9505	0.9506	0.9508	0.9469	1.0497	0.9508	0.9508	0.9502	0.9544	0.9498	1.128	0.9498	0.9498	0.9509	0.9496	0.9501	0.9503	0.9497
  e	0.9522	0.9522	0.9512	1.0062	0.9512	2.0428	0.9512	0.937	0.9511	1.146	0.9527	0.9509	1.5836	0.9509	0.951	1.0638	0.9509	0.9515	0.9509	0.9509	0.9509	0.9509	0.9525	0.9513	0.9508	0.9511	0.9509	0.9514	0.9531	0.9573	0.9512	0.9528	2.282	1.7378	0.9517	0.9505	0	0.9521	1.4281	0.9427	1.8662	1.2394	0.9509	0.9519	1.1917	0.9511	0.9924	0.9508	0.9511	1.0713	0.9509	0.9518	0.9782	0.9509
  f	1.2718	0.9519	0.951	0.9518	0.951	1.0609	0.9513	0.9784	0.9511	1.219	0.9562	0.9507	1.0183	0.9506	0.9507	0.9514	0.9507	0.9511	0.9506	0.9506	1.2793	0.9506	0.9518	0.9511	0.9507	0.9509	0.9507	0.9535	0.9778	0.9561	0.9511	0.9519	0.9522	1.9053	0.9514	0.9506	0.9521	0	0.9511	1.7038	1.1183	1.1959	0.9506	0.9514	1.0825	0.9511	2.258	0.9506	0.9531	0.9515	0.9506	0.9509	0.952	0.9506
  g	0.9512	0.951	0.9508	0.951	0.9508	2.4942	0.9508	0.939	0.9508	0.9492	0.9513	0.9506	0.9519	0.9506	0.9505	0.9509	0.9506	0.9513	0.9509	0.9506	1.1446	0.9506	0.9518	0.951	0.9506	0.9508	0.9506	0.9514	1.049	0.9516	0.951	1.1432	0.9695	0.9531	1.427	0.9508	1.4281	0.9511	0	1.1105	0.9604	0.9517	0.9506	1.1263	1.1541	0.9508	0.9558	0.9506	0.9509	0.9855	0.9506	0.9508	0.9517	0.9506
  h	1.3497	0.9386	1.1524	2.6673	1.0983	42.8454	2.7041	4.1642	1.4867	11.3212	0.9559	1.4141	1.3943	0.937	0.9421	4.5809	0.9582	0.941	0.9414	0.937	0.9952	0.937	0.9508	1.5024	1.3993	0.9385	1.0167	1.7084	9.8041	0.9441	1.2914	0.994	0.9449	0.9418	1.6751	0.9469	0.9427	1.7038	1.1105	0	4.3835	0.9414	2.8313	0.9424	1.8789	0.9377	7.9498	0.9387	1.1382	0.9483	0.9373	3.932	1.0141	0.9388
  i	1.3048	0.9531	0.9512	0.9529	0.9512	9.3088	1.1009	1.2982	0.9514	0.9551	1.3018	0.9512	1.4559	0.9508	1.1833	1.0489	0.9511	0.9518	0.9514	0.9508	1.1889	0.951	1.1881	0.9517	0.9508	0.9509	0.9509	0.9555	1.0253	0.9545	0.9517	1.3665	2.4685	1.1975	0.9598	1.0497	1.8662	1.1183	0.9604	4.3835	0	1.1571	1.0958	1.3496	1.0141	1.3581	2.0964	0.9508	0.9512	2.4907	0.9508	1.0687	1.5655	0.9536
  j	1.212	1.1438	0.9513	0.952	0.9513	1.6845	0.9514	0.9372	0.9515	0.9495	1.7286	0.9512	0.953	0.9511	0.9511	0.9534	0.9512	0.9517	0.9514	0.9511	0.9512	0.9511	1.1404	0.9515	0.951	0.9513	0.9512	0.9519	1.4151	1.4833	0.9516	0.9589	1.1725	1.1249	0.9521	0.9508	1.2394	1.1959	0.9517	0.9414	1.1571	0	0.951	0.9522	0.9738	0.9546	1.648	0.951	0.9515	0.9552	0.9511	0.9513	0.9595	0.9511
  k	0.9509	0.9505	0.9505	0.9504	0.9505	3.1567	0.9505	0.9402	0.9504	0.9489	0.9509	0.9503	0.9503	0.9502	0.9502	0.9505	0.9502	0.9508	0.9503	0.9502	0.9503	0.9502	0.951	0.9507	0.9502	0.9503	0.9502	0.9508	0.95	0.9507	0.9506	0.951	0.951	0.9508	0.9507	0.9508	0.9509	0.9506	0.9506	2.8313	1.0958	0.951	0	0.9506	0.9511	0.9503	0.9498	0.9502	0.9503	0.9506	0.9502	0.9505	0.9507	0.9503
  l	0.952	0.9515	0.9509	0.9514	0.9509	2.5284	0.951	0.9903	0.951	0.9493	0.9567	0.9507	0.9508	0.9507	0.9506	0.951	0.9508	0.9513	0.9512	0.9508	0.9506	0.9508	0.9524	0.9511	0.9506	0.9509	0.9507	1.1071	1.6696	0.9518	1.2855	1.3116	0.9597	0.9522	0.9518	0.9502	0.9519	0.9514	1.1263	0.9424	1.3496	0.9522	0.9506	0	1.0462	0.9778	1.5165	0.9506	0.9511	0.9666	0.9507	0.9507	1.2452	0.9506
  m	0.953	0.9692	0.9515	1.8501	0.9515	2.6667	1.4265	0.9555	0.9517	1.0431	0.9612	0.9514	1.475	0.9512	0.9511	1.0398	0.9513	0.9519	0.9515	0.9512	1.0791	0.9548	1.025	0.9831	0.9511	0.9514	0.9512	0.9526	1.8321	2.1699	0.9521	1.0767	2.6441	1.22	1.0216	0.9544	1.1917	1.0825	1.1541	1.8789	1.0141	0.9738	0.9511	1.0462	0	0.9516	2.4594	0.9511	0.9518	1.4353	0.9511	1.2346	2.1724	0.9511
  n	0.9563	1.2409	0.9506	0.9507	0.9506	0.967	0.9506	0.9317	0.9507	0.9475	0.9542	0.9509	0.9514	0.9504	0.9503	0.9504	0.9505	0.9509	0.9503	0.9503	0.9501	0.9504	0.9513	0.9507	0.9503	0.9505	0.9504	0.9509	0.9496	0.9509	0.9507	0.9771	0.9511	0.9515	0.9509	0.9498	0.9511	0.9511	0.9508	0.9377	1.3581	0.9546	0.9503	0.9778	0.9516	0	1.7409	0.9503	0.9506	0.9505	0.9504	0.9505	0.9552	0.9503
  o	1.9057	1.436	0.9495	6.8429	0.9493	18.7928	1.9569	2.3629	1.4497	6.6022	1.051	0.9524	1.187	0.9481	1.4645	1.2694	1.2084	0.952	0.9497	0.9481	1.2803	0.9482	1.115	1.5057	0.9486	0.9491	1.2527	0.9697	6.9305	1.1092	1.1966	1.0954	1.4474	0.995	1.3243	1.128	0.9924	2.258	0.9558	7.9498	2.0964	1.648	0.9498	1.5165	2.4594	1.7409	0	0.9484	1.2224	3.7428	0.9481	1.0317	3.0132	0.9485
  p	0.9507	0.9507	0.9505	0.9501	0.9504	1.151	0.9502	1.1817	0.9503	0.9475	0.9507	0.9503	0.9503	0.9502	0.9501	0.9503	0.9502	0.9507	0.9502	0.9502	0.9501	0.9502	0.9509	0.9505	0.9502	0.9504	0.9502	0.9507	0.9492	0.9506	0.9505	0.9509	0.9507	0.951	0.9507	0.9498	0.9508	0.9506	0.9506	0.9387	0.9508	0.951	0.9502	0.9506	0.9511	0.9503	0.9484	0	0.9504	0.9501	0.9502	0.9503	0.9505	0.9502
  q	0.9511	0.951	0.9507	0.9507	0.9507	0.9322	0.9506	0.9329	0.9506	0.9657	0.9509	0.9504	0.9504	0.9504	1.4245	0.9505	0.9504	0.9509	0.9505	0.9505	0.9501	0.9504	0.9515	0.9508	0.9504	0.9507	0.9504	0.9529	1.2469	0.9508	0.9508	0.9514	0.9542	0.9514	1.2581	0.9498	0.9511	0.9531	0.9509	1.1382	0.9512	0.9515	0.9503	0.9511	0.9518	0.9506	1.2224	0.9504	0	0.9504	0.9504	0.9505	0.9508	0.9504
  r	0.951	0.9521	0.9502	2.5456	0.9502	3.4445	0.9511	1.9741	0.9504	1.4481	1.1558	0.9507	1.435	0.9499	0.9504	0.9519	0.9502	0.9506	0.9526	0.95	0.9515	0.95	1.1017	0.9508	0.95	0.9502	0.95	0.9513	1.4151	0.9621	1.4194	1.2399	1.4306	0.9967	1.0938	0.9509	1.0713	0.9515	0.9855	0.9483	2.4907	0.9552	0.9506	0.9666	1.4353	0.9505	3.7428	0.9501	0.9504	0	0.95	1.2372	1.1078	0.9501
  s	0.9508	0.9507	0.9505	0.95	0.9505	0.9282	0.9502	0.9315	0.9504	0.9471	0.9507	0.9503	0.9502	0.9502	0.9501	0.9501	0.9502	0.9507	0.9502	0.9502	0.9499	0.9502	0.9509	0.9505	0.9502	0.9504	0.9502	0.9507	0.949	0.9505	0.9505	0.951	0.9507	0.951	0.9507	0.9496	0.9509	0.9506	0.9506	0.9373	0.9508	0.9511	0.9502	0.9507	0.9511	0.9504	0.9481	0.9502	0.9504	0.95	0	0.9503	0.9505	0.9502
  t	0.9511	0.951	0.9508	1.1095	0.9507	4.9623	0.951	0.9421	0.9507	0.9498	0.9512	0.9505	1.7707	0.9503	0.9504	0.9508	0.9504	0.9512	0.9506	0.9503	0.9504	0.9504	0.9514	0.951	0.9504	0.9505	0.9504	0.9511	0.9508	0.9511	0.9509	0.9514	0.9514	0.9515	0.9511	0.9501	0.9518	0.9509	0.9508	3.932	1.0687	0.9513	0.9505	0.9507	1.2346	0.9505	1.0317	0.9503	0.9505	1.2372	0.9503	0	0.9511	0.9503
  u	2.028	0.9539	0.9507	1.0236	0.9507	3.1767	0.9511	0.9406	0.9509	0.9494	1.7736	0.9506	0.9646	0.9505	0.9506	0.9529	0.9507	0.9512	0.951	0.9505	0.9509	1.9022	0.9589	0.9511	0.9505	0.9506	0.9506	1.0292	0.9545	0.9696	0.9512	1.8259	1.6998	0.9579	0.952	0.9503	0.9782	0.952	0.9517	1.0141	1.5655	0.9595	0.9507	1.2452	2.1724	0.9552	3.0132	0.9505	0.9508	1.1078	0.9505	0.9511	0	0.9505
  v	0.9507	0.9506	0.9505	0.9501	0.9504	1.3919	0.9502	0.9337	0.9503	0.9475	0.9507	0.9503	0.9503	0.9502	0.9501	0.9502	0.9502	0.9508	0.9502	0.9502	0.95	0.9502	0.9509	0.9506	0.9502	0.9504	0.9502	0.9507	0.9493	0.9506	0.9505	0.951	0.9522	0.951	0.9507	0.9497	0.9509	0.9506	0.9506	0.9388	0.9536	0.9511	0.9503	0.9506	0.9511	0.9503	0.9485	0.9502	0.9504	0.9501	0.9502	0.9503	0.9505	0

Actual rates from j->i (Q_ij):
	A	B	C	D	E	F	G	H	I	J	K	L	M	N	O	P	Q	R	S	T	U	V	W	X	Y	Z	[	\	]	^	_	`	a	b	c	d	e	f	g	h	i	j	k	l	m	n	o	p	q	r	s	t	u	v
  A	0	0.0225	0.0225	0.0225	0.0225	0.0314	0.0225	0.0221	0.0225	0.0225	0.0227	0.0225	0.0225	0.0225	0.0225	0.0225	0.0225	0.0225	0.0225	0.0225	0.0225	0.0225	0.0225	0.0225	0.0225	0.0225	0.0225	0.0269	0.0231	0.0226	0.0225	0.0268	0.0287	0.0226	0.0225	0.0225	0.0225	0.0301	0.0225	0.0319	0.0309	0.0287	0.0225	0.0225	0.0226	0.0226	0.0451	0.0225	0.0225	0.0225	0.0225	0.0225	0.048	0.0225
  B	0.0237	0	0.0237	0.0237	0.0237	0.0254	0.0237	0.0304	0.0237	0.0236	0.0269	0.0354	0.0593	0.0236	0.0236	0.0237	0.0236	0.0237	0.0236	0.0236	0.0237	0.0236	0.0237	0.0237	0.0236	0.0237	0.0236	0.0237	0.0241	0.0466	0.0237	0.0237	0.0239	0.0317	0.0237	0.0236	0.0237	0.0237	0.0237	0.0233	0.0237	0.0285	0.0236	0.0237	0.0241	0.0309	0.0357	0.0236	0.0237	0.0237	0.0236	0.0237	0.0237	0.0236
  C	0.0239	0.0239	0	0.0239	0.0317	0.0234	0.0239	0.0234	0.0239	0.026	0.0239	0.0239	0.0239	0.0239	0.0239	0.0251	0.0239	0.0239	0.0239	0.0239	0.0239	0.0239	0.0239	0.0239	0.0239	0.0239	0.0239	0.0239	0.0239	0.0239	0.0239	0.0239	0.0239	0.0239	0.0239	0.0239	0.0239	0.0239	0.0239	0.0289	0.0239	0.0239	0.0239	0.0239	0.0239	0.0239	0.0238	0.0239	0.0239	0.0239	0.0239	0.0239	0.0239	0.0239
  D	0.0126	0.0126	0.0126	0	0.0126	0.0594	0.0153	0.0171	0.0126	0.0295	0.0126	0.0138	0.0126	0.0126	0.0126	0.0129	0.0126	0.0126	0.0126	0.0126	0.0126	0.0126	0.0126	0.0126	0.0126	0.0126	0.0126	0.0126	0.0201	0.0136	0.0162	0.0126	0.013	0.0126	0.0126	0.0126	0.0133	0.0126	0.0126	0.0354	0.0126	0.0126	0.0126	0.0126	0.0245	0.0126	0.0907	0.0126	0.0126	0.0337	0.0126	0.0147	0.0136	0.0126
  E	0.0241	0.0241	0.0321	0.0241	0	0.0236	0.0241	0.0237	0.0241	0.0258	0.0241	0.0241	0.0241	0.0241	0.0241	0.025	0.0241	0.0241	0.0241	0.0241	0.0241	0.0241	0.0241	0.0241	0.0241	0.0241	0.0241	0.0241	0.0241	0.0241	0.0241	0.0241	0.0241	0.0241	0.0241	0.0241	0.0241	0.0241	0.0241	0.0279	0.0241	0.0241	0.0241	0.0241	0.0242	0.0241	0.0241	0.0241	0.0241	0.0241	0.0241	0.0241	0.0241	0.0241
  F	0.0044	0.0034	0.0031	0.0148	0.0031	0	0.0076	0.2185	0.0036	0.0476	0.0105	0.0104	0.008	0.0031	0.0055	0.0287	0.0037	0.0037	0.0062	0.0031	0.0233	0.0031	0.0096	0.0073	0.0033	0.0031	0.0032	0.0051	0.084	0.007	0.0078	0.0046	0.012	0.0042	0.0061	0.0269	0.0067	0.0035	0.0082	0.1416	0.0308	0.0056	0.0104	0.0084	0.0088	0.0032	0.0621	0.0038	0.0031	0.0114	0.0031	0.0164	0.0105	0.0046
  G	0.0161	0.0161	0.0161	0.0195	0.0161	0.039	0	0.016	0.0206	0.0345	0.0161	0.017	0.0161	0.0161	0.0161	0.0165	0.0161	0.0161	0.0161	0.0161	0.0161	0.0161	0.0161	0.0161	0.0161	0.0161	0.0167	0.0161	0.0243	0.0161	0.0161	0.0161	0.0161	0.0161	0.0161	0.0161	0.0161	0.0161	0.0161	0.0458	0.0187	0.0161	0.0161	0.0161	0.0242	0.0161	0.0332	0.0161	0.0161	0.0161	0.0161	0.0161	0.0161	0.0161
  H	0.0033	0.0043	0.0033	0.0045	0.0033	0.2322	0.0033	0	0.0033	0.0034	0.0033	0.0036	0.0111	0.0033	0.0066	0.0286	0.0033	0.0033	0.0033	0.0033	0.0226	0.0033	0.0033	0.0033	0.0033	0.0033	0.0033	0.0033	0.0051	0.0083	0.0049	0.0049	0.0033	0.0043	0.004	0.0071	0.0033	0.0034	0.0033	0.0146	0.0046	0.0033	0.0033	0.0035	0.0034	0.0033	0.0083	0.0041	0.0033	0.0069	0.0033	0.0033	0.0033	0.0033
  I	0.0221	0.0221	0.022	0.022	0.022	0.0255	0.0282	0.0217	0	0.0221	0.022	0.022	0.022	0.022	0.022	0.022	0.022	0.022	0.022	0.022	0.022	0.022	0.0221	0.0222	0.022	0.022	0.022	0.022	0.0221	0.022	0.022	0.0221	0.022	0.0221	0.022	0.022	0.0221	0.0221	0.022	0.0345	0.0221	0.0221	0.022	0.022	0.0221	0.022	0.0336	0.022	0.022	0.022	0.022	0.022	0.022	0.022
  J	0.0066	0.0066	0.0072	0.0154	0.007	0.0998	0.0141	0.0068	0.0066	0	0.0077	0.0066	0.0066	0.0066	0.0132	0.0401	0.0066	0.0066	0.0066	0.0066	0.0066	0.0066	0.0066	0.0091	0.009	0.0084	0.0068	0.0067	0.0511	0.0066	0.0076	0.0098	0.0066	0.0066	0.0085	0.0066	0.0079	0.0084	0.0066	0.0784	0.0066	0.0066	0.0066	0.0066	0.0072	0.0066	0.0457	0.0066	0.0067	0.01	0.0066	0.0066	0.0066	0.0066
  K	0.0174	0.0196	0.0172	0.0173	0.0172	0.0576	0.0172	0.0171	0.0172	0.0201	0	0.0172	0.0173	0.0172	0.0172	0.0326	0.0172	0.0173	0.0216	0.0172	0.0172	0.0172	0.0205	0.0173	0.0172	0.0172	0.0172	0.0208	0.0175	0.0372	0.0256	0.0174	0.0189	0.0173	0.0173	0.0172	0.0173	0.0173	0.0173	0.0173	0.0236	0.0313	0.0172	0.0173	0.0174	0.0173	0.0191	0.0172	0.0172	0.021	0.0172	0.0172	0.0322	0.0172
  L	0.0156	0.0234	0.0156	0.0171	0.0156	0.0514	0.0164	0.0168	0.0156	0.0156	0.0156	0	0.0156	0.0156	0.0156	0.0156	0.0156	0.0156	0.0156	0.0156	0.0156	0.0156	0.0156	0.0156	0.0156	0.0156	0.0156	0.0156	0.0156	0.0156	0.0156	0.0156	0.0156	0.0156	0.0156	0.0156	0.0156	0.0156	0.0156	0.0232	0.0156	0.0156	0.0156	0.0156	0.0156	0.0156	0.0156	0.0156	0.0156	0.0156	0.0156	0.0156	0.0156	0.0156
  M	0.0148	0.037	0.0148	0.0148	0.0148	0.0374	0.0148	0.0492	0.0148	0.0147	0.0148	0.0148	0	0.0147	0.0147	0.0177	0.0147	0.0148	0.0147	0.0147	0.0158	0.0147	0.0148	0.0148	0.0147	0.0147	0.0147	0.0148	0.0148	0.0148	0.0148	0.0148	0.0177	0.0191	0.0148	0.0147	0.0246	0.0158	0.0148	0.0216	0.0226	0.0148	0.0147	0.0148	0.0229	0.0148	0.0184	0.0147	0.0147	0.0223	0.0147	0.0275	0.015	0.0147
  N	0.0249	0.0249	0.0249	0.0249	0.0249	0.0243	0.0249	0.0244	0.0249	0.0248	0.0249	0.0249	0.0249	0	0.0249	0.0249	0.0249	0.0249	0.0374	0.0249	0.0249	0.0249	0.0249	0.0249	0.0249	0.0249	0.0249	0.0249	0.0249	0.0249	0.0249	0.0249	0.0249	0.0249	0.0249	0.0249	0.0249	0.0249	0.0249	0.0246	0.0249	0.0249	0.0249	0.0249	0.0249	0.0249	0.0248	0.0249	0.0249	0.0249	0.0249	0.0249	0.0249	0.0249
  O	0.0179	0.0179	0.0179	0.0179	0.0179	0.0312	0.0179	0.0353	0.0179	0.0361	0.0179	0.0179	0.0179	0.0179	0	0.0179	0.0179	0.0179	0.0179	0.0179	0.0179	0.0179	0.0179	0.0179	0.0179	0.0179	0.0179	0.0179	0.0179	0.0179	0.0179	0.0179	0.0268	0.0179	0.0179	0.0179	0.0179	0.0179	0.0179	0.0178	0.0223	0.0179	0.0179	0.0179	0.0179	0.0179	0.0276	0.0179	0.0268	0.0179	0.0179	0.0179	0.0179	0.0179
  P	0.0083	0.0083	0.0087	0.0085	0.0086	0.076	0.0085	0.0711	0.0083	0.0506	0.0157	0.0083	0.01	0.0083	0.0083	0	0.0083	0.0083	0.0083	0.0083	0.0098	0.0083	0.0093	0.0083	0.0083	0.0083	0.0083	0.0083	0.0235	0.0083	0.0083	0.0083	0.0113	0.0083	0.0083	0.0091	0.0093	0.0083	0.0083	0.04	0.0092	0.0083	0.0083	0.0083	0.0091	0.0083	0.0111	0.0083	0.0083	0.0083	0.0083	0.0083	0.0083	0.0083
  Q	0.0232	0.0232	0.0232	0.0232	0.0232	0.0274	0.0232	0.0228	0.0232	0.0231	0.0232	0.0232	0.0232	0.0232	0.0232	0.0232	0	0.0232	0.0232	0.0232	0.0232	0.0232	0.0232	0.0232	0.0232	0.0232	0.0232	0.0232	0.0232	0.0232	0.0232	0.0232	0.0232	0.0232	0.0232	0.0232	0.0232	0.0232	0.0232	0.0234	0.0232	0.0232	0.0232	0.0232	0.0232	0.0232	0.0295	0.0232	0.0232	0.0232	0.0232	0.0232	0.0232	0.0232
  R	0.0237	0.0237	0.0237	0.0237	0.0237	0.028	0.0237	0.0233	0.0237	0.0236	0.0237	0.0237	0.0237	0.0237	0.0237	0.0237	0.0237	0	0.0237	0.0237	0.0237	0.0237	0.0237	0.0306	0.0237	0.0237	0.0237	0.0237	0.0237	0.0237	0.0237	0.0237	0.0237	0.0237	0.0237	0.0237	0.0237	0.0237	0.0237	0.0234	0.0237	0.0237	0.0237	0.0237	0.0237	0.0237	0.0237	0.0237	0.0237	0.0237	0.0237	0.0237	0.0237	0.0237
  S	0.0204	0.0204	0.0204	0.0204	0.0204	0.0405	0.0204	0.02	0.0204	0.0203	0.0256	0.0204	0.0204	0.0306	0.0204	0.0204	0.0204	0.0204	0	0.0305	0.0204	0.0204	0.0204	0.0204	0.0204	0.0204	0.0204	0.0233	0.0356	0.0204	0.0301	0.0204	0.0204	0.0204	0.0204	0.0204	0.0204	0.0204	0.0204	0.0202	0.0204	0.0204	0.0204	0.0204	0.0204	0.0204	0.0203	0.0204	0.0204	0.0204	0.0204	0.0204	0.0204	0.0204
  T	0.025	0.025	0.025	0.025	0.025	0.0245	0.025	0.0245	0.025	0.0249	0.025	0.025	0.025	0.025	0.025	0.025	0.025	0.025	0.0375	0	0.025	0.025	0.025	0.025	0.025	0.025	0.025	0.0251	0.0375	0.025	0.025	0.025	0.025	0.025	0.025	0.025	0.025	0.025	0.025	0.0247	0.025	0.025	0.025	0.025	0.025	0.025	0.025	0.025	0.025	0.025	0.025	0.025	0.025	0.025
  U	0.0091	0.0091	0.0091	0.0091	0.0091	0.0676	0.0091	0.0615	0.0091	0.0091	0.0091	0.0091	0.0097	0.0091	0.0091	0.0107	0.0091	0.0091	0.0091	0.0091	0	0.0091	0.0091	0.0091	0.0091	0.0091	0.0091	0.0091	0.0092	0.0091	0.0091	0.0091	0.0091	0.0091	0.0092	0.0568	0.0091	0.0122	0.011	0.0095	0.0114	0.0091	0.0091	0.0091	0.0103	0.0091	0.0123	0.0091	0.0091	0.0091	0.0091	0.0091	0.0091	0.0091
  V	0.0253	0.0253	0.0253	0.0253	0.0253	0.0247	0.0253	0.0247	0.0253	0.0252	0.0253	0.0253	0.0253	0.0253	0.0253	0.0253	0.0253	0.0253	0.0253	0.0253	0.0253	0	0.0253	0.0253	0.0253	0.0253	0.0253	0.0253	0.0252	0.0253	0.0253	0.0253	0.0253	0.0253	0.0253	0.0252	0.0253	0.0253	0.0253	0.0249	0.0253	0.0253	0.0253	0.0253	0.0254	0.0253	0.0252	0.0253	0.0253	0.0253	0.0253	0.0253	0.0506	0.0253
  W	0.0175	0.0175	0.0175	0.0175	0.0175	0.0536	0.0175	0.0173	0.0175	0.0175	0.0207	0.0175	0.0175	0.0175	0.0175	0.0196	0.0175	0.0175	0.0175	0.0175	0.0175	0.0175	0	0.0175	0.0175	0.0175	0.0175	0.0175	0.0427	0.027	0.0175	0.0175	0.0191	0.0184	0.0236	0.0175	0.0175	0.0175	0.0175	0.0175	0.0218	0.021	0.0175	0.0175	0.0188	0.0175	0.0205	0.0175	0.0175	0.0202	0.0175	0.0175	0.0176	0.0175
  X	0.0174	0.0174	0.0174	0.0174	0.0174	0.0403	0.0174	0.0172	0.0175	0.0242	0.0174	0.0174	0.0174	0.0174	0.0174	0.0174	0.0174	0.0225	0.0174	0.0174	0.0174	0.0174	0.0174	0	0.0174	0.0174	0.0174	0.0174	0.0184	0.0174	0.0174	0.0174	0.0174	0.0174	0.0174	0.0174	0.0174	0.0174	0.0174	0.0275	0.0174	0.0174	0.0174	0.0174	0.018	0.0174	0.0275	0.0174	0.0174	0.0174	0.0174	0.0174	0.0174	0.0174
  Y	0.0226	0.0226	0.0226	0.0226	0.0226	0.024	0.0226	0.0222	0.0226	0.0308	0.0226	0.0226	0.0226	0.0226	0.0226	0.0226	0.0226	0.0226	0.0226	0.0226	0.0226	0.0226	0.0226	0.0226	0	0.0226	0.0226	0.0226	0.0239	0.0226	0.0226	0.0226	0.0226	0.0226	0.0226	0.0226	0.0226	0.0226	0.0226	0.0333	0.0226	0.0226	0.0226	0.0226	0.0226	0.0226	0.0226	0.0226	0.0226	0.0226	0.0226	0.0226	0.0226	0.0226
  Z	0.0245	0.0245	0.0245	0.0245	0.0245	0.0243	0.0245	0.024	0.0245	0.0313	0.0245	0.0245	0.0245	0.0245	0.0245	0.0245	0.0245	0.0245	0.0245	0.0245	0.0245	0.0245	0.0245	0.0245	0.0245	0	0.0245	0.0245	0.0248	0.0245	0.0245	0.0245	0.0245	0.0245	0.0328	0.0244	0.0245	0.0245	0.0245	0.0242	0.0245	0.0245	0.0245	0.0245	0.0245	0.0245	0.0244	0.0245	0.0245	0.0245	0.0245	0.0245	0.0245	0.0245
  [	0.0239	0.0239	0.0239	0.0239	0.0239	0.0244	0.0249	0.0235	0.0239	0.0246	0.0239	0.0239	0.0239	0.0239	0.0239	0.0239	0.0239	0.0239	0.0239	0.0239	0.0239	0.0239	0.0239	0.0239	0.0239	0.0239	0	0.0239	0.0239	0.0239	0.0239	0.0239	0.0239	0.0239	0.0239	0.0239	0.0239	0.0239	0.0239	0.0256	0.0239	0.0239	0.0239	0.0239	0.0239	0.0239	0.0315	0.0239	0.0239	0.0239	0.0239	0.0239	0.0239	0.0239
  \	0.0245	0.0205	0.0205	0.0205	0.0205	0.033	0.0205	0.0202	0.0205	0.0208	0.0247	0.0205	0.0205	0.0205	0.0205	0.0205	0.0205	0.0205	0.0235	0.0205	0.0205	0.0205	0.0205	0.0205	0.0205	0.0205	0.0205	0	0.0414	0.0205	0.0233	0.0217	0.0205	0.0205	0.0308	0.0205	0.0205	0.0205	0.0205	0.0368	0.0206	0.0205	0.0205	0.0238	0.0205	0.0205	0.0209	0.0205	0.0205	0.0205	0.0205	0.0205	0.0222	0.0205
  ]	0.0061	0.0061	0.006	0.0095	0.006	0.1601	0.009	0.0091	0.006	0.0465	0.0061	0.006	0.006	0.006	0.006	0.0169	0.006	0.006	0.0105	0.009	0.0061	0.006	0.0146	0.0063	0.0063	0.0061	0.006	0.0121	0	0.0133	0.007	0.0086	0.0115	0.0103	0.0099	0.0066	0.006	0.0062	0.0066	0.0617	0.0065	0.0089	0.006	0.0105	0.0115	0.006	0.0436	0.006	0.0079	0.0089	0.006	0.006	0.006	0.006
  ^	0.0158	0.0309	0.0157	0.017	0.0157	0.0347	0.0157	0.0389	0.0157	0.0157	0.0339	0.0157	0.0157	0.0157	0.0157	0.0157	0.0157	0.0157	0.0157	0.0157	0.0157	0.0157	0.0243	0.0157	0.0157	0.0157	0.0157	0.0157	0.0348	0	0.0157	0.0207	0.0161	0.0282	0.0157	0.0157	0.0158	0.0158	0.0157	0.0156	0.0158	0.0245	0.0157	0.0157	0.0358	0.0157	0.0183	0.0157	0.0157	0.0159	0.0157	0.0157	0.016	0.0157
  _	0.0168	0.0168	0.0168	0.0216	0.0168	0.0419	0.0168	0.0249	0.0168	0.0196	0.025	0.0168	0.0168	0.0168	0.0168	0.0168	0.0168	0.0168	0.0249	0.0168	0.0168	0.0168	0.0168	0.0168	0.0168	0.0168	0.0168	0.0192	0.0197	0.0168	0	0.0169	0.0168	0.0168	0.0168	0.0168	0.0168	0.0168	0.0168	0.0229	0.0169	0.0168	0.0168	0.0228	0.0169	0.0168	0.0212	0.0168	0.0168	0.0251	0.0168	0.0168	0.0168	0.0168
  `	0.026	0.0219	0.0219	0.0219	0.0219	0.0322	0.0219	0.0323	0.0219	0.0326	0.022	0.0219	0.0219	0.0219	0.0219	0.0219	0.0219	0.0219	0.0219	0.0219	0.0219	0.0219	0.022	0.0219	0.0219	0.0219	0.0219	0.0232	0.0316	0.0289	0.0219	0	0.0225	0.0333	0.0329	0.0219	0.0219	0.0219	0.0263	0.0229	0.0314	0.0221	0.0219	0.0302	0.0248	0.0225	0.0252	0.0219	0.0219	0.0285	0.0219	0.0219	0.042	0.0219
  a	0.0197	0.0156	0.0154	0.0159	0.0154	0.0586	0.0154	0.0154	0.0154	0.0154	0.0169	0.0154	0.0185	0.0154	0.0231	0.021	0.0154	0.0154	0.0154	0.0154	0.0154	0.0154	0.0169	0.0154	0.0154	0.0154	0.0154	0.0154	0.0295	0.0158	0.0154	0.0158	0	0.0271	0.0231	0.0154	0.037	0.0154	0.0157	0.0153	0.04	0.019	0.0154	0.0156	0.0428	0.0154	0.0235	0.0154	0.0155	0.0232	0.0154	0.0154	0.0275	0.0154
  b	0.024	0.032	0.0239	0.0239	0.0239	0.0322	0.0239	0.0307	0.0239	0.0238	0.0239	0.0239	0.0309	0.0239	0.0239	0.0239	0.0239	0.0239	0.0239	0.0239	0.0239	0.0239	0.0252	0.0239	0.0239	0.0239	0.0239	0.0239	0.0413	0.0429	0.0239	0.0364	0.0421	0	0.0239	0.0239	0.0437	0.0479	0.0239	0.0237	0.0301	0.0283	0.0239	0.0239	0.0307	0.0239	0.025	0.0239	0.0239	0.025	0.0239	0.0239	0.0241	0.0239
  c	0.0193	0.0192	0.0192	0.0193	0.0192	0.0376	0.0192	0.0229	0.0192	0.0248	0.0193	0.0192	0.0192	0.0192	0.0192	0.0193	0.0192	0.0192	0.0192	0.0192	0.0194	0.0192	0.026	0.0192	0.0192	0.0258	0.0192	0.0289	0.0319	0.0193	0.0193	0.029	0.0289	0.0193	0	0.0193	0.0193	0.0193	0.0289	0.0339	0.0194	0.0193	0.0192	0.0193	0.0207	0.0192	0.0268	0.0192	0.0255	0.0221	0.0192	0.0192	0.0193	0.0192
  d	0.0099	0.0099	0.0099	0.0099	0.0099	0.0852	0.0099	0.0211	0.0099	0.0099	0.0099	0.0099	0.0099	0.0099	0.0099	0.0108	0.0099	0.0099	0.0099	0.0099	0.062	0.0099	0.0099	0.0099	0.0099	0.0099	0.0099	0.0099	0.0109	0.0099	0.0099	0.0099	0.0099	0.0099	0.01	0	0.0099	0.0099	0.0099	0.0099	0.011	0.0099	0.0099	0.0099	0.01	0.0099	0.0118	0.0099	0.0099	0.0099	0.0099	0.0099	0.0099	0.0099
  e	0.0205	0.0205	0.0205	0.0216	0.0205	0.0439	0.0205	0.0201	0.0205	0.0246	0.0205	0.0204	0.0341	0.0204	0.0205	0.0229	0.0204	0.0205	0.0204	0.0204	0.0204	0.0204	0.0205	0.0205	0.0204	0.0205	0.0204	0.0205	0.0205	0.0206	0.0205	0.0205	0.0491	0.0374	0.0205	0.0204	0	0.0205	0.0307	0.0203	0.0401	0.0267	0.0204	0.0205	0.0256	0.0205	0.0213	0.0204	0.0205	0.023	0.0204	0.0205	0.021	0.0204
  f	0.0289	0.0216	0.0216	0.0216	0.0216	0.0241	0.0216	0.0222	0.0216	0.0277	0.0217	0.0216	0.0231	0.0216	0.0216	0.0216	0.0216	0.0216	0.0216	0.0216	0.0291	0.0216	0.0216	0.0216	0.0216	0.0216	0.0216	0.0217	0.0222	0.0217	0.0216	0.0216	0.0216	0.0433	0.0216	0.0216	0.0216	0	0.0216	0.0387	0.0254	0.0272	0.0216	0.0216	0.0246	0.0216	0.0513	0.0216	0.0216	0.0216	0.0216	0.0216	0.0216	0.0216
  g	0.0183	0.0183	0.0183	0.0183	0.0183	0.048	0.0183	0.0181	0.0183	0.0183	0.0183	0.0183	0.0183	0.0183	0.0183	0.0183	0.0183	0.0183	0.0183	0.0183	0.022	0.0183	0.0183	0.0183	0.0183	0.0183	0.0183	0.0183	0.0202	0.0183	0.0183	0.022	0.0187	0.0183	0.0275	0.0183	0.0275	0.0183	0	0.0214	0.0185	0.0183	0.0183	0.0217	0.0222	0.0183	0.0184	0.0183	0.0183	0.019	0.0183	0.0183	0.0183	0.0183
  h	0.0046	0.0032	0.0039	0.0091	0.0038	0.1466	0.0093	0.0142	0.0051	0.0387	0.0033	0.0048	0.0048	0.0032	0.0032	0.0157	0.0033	0.0032	0.0032	0.0032	0.0034	0.0032	0.0033	0.0051	0.0048	0.0032	0.0035	0.0058	0.0335	0.0032	0.0044	0.0034	0.0032	0.0032	0.0057	0.0032	0.0032	0.0058	0.0038	0	0.015	0.0032	0.0097	0.0032	0.0064	0.0032	0.0272	0.0032	0.0039	0.0032	0.0032	0.0135	0.0035	0.0032
  i	0.0126	0.0092	0.0092	0.0092	0.0092	0.0897	0.0106	0.0125	0.0092	0.0092	0.0125	0.0092	0.014	0.0092	0.0114	0.0101	0.0092	0.0092	0.0092	0.0092	0.0115	0.0092	0.0115	0.0092	0.0092	0.0092	0.0092	0.0092	0.0099	0.0092	0.0092	0.0132	0.0238	0.0115	0.0093	0.0101	0.018	0.0108	0.0093	0.0422	0	0.0112	0.0106	0.013	0.0098	0.0131	0.0202	0.0092	0.0092	0.024	0.0092	0.0103	0.0151	0.0092
  j	0.0269	0.0254	0.0211	0.0212	0.0211	0.0374	0.0211	0.0208	0.0212	0.0211	0.0384	0.0211	0.0212	0.0211	0.0211	0.0212	0.0211	0.0212	0.0211	0.0211	0.0211	0.0211	0.0253	0.0212	0.0211	0.0211	0.0211	0.0212	0.0315	0.033	0.0212	0.0213	0.0261	0.025	0.0212	0.0211	0.0275	0.0266	0.0212	0.0209	0.0257	0	0.0211	0.0212	0.0216	0.0212	0.0366	0.0211	0.0211	0.0212	0.0211	0.0211	0.0213	0.0211
  k	0.0142	0.0142	0.0142	0.0142	0.0142	0.0473	0.0142	0.0141	0.0142	0.0142	0.0142	0.0142	0.0142	0.0142	0.0142	0.0142	0.0142	0.0142	0.0142	0.0142	0.0142	0.0142	0.0142	0.0142	0.0142	0.0142	0.0142	0.0142	0.0142	0.0142	0.0142	0.0142	0.0142	0.0142	0.0142	0.0142	0.0142	0.0142	0.0142	0.0424	0.0164	0.0142	0	0.0142	0.0142	0.0142	0.0142	0.0142	0.0142	0.0142	0.0142	0.0142	0.0142	0.0142
  l	0.0184	0.0184	0.0184	0.0184	0.0184	0.049	0.0184	0.0192	0.0184	0.0184	0.0185	0.0184	0.0184	0.0184	0.0184	0.0184	0.0184	0.0184	0.0184	0.0184	0.0184	0.0184	0.0185	0.0184	0.0184	0.0184	0.0184	0.0215	0.0324	0.0184	0.0249	0.0254	0.0186	0.0185	0.0184	0.0184	0.0184	0.0184	0.0218	0.0183	0.0262	0.0185	0.0184	0	0.0203	0.0189	0.0294	0.0184	0.0184	0.0187	0.0184	0.0184	0.0241	0.0184
  m	0.0182	0.0185	0.0182	0.0354	0.0182	0.051	0.0273	0.0183	0.0182	0.0199	0.0184	0.0182	0.0282	0.0182	0.0182	0.0199	0.0182	0.0182	0.0182	0.0182	0.0206	0.0183	0.0196	0.0188	0.0182	0.0182	0.0182	0.0182	0.035	0.0415	0.0182	0.0206	0.0506	0.0233	0.0195	0.0183	0.0228	0.0207	0.0221	0.0359	0.0194	0.0186	0.0182	0.02	0	0.0182	0.047	0.0182	0.0182	0.0274	0.0182	0.0236	0.0415	0.0182
  n	0.0248	0.0321	0.0246	0.0246	0.0246	0.025	0.0246	0.0241	0.0246	0.0245	0.0247	0.0246	0.0246	0.0246	0.0246	0.0246	0.0246	0.0246	0.0246	0.0246	0.0246	0.0246	0.0246	0.0246	0.0246	0.0246	0.0246	0.0246	0.0246	0.0246	0.0246	0.0253	0.0246	0.0246	0.0246	0.0246	0.0246	0.0246	0.0246	0.0243	0.0352	0.0247	0.0246	0.0253	0.0246	0	0.0451	0.0246	0.0246	0.0246	0.0246	0.0246	0.0247	0.0246
  o	0.0143	0.0108	0.0071	0.0515	0.0071	0.1415	0.0147	0.0178	0.0109	0.0497	0.0079	0.0072	0.0089	0.0071	0.011	0.0096	0.0091	0.0072	0.0071	0.0071	0.0096	0.0071	0.0084	0.0113	0.0071	0.0071	0.0094	0.0073	0.0522	0.0083	0.009	0.0082	0.0109	0.0075	0.01	0.0085	0.0075	0.017	0.0072	0.0598	0.0158	0.0124	0.0071	0.0114	0.0185	0.0131	0	0.0071	0.0092	0.0282	0.0071	0.0078	0.0227	0.0071
  p	0.0221	0.0221	0.0221	0.0221	0.0221	0.0268	0.0221	0.0275	0.0221	0.022	0.0221	0.0221	0.0221	0.0221	0.0221	0.0221	0.0221	0.0221	0.0221	0.0221	0.0221	0.0221	0.0221	0.0221	0.0221	0.0221	0.0221	0.0221	0.0221	0.0221	0.0221	0.0221	0.0221	0.0221	0.0221	0.0221	0.0221	0.0221	0.0221	0.0218	0.0221	0.0221	0.0221	0.0221	0.0221	0.0221	0.022	0	0.0221	0.0221	0.0221	0.0221	0.0221	0.0221
  q	0.0244	0.0244	0.0244	0.0244	0.0244	0.0239	0.0244	0.024	0.0244	0.0248	0.0244	0.0244	0.0244	0.0244	0.0366	0.0244	0.0244	0.0244	0.0244	0.0244	0.0244	0.0244	0.0244	0.0244	0.0244	0.0244	0.0244	0.0245	0.032	0.0244	0.0244	0.0244	0.0245	0.0244	0.0323	0.0244	0.0244	0.0245	0.0244	0.0292	0.0244	0.0244	0.0244	0.0244	0.0244	0.0244	0.0314	0.0244	0	0.0244	0.0244	0.0244	0.0244	0.0244
