{
  "generated_by": {
    "program": "augur",
    "version": "13.1.0"
  },
  "models": {
    "country": {
      "alphabet": [
        "Argentina",
        "Australia",
        "Austria",
        "Azerbaijan",
        "Belgium",
        "Brazil",
        "British Virgin Islands",
        "Bulgaria",
        "Canada",
        "Central African Republic",
        "China",
        "Colombia",
        "Cyprus",
        "Czech Republic",
        "Democratic Republic of the Congo",
        "Egypt",
        "France",
        "Germany",
        "Greece",
        "Hungary",
        "India",
        "Iran",
        "Israel",
        "Italy",
        "Kenya",
        "Madagascar",
        "Mexico",
        "Morocco",
        "Namibia",
        "Netherlands",
        "Niger",
        "Nigeria",
        "Romania",
        "Russia",
        "Senegal",
        "Serbia",
        "Slovakia",
        "Slovenia",
        "South Africa",
        "Spain",
        "Tunisia",
        "Turkey",
        "USA",
        "Uganda",
        "Ukraine",
        "United Arab Emirates",
        "Zambia",
        "?"
      ],
      "equilibrium_probabilities": [
        0.01991312629713838,
        0.02224319727173229,
        0.02000582018511252,
        0.02134094468897224,
        0.02168113211757757,
        0.020966590094291894,
        0.020771715250651156,
        0.02193474621192952,
        0.011001916137936404,
        0.021293238766550263,
        0.02126448024218707,
        0.020292933686834026,
        0.021807592522866688,
        0.022672564831558266,
        0.021330085746195916,
        0.02112807612745634,
        0.021351275498461227,
        0.022412381270364334,
        0.022432045531982758,
        0.021567411578724927,
        0.022202426837913663,
        0.02102778003053666,
        0.020658024683599948,
        0.022577823899565808,
        0.020727401991743655,
        0.021878400594789012,
        0.017158784142833103,
        0.02186857888740908,
        0.021338971941533655,
        0.021516108699709078,
        0.02133554973928117,
        0.021077350357817173,
        0.020895742826325756,
        0.02190435970602449,
        0.02417664191182297,
        0.021980580101310886,
        0.02182600150420202,
        0.02184434204650274,
        0.021713975219033572,
        0.021796574108926044,
        0.021394003623989664,
        0.021713595822640954,
        0.02419856805222308,
        0.021205865208321212,
        0.021144382327252607,
        0.021699175595436836,
        0.021727716080731287
      ],
      "rate": 51.65896887020302,
      "transition_matrix": [
        [
          0.0,
          0.9763231942401578,
          0.9768920905322604,
          0.9714125200737763,
          0.9689082302484353,
          0.9687460840993408,
          0.968687105103367,
          0.9689419332881613,
          0.9672336024003767,
          0.9764323324960423,
          0.9719421087526959,
          0.9686055820943151,
          0.9721233615062388,
          0.9777179873519972,
          0.9692655080703234,
          0.96992510767615,
          0.9691618043722043,
          0.9681299446262608,
          0.9686973269301364,
          1.473990073634546,
          0.984014552145105,
          0.9688396582917099,
          1.474990837852881,
          0.9685713274971472,
          0.972514252282155,
          0.9786602074360137,
          0.968080152421736,
          0.9693771407966977,
          0.9699218174826101,
          0.968825834583595,
          0.9692577992546187,
          0.9733827926915927,
          0.9697286263230506,
          1.301340335568016,
          0.9899972955450721,
          0.9690905884243854,
          0.9688384129107941,
          0.9689257327718493,
          0.9759925892603397,
          0.974036678751641,
          1.160927996020573,
          0.9696136071362774,
          1.4593520486149705,
          0.9693570708087547,
          0.968957687340767,
          0.9690265793097708,
          0.9689959583986424
        ],
        [
          0.9763231942401578,
          0.0,
          0.9841108058567913,
          0.9871480584168206,
          0.9750762631860844,
          0.9746800845854919,
          0.9744607253449047,
          0.9751823511192501,
          0.9706249705129611,
          0.9783959308200197,
          0.9759244095517332,
          0.9743838950867056,
          0.9786757778581348,
          0.985894493567208,
          0.9753632317601524,
          0.9800472505196881,
          0.9753039706611328,
          0.9745464236033975,
          0.9748477682752134,
          0.9757028719753545,
          0.9996094780658188,
          0.9753208353896541,
          0.9878400872283907,
          0.974989402367233,
          0.9775137298393908,
          0.9864742748720129,
          0.9730285048777734,
          0.9757040378122791,
          0.9760744718124026,
          0.9749421800097637,
          0.9753226826921169,
          0.9813416741921822,
          0.9767625082852424,
          1.1258874820231621,
          1.0007382840558534,
          0.9751664619947198,
          0.9750880256391546,
          0.9751591740408545,
          0.983448986454497,
          0.9782498889230217,
          0.9769068853238828,
          0.9754795386919712,
          0.9681080206568172,
          0.9754235749312361,
          0.9749469397647091,
          0.9752285457487276,
          0.9752041168542562
        ],
        [
          0.9768920905322604,
          0.9841108058567913,
          0.0,
          0.9779124204427544,
          0.9768906596843204,
          0.976372299013149,
          0.9761058795235242,
          0.9771520846264776,
          0.9716532149487757,
          0.9774602734049047,
          0.9769752047268964,
          0.9760309481935032,
          0.9800814344189157,
          2.45596194076329,
          0.9770094324451207,
          0.9773790563345915,
          0.9770436339281608,
          4.093143567994975,
          1.0799943013059248,
          1.1865718661324303,
          0.9864443016787423,
          0.9766317941047086,
          0.9782852886596789,
          2.156521771374227,
          0.9773406401654364,
          0.9866931462354552,
          0.9744724489584065,
          0.9773473713048725,
          0.9776461184704691,
          1.3328624269352176,
          0.9769276688091254,
          0.9777153211838521,
          0.9772738546695028,
          1.0400414801519078,
          0.99632162214247,
          1.3743769498230571,
          2.4268868358730216,
          1.4587412370659647,
          0.9840934090186627,
          0.9777951232572741,
          0.9776444426436643,
          0.9769858046833594,
          0.9707308492908979,
          0.9770282387921638,
          0.976565413351995,
          0.9769520625674997,
          0.976909470052707
        ],
        [
          0.9714125200737763,
          0.9871480584168206,
          0.9779124204427544,
          0.0,
          0.9695275766516296,
          0.9693185639016967,
          0.9692570816672846,
          0.9695467025902267,
          0.9673707934467053,
          0.9746661715303284,
          0.9697685003484225,
          0.9691687931412589,
          0.9729079678426538,
          0.9786783676110593,
          0.9698932708097163,
          0.9939118442251395,
          0.9697317973258277,
          0.968712529243251,
          0.9691207151271083,
          0.9701435765510921,
          0.9823200258946463,
          0.969393655490083,
          1.0272505935316119,
          0.9691196410882653,
          0.9731657281969183,
          0.9796829197472238,
          0.9684915335759107,
          0.9699330611856318,
          0.9705750117001497,
          0.9694374775161275,
          0.9699081294253785,
          0.9811113857000237,
          0.9701493783841416,
          1.4352768197840176,
          0.9960891035463012,
          0.9694809865967109,
          0.9694588323015121,
          0.9695498435167588,
          0.9767382332480208,
          0.9739101463392307,
          0.9715773428856099,
          0.969959991005503,
          0.9623289260148898,
          0.969984704127356,
          0.9695920106520928,
          0.9696594346884443,
          0.9696293050398718
        ],
        [
          0.9689082302484353,
          0.9750762631860844,
          0.9768906596843204,
          0.9695275766516296,
          0.0,
          0.968568135524707,
          0.9685266624073191,
          0.9690227358849296,
          0.9669107119871805,
          0.9691102496596725,
          0.9686039305033836,
          0.9684368539978278,
          0.9722772942842011,
          0.9782610606098331,
          0.9691606220444094,
          0.9690330446870851,
          0.9685965217058079,
          0.9678826566093728,
          1.3609675147323617,
          0.9693057786305587,
          0.9778335312366456,
          0.9685323109155993,
          0.9697780656034161,
          0.9679699046443042,
          0.9691724969949522,
          0.9794456732267852,
          0.9678542789309653,
          0.9688954966407917,
          0.9698913309686581,
          0.9686682506170277,
          0.9691523998947125,
          0.9695125069247851,
          0.9686008168266678,
          0.9842713202696238,
          0.9881207486158121,
          0.9690621151553978,
          0.9686717168023331,
          1.2727379992503645,
          0.976289895244272,
          0.9689547188732576,
          0.9691710262346299,
          0.9687854305889767,
          0.9612372625538526,
          0.9692516689493629,
          0.9688220100780904,
          0.9688577996538918,
          0.968830470387506
        ],
        [
          0.9687460840993408,
          0.9746800845854919,
          0.976372299013149,
          0.9693185639016967,
          0.968568135524707,
          0.0,
          0.9683711070158517,
          0.9685717876267704,
          0.9670624562046796,
          0.9689155180457523,
          0.9684260334778007,
          0.9682844910738029,
          0.9719723018454938,
          0.9777536059231076,
          0.9689620065258123,
          0.9688410917040138,
          0.9684161992911954,
          0.9677216323040408,
          0.9681329533483998,
          0.9687609681462951,
          0.9773478834739338,
          0.9683570077863367,
          0.9695829527385645,
          0.9678060186357472,
          0.9689774972755039,
          0.9789030015744318,
          1.2303116422739426,
          0.9687039306337248,
          0.9696683930831315,
          0.968485179540566,
          0.9689545426301556,
          0.9693050138731417,
          0.9684251583777306,
          0.9835621958355405,
          0.9872819553905353,
          0.9684943225406643,
          0.968487124614975,
          0.9685813934199138,
          0.9758502629162351,
          0.96876334758166,
          0.9689760713726664,
          0.9685981081396987,
          1.210968070592172,
          0.9690504989253522,
          0.9686358233466476,
          0.9686676192791546,
          0.96864130175866
        ],
        [
          0.968687105103367,
          0.9744607253449047,
          0.9761058795235242,
          0.9692570816672846,
          0.9685266624073191,
          0.9683711070158517,
          0.0,
          0.9685304447640474,
          1.1672729835744962,
          0.9688644217451117,
          0.9683874330458041,
          0.9682362341494847,
          0.9718499587438164,
          0.9774614381307885,
          0.9689102610669322,
          0.968791421018089,
          0.9683738172222993,
          0.9676878114121804,
          0.9680949140965954,
          0.9687153298551787,
          0.9770663291396239,
          0.9683183386615396,
          0.9695052134166567,
          0.9677678318913647,
          0.9689280111452413,
          0.9785987553038266,
          0.9677299900168901,
          0.968659091816265,
          0.969596531081091,
          0.9684452828480518,
          0.9689004518466872,
          0.9692445929819433,
          0.968385027449043,
          0.9831364209586742,
          0.9867316963357061,
          0.968453449842911,
          0.9684474501915192,
          0.968539641621162,
          0.9756143356075437,
          0.9687153818433277,
          0.968925969787472,
          0.9685552356114504,
          1.2707812621408556,
          0.9689980465245797,
          0.9685912691608963,
          0.968623112450744,
          0.9685974529775261
        ],
        [
          0.9689419332881613,
          0.9751823511192501,
          0.9771520846264776,
          0.9695467025902267,
          0.9690227358849296,
          0.9685717876267704,
          0.9685304447640474,
          0.0,
          0.9669083119563879,
          0.9691237098341944,
          0.968609238188271,
          0.9684397811687137,
          0.9723347946180037,
          0.9784130658170546,
          0.9691727017944402,
          0.9690447500551628,
          0.9686005194402095,
          0.9678762676413276,
          1.8118799223116324,
          1.020512893540186,
          0.9779826912614508,
          0.9685366554802496,
          0.9698024260312235,
          0.9679652115442616,
          0.9691866312716403,
          0.9796147606300816,
          0.9678548144335702,
          0.9689024889017328,
          0.9699153498145676,
          0.9686723182617402,
          0.969164957750811,
          0.9695317614426224,
          0.9686072995382842,
          0.9845329371686448,
          0.9884233303253785,
          1.2809861974859464,
          0.9686752688703002,
          0.9690091887312391,
          0.9764230408375498,
          0.9689649769765869,
          0.9691966290872851,
          0.9687912407911198,
          0.9611531394745622,
          0.9692664747601073,
          0.9688296814207547,
          0.9688642901955635,
          0.9688366545828991
        ],
        [
          0.9672336024003767,
          0.9706249705129611,
          0.9716532149487757,
          0.9673707934467053,
          0.9669107119871805,
          0.9670624562046796,
          1.1672729835744962,
          0.9669083119563879,
          0.0,
          0.9671372596474956,
          0.966843413308636,
          0.9668251289512981,
          0.9688890820625657,
          0.9723965956495761,
          0.9671488250021377,
          0.9670904167742779,
          0.9668456090317707,
          0.9664578000366647,
          0.9666756592560322,
          0.9671024447218368,
          0.9721798555217803,
          0.9668088864187147,
          0.9676191367363528,
          0.9665172580398597,
          0.9671642169570615,
          0.9730053789736829,
          0.9669851759913856,
          0.9669905170457189,
          0.9675740670346058,
          0.9668662810870259,
          0.9671567619793768,
          0.967365976847401,
          0.9668551248383982,
          0.975932367523708,
          0.97807149961684,
          0.9668676518303028,
          0.9668618260927622,
          0.9669159980915009,
          0.9712298307868509,
          0.967042975814471,
          0.9672274750093053,
          0.9669326424624269,
          11.947083888172811,
          0.9671959232854702,
          0.9669651067954329,
          0.9669710521223667,
          0.966955843081976
        ],
        [
          0.9764323324960423,
          0.9783959308200197,
          0.9774602734049047,
          0.9746661715303284,
          0.9691102496596725,
          0.9689155180457523,
          0.9688644217451117,
          0.9691237098341944,
          0.9671372596474956,
          0.0,
          0.970839697346155,
          0.9687773777945221,
          0.9735430806289779,
          0.9782835932425601,
          0.9696070060543032,
          0.971160941559768,
          0.9697651854689516,
          0.9682780944786673,
          0.9686967725946386,
          0.9711587904695949,
          0.9823369665022276,
          0.9690465768765693,
          0.9780855605608338,
          0.9690815513338112,
          0.9773866792470467,
          0.9812533773067829,
          0.9681543128912585,
          0.969828921279927,
          0.9705557610257918,
          0.969023750699961,
          0.9694848405853003,
          0.97956316607668,
          0.970845353385509,
          1.4329706800232496,
          0.9959481013681528,
          0.9690647080254415,
          0.96903725497485,
          0.9691286058231956,
          1.4624733266763756,
          0.9811219618547842,
          0.9767687935915373,
          1.443858938737138,
          0.9619576508723238,
          0.9697732736193387,
          0.9692290046436213,
          0.9692613645851835,
          0.969281526198148
        ],
        [
          0.9719421087526959,
          0.9759244095517332,
          0.9769752047268964,
          0.9697685003484225,
          0.9686039305033836,
          0.9684260334778007,
          0.9683874330458041,
          0.968609238188271,
          0.966843413308636,
          0.970839697346155,
          0.0,
          0.9683015735886731,
          0.9719423221192927,
          0.9776225749812026,
          0.9689855949338083,
          0.9690684019397926,
          0.9685598206219151,
          0.9677478916312835,
          0.9681661821566132,
          0.9696194145245763,
          0.9920513602192637,
          0.9684492514711366,
          0.9706279234594438,
          0.967928407906812,
          0.969820954681431,
          0.9786702805177476,
          0.9677413389621496,
          0.9688325067408644,
          0.9696658709242437,
          0.9685217419285694,
          0.9689745020371869,
          0.9703619344646024,
          0.9686654264320729,
          1.468390763338141,
          0.9877675122724341,
          0.9685360169431337,
          0.9685255020033456,
          0.968617459354838,
          0.9756875196313799,
          0.9700492813292962,
          0.9721461626137871,
          0.9688341795526382,
          0.9612938732254794,
          0.969075870558268,
          0.9686664190580263,
          0.9687120460875286,
          0.9686844704539801
        ],
        [
          0.9686055820943151,
          0.9743838950867056,
          0.9760309481935032,
          0.9691687931412589,
          0.9684368539978278,
          0.9682844910738029,
          0.9682362341494847,
          0.9684397811687137,
          0.9668251289512981,
          0.9687773777945221,
          0.9683015735886731,
          0.0,
          0.9717427797647956,
          0.9773672484752672,
          0.9688204597951193,
          0.9687050469052207,
          0.9682908239430174,
          0.9676160885825821,
          0.9680145806395833,
          0.968627718049921,
          0.9769770078886609,
          0.9682347605648678,
          0.9694148653661098,
          0.96769886078013,
          0.9688374882267137,
          0.9784803872759001,
          0.9676538789880377,
          0.968568866280905,
          0.9695075063963111,
          0.9683567113898851,
          0.9688142936449105,
          0.9691559585899705,
          0.968302435198789,
          0.9830122845778607,
          0.9866289732080259,
          0.9683646167344683,
          0.9683578430037546,
          0.9684493796250253,
          0.9755144108078101,
          0.9686288731168423,
          0.9688376494663011,
          0.9684664722759215,
          1.4417016818169155,
          0.9689063368117753,
          0.9685044947265302,
          0.9685335631467198,
          0.968508124972485
        ],
        [
          0.9721233615062388,
          0.9786757778581348,
          0.9800814344189157,
          0.9729079678426538,
          0.9722772942842011,
          0.9719723018454938,
          0.9718499587438164,
          0.9723347946180037,
          0.9688890820625657,
          0.9735430806289779,
          0.9719423221192927,
          0.9717427797647956,
          0.0,
          0.9820434000057836,
          0.9775637510836721,
          0.9723712371568948,
          0.9727312986735538,
          0.9715529310534299,
          0.9719594728660739,
          0.9735323981858444,
          0.9816153054180792,
          0.972975722932363,
          0.9740141138082592,
          0.9721497320136436,
          1.4035011198103704,
          1.0217179550692121,
          0.9707046645489172,
          0.9729927864553082,
          1.007536691061717,
          0.9721607266304153,
          0.9725923275956418,
          0.9728791610161804,
          0.9720368076114604,
          1.0003761411733683,
          1.0023480734920982,
          0.9722897543860759,
          0.9722277509882319,
          0.9723235105798882,
          1.3916665709404807,
          0.9732393768693487,
          0.9725796739003288,
          0.9723005552886039,
          0.9650347685997002,
          0.9761768618399557,
          0.9726162443956476,
          1.065121926632622,
          0.9781939002786304
        ],
        [
          0.9777179873519972,
          0.985894493567208,
          2.45596194076329,
          0.9786783676110593,
          0.9782610606098331,
          0.9777536059231076,
          0.9774614381307885,
          0.9784130658170546,
          0.9723965956495761,
          0.9782835932425601,
          0.9776225749812026,
          0.9773672484752672,
          0.9820434000057836,
          0.0,
          0.9785430773065362,
          0.9781114124777555,
          0.9780891381923458,
          1.46573944451555,
          0.9782268800143301,
          0.9786540217351695,
          0.9876356680889145,
          0.97757768020603,
          0.9787488976087989,
          0.9781089115833665,
          0.9780991155606322,
          0.9894790462456888,
          0.9755970112274994,
          0.9784817016778538,
          0.979322157915896,
          0.9793124175036068,
          0.9784551231061428,
          0.9786859224270181,
          0.9773952542653958,
          0.9985735033755734,
          0.99981995347461,
          0.9785613794298504,
          0.9785803496987218,
          0.9806996015596351,
          0.9868064338972655,
          0.9782435394658989,
          0.9784972369690412,
          0.978295747054102,
          0.9713427454232786,
          0.9786117270703337,
          0.9780493590407566,
          0.9783974247882807,
          0.9784050748883824
        ],
        [
          0.9692655080703234,
          0.9753632317601524,
          0.9770094324451207,
          0.9698932708097163,
          0.9691606220444094,
          0.9689620065258123,
          0.9689102610669322,
          0.9691727017944402,
          0.9671488250021377,
          0.9696070060543032,
          0.9689855949338083,
          0.9688204597951193,
          0.9775637510836721,
          0.9785430773065362,
          0.0,
          0.969405379155726,
          0.9689997330848573,
          0.9683233565310007,
          0.9687395336654043,
          0.9698076562604336,
          0.9781768272727507,
          0.9697471567951792,
          0.9701272060806971,
          0.9684064770124023,
          0.9695757215703349,
          1.001702387489444,
          0.968188681868465,
          0.9692990747073041,
          0.9719642657114882,
          0.9690719119586445,
          0.9695390782795413,
          0.9698735622335868,
          0.9689789488626659,
          0.9844726409977546,
          0.9884594836835184,
          0.9691014912861659,
          0.9690839882919281,
          0.9691790422841958,
          1.4746311624522062,
          0.9693392366013334,
          0.9695486201821268,
          0.9691882717526608,
          0.9618067457700422,
          0.9763059518527866,
          0.9695392220205538,
          0.9692737482807419,
          0.9693833986832489
        ],
        [
          0.96992510767615,
          0.9800472505196881,
          0.9773790563345915,
          0.9939118442251395,
          0.9690330446870851,
          0.9688410917040138,
          0.968791421018089,
          0.9690447500551628,
          0.9670904167742779,
          0.971160941559768,
          0.9690684019397926,
          0.9687050469052207,
          0.9723712371568948,
          0.9781114124777555,
          0.969405379155726,
          0.0,
          0.9690377109824042,
          0.9682034753763274,
          0.9686113464151004,
          0.9694317846656312,
          1.2321653489322077,
          0.9689057682563468,
          1.0451068942008246,
          0.9684293268733574,
          0.9706539679965175,
          0.979119954282192,
          0.9680916721299725,
          0.96930216213723,
          0.970083908685698,
          0.9689474781924204,
          0.9694028598789398,
          0.973754403160249,
          0.9692339457702679,
          1.5639543470647828,
          0.9903446582963099,
          0.9689723701436639,
          0.9689596630406107,
          0.9690507284536269,
          0.9761551863976361,
          0.9708064599940776,
          0.9701593234810812,
          0.9692440534602378,
          0.961791632750062,
          0.9694940901451633,
          0.9690911731693467,
          0.969146714091732,
          0.9691186845476643
        ],
        [
          0.9691618043722043,
          0.9753039706611328,
          0.9770436339281608,
          0.9697317973258277,
          0.9685965217058079,
          0.9684161992911954,
          0.9683738172222993,
          0.9686005194402095,
          0.9668456090317707,
          0.9697651854689516,
          0.9685598206219151,
          0.9682908239430174,
          0.9727312986735538,
          0.9780891381923458,
          0.9689997330848573,
          0.9690377109824042,
          0.0,
          0.9678310649476523,
          0.9681530210125489,
          0.9688841464064786,
          0.9779530392714676,
          0.9684229842390845,
          1.0671875752960869,
          2.7130098473347664,
          1.0643865910307566,
          0.9792052513606052,
          0.9677364502007005,
          1.6328479324238057,
          0.9697234088366126,
          0.9685122466044651,
          0.9689954177292369,
          0.9700498780273492,
          0.972756805770178,
          1.0952753652026423,
          0.9908269124815069,
          0.9685235969330783,
          0.9685154552665947,
          0.9686105511800863,
          0.9760935799144976,
          1.4552532528942221,
          0.9693520042145147,
          0.9687082227366269,
          0.961237516383998,
          0.9690906238274074,
          0.9686682222138668,
          0.9693616668008896,
          0.9691214640639141
        ],
        [
          0.9681299446262608,
          0.9745464236033975,
          4.093143567994975,
          0.968712529243251,
          0.9678826566093728,
          0.9677216323040408,
          0.9676878114121804,
          0.9678762676413276,
          0.9664578000366647,
          0.9682780944786673,
          0.9677478916312835,
          0.9676160885825821,
          0.9715529310534299,
          1.46573944451555,
          0.9683233565310007,
          0.9682034753763274,
          0.9678310649476523,
          0.0,
          0.967532574216225,
          0.9683822321565708,
          0.9774398783555052,
          0.9676853827936429,
          0.9690543676472461,
          1.4512036836289406,
          0.9684256473124542,
          0.9790625656952153,
          0.9671561331062629,
          0.9680803344759159,
          0.9690879706948096,
          1.1624531530714979,
          0.9683203593055312,
          0.9687076262200708,
          0.9677738603211782,
          0.9882514741532938,
          0.9882040648087053,
          0.9679947486236793,
          0.9681751103071758,
          0.9680153575740199,
          0.9757642008167045,
          0.9681668207649253,
          0.9683332745417409,
          0.9679146827745675,
          0.9600183617366428,
          0.9684228089961944,
          0.9679790833933251,
          0.967990206220725,
          0.9679607667677244
        ],
        [
          0.9686973269301364,
          0.9748477682752134,
          1.0799943013059248,
          0.9691207151271083,
          1.3609675147323617,
          0.9681329533483998,
          0.9680949140965954,
          1.8118799223116324,
          0.9666756592560322,
          0.9686967725946386,
          0.9681661821566132,
          0.9680145806395833,
          0.9719594728660739,
          0.9782268800143301,
          0.9687395336654043,
          0.9686113464151004,
          0.9681530210125489,
          0.967532574216225,
          0.0,
          1.7604771961474506,
          0.9777137680105321,
          0.9680949481150309,
          0.969404018642627,
          0.9675247778987339,
          0.9687688658053154,
          0.9793965463241718,
          0.9674929060079678,
          0.9684484133577952,
          0.9694989624488416,
          0.9682433647560821,
          0.9687284932826489,
          0.9691141540775303,
          0.968169538954706,
          0.9848578798499583,
          0.9883186307138946,
          2.2995232851051153,
          0.9682849062083602,
          1.329473353447384,
          0.9762035676385477,
          0.9685194484115021,
          0.9688847671681692,
          0.9683395420540777,
          0.9604849969482656,
          0.9688550389864911,
          0.9683921593275667,
          0.9684136557472919,
          0.968384858742489
        ],
        [
          1.473990073634546,
          0.9757028719753545,
          1.1865718661324303,
          0.9701435765510921,
          0.9693057786305587,
          0.9687609681462951,
          0.9687153298551787,
          1.020512893540186,
          0.9671024447218368,
          0.9711587904695949,
          0.9696194145245763,
          0.968627718049921,
          0.9735323981858444,
          0.9786540217351695,
          0.9698076562604336,
          0.9694317846656312,
          0.9688841464064786,
          0.9683822321565708,
          1.7604771961474506,
          0.0,
          0.9798843124270059,
          0.9689000380032695,
          0.9766057885187736,
          0.9683692846465561,
          0.9701622030005069,
          0.9817501509770866,
          0.9680408384413429,
          0.9691682282008057,
          0.9721061522550289,
          0.9689019734845921,
          0.9693386448768423,
          0.970632563093846,
          0.9690832076355542,
          1.0762086590327111,
          0.9892838144518504,
          2.190263470614288,
          0.9689990419797563,
          0.9693273633739778,
          1.461636720545857,
          0.9704157615853187,
          1.0202955065974435,
          0.9691513312640564,
          0.9722843928667153,
          0.9759964452390224,
          0.9693237352611591,
          0.9690593713016644,
          0.9691088395133161
        ],
        [
          0.984014552145105,
          0.9996094780658188,
          0.9864443016787423,
          0.9823200258946463,
          0.9778335312366456,
          0.9773478834739338,
          0.9770663291396239,
          0.9779826912614508,
          0.9721798555217803,
          0.9823369665022276,
          0.9920513602192637,
          0.9769770078886609,
          0.9816153054180792,
          0.9876356680889145,
          0.9781768272727507,
          1.2321653489322077,
          0.9779530392714676,
          0.9774398783555052,
          0.9777137680105321,
          0.9798843124270059,
          0.0,
          0.9775171402254583,
          0.9978169016155094,
          0.9777675690194418,
          0.9797895282253608,
          0.9895548623501328,
          0.9752643057369135,
          0.9783177433558063,
          0.9789763905650873,
          0.977681127378797,
          0.9779873446294076,
          0.9811514599698258,
          0.9779355953762903,
          1.7225079828782281,
          1.0008673536226322,
          0.9779956871117969,
          0.9778817028944263,
          0.9779431135807153,
          0.9872641730990028,
          0.9809802035363239,
          0.9848145482477525,
          0.9783507582506816,
          0.9712203199808256,
          0.9782772418430695,
          0.9776294497206044,
          0.977990237548362,
          0.9780500412145371
        ],
        [
          0.9688396582917099,
          0.9753208353896541,
          0.9766317941047086,
          0.969393655490083,
          0.9685323109155993,
          0.9683570077863367,
          0.9683183386615396,
          0.9685366554802496,
          0.9668088864187147,
          0.9690465768765693,
          0.9684492514711366,
          0.9682347605648678,
          0.972975722932363,
          0.97757768020603,
          0.9697471567951792,
          0.9689057682563468,
          0.9684229842390845,
          0.9676853827936429,
          0.9680949481150309,
          0.9689000380032695,
          0.9775171402254583,
          0.0,
          0.9696827812171992,
          0.9684882390237921,
          0.9690731961160476,
          0.9809784867076949,
          0.9676865923175709,
          0.9687115601346232,
          0.9700564937229055,
          0.9684509107335662,
          0.968905447526062,
          0.9694212912304968,
          1.276617467664595,
          1.3091698370171774,
          0.9870793374000697,
          0.9684603222861482,
          0.9684540500671934,
          0.9685455500719775,
          1.448516904849356,
          0.9688400063876618,
          0.9690892149999468,
          0.9686010712072924,
          0.9612356863442623,
          0.970819316526363,
          0.968715523029728,
          0.9686361376419067,
          0.9686790004867781
        ],
        [
          1.474990837852881,
          0.9878400872283907,
          0.9782852886596789,
          1.0272505935316119,
          0.9697780656034161,
          0.9695829527385645,
          0.9695052134166567,
          0.9698024260312235,
          0.9676191367363528,
          0.9780855605608338,
          0.9706279234594438,
          0.9694148653661098,
          0.9740141138082592,
          0.9787488976087989,
          0.9701272060806971,
          1.0451068942008246,
          1.0671875752960869,
          0.9690543676472461,
          0.969404018642627,
          0.9766057885187736,
          0.9978169016155094,
          0.9696827812171992,
          0.0,
          1.0453555456958865,
          1.1176714269229615,
          0.9796780671673038,
          0.9687529005937242,
          1.0599457290061554,
          0.9707913924112783,
          0.9696875347448225,
          0.9701419445466161,
          0.9826732630640772,
          0.9780585527688211,
          1.7104740411091317,
          1.0004740363229574,
          0.9697496351157461,
          0.9697147270586866,
          0.9698029907868096,
          0.9768324805672877,
          1.0360157041900688,
          0.9758820934911535,
          0.9706306993430956,
          1.4599382618133927,
          0.9702140946465224,
          0.9698305295255193,
          0.9708699960050741,
          0.970520510750587
        ],
        [
          0.9685713274971472,
          0.974989402367233,
          2.156521771374227,
          0.9691196410882653,
          0.9679699046443042,
          0.9678060186357472,
          0.9677678318913647,
          0.9679652115442616,
          0.9665172580398597,
          0.9690815513338112,
          0.967928407906812,
          0.96769886078013,
          0.9721497320136436,
          0.9781089115833665,
          0.9684064770124023,
          0.9684293268733574,
          2.7130098473347664,
          1.4512036836289406,
          0.9675247778987339,
          0.9683692846465561,
          0.9777675690194418,
          0.9684882390237921,
          1.0453555456958865,
          0.0,
          1.0465761948485204,
          0.9791215699696392,
          0.9672295002975941,
          1.13288421923352,
          0.9691661038229111,
          0.9679731405299826,
          0.9684006932894897,
          0.9694081890921864,
          1.457294223675853,
          1.080338673698224,
          0.9906013882171751,
          0.9679471024875475,
          0.9682006483116252,
          0.9679888287201481,
          0.9758597085813435,
          1.428516993351821,
          0.968726082852968,
          0.9680747692749442,
          0.960103904820354,
          0.9685063954722539,
          0.9680627923071122,
          0.9686051251525167,
          0.9684046863925253
        ],
        [
          0.972514252282155,
          0.9775137298393908,
          0.9773406401654364,
          0.9731657281969183,
          0.9691724969949522,
          0.9689774972755039,
          0.9689280111452413,
          0.9691866312716403,
          0.9671642169570615,
          0.9773866792470467,
          0.969820954681431,
          0.9688374882267137,
          1.4035011198103704,
          0.9780991155606322,
          0.9695757215703349,
          0.9706539679965175,
          1.0643865910307566,
          0.9684256473124542,
          0.9687688658053154,
          0.9701622030005069,
          0.9797895282253608,
          0.9690731961160476,
          1.1176714269229615,
          1.0465761948485204,
          0.0,
          0.979448146843736,
          0.9682050736990265,
          1.0667750152688198,
          0.9703760967999263,
          0.9690871894714704,
          0.9697241184382136,
          0.9765310722366735,
          1.0088491900585825,
          1.4763431267445386,
          1.4807085306056837,
          0.9691208088373633,
          0.9691022599168408,
          0.9691914397950867,
          0.977311148391485,
          1.0501698194474267,
          0.9726891532586929,
          0.9699444110113511,
          0.9622001800194381,
          0.9697693553277811,
          0.9693283501959665,
          1.402364042811317,
          1.4593258392004382
        ],
        [
          0.9786602074360137,
          0.9864742748720129,
          0.9866931462354552,
          0.9796829197472238,
          0.9794456732267852,
          0.9789030015744318,
          0.9785987553038266,
          0.9796147606300816,
          0.9730053789736829,
          0.9812533773067829,
          0.9786702805177476,
          0.9784803872759001,
          1.0217179550692121,
          0.9894790462456888,
          1.001702387489444,
          0.979119954282192,
          0.9792052513606052,
          0.9790625656952153,
          0.9793965463241718,
          0.9817501509770866,
          0.9895548623501328,
          0.9809784867076949,
          0.9796780671673038,
          0.9791215699696392,
          0.979448146843736,
          0.0,
          0.9765410147525171,
          0.9796234548230764,
          0.9949187429131602,
          0.9792712588626766,
          0.9795564030940141,
          0.9796163030114151,
          0.9783533700727217,
          0.996438235250227,
          1.0012135853763604,
          0.9796417122522285,
          0.9794775231089085,
          0.9795603053715057,
          1.535652087934068,
          0.9792788765699877,
          0.9794966587519602,
          0.9794531031754536,
          0.9728811665148187,
          0.9892658306820183,
          0.979972664875971,
          0.9796929302421028,
          0.9814351078729708
        ],
        [
          0.968080152421736,
          0.9730285048777734,
          0.9744724489584065,
          0.9684915335759107,
          0.9678542789309653,
          1.2303116422739426,
          0.9677299900168901,
          0.9678548144335702,
          0.9669851759913856,
          0.9681543128912585,
          0.9677413389621496,
          0.9676538789880377,
          0.9707046645489172,
          0.9755970112274994,
          0.968188681868465,
          0.9680916721299725,
          0.9677364502007005,
          0.9671561331062629,
          0.9674929060079678,
          0.9680408384413429,
          0.9752643057369135,
          0.9676865923175709,
          0.9687529005937242,
          0.9672295002975941,
          0.9682050736990265,
