Map from character to field name
A:	CA/Contra-Costa
B:	CA/Kern
C:	CA/Los-Angeles
D:	CA/Losangeles
E:	CA/Riverside
F:	CA/Sacramento
G:	CA/San-Diego
H:	CA/Yolo
I:	CAN/QC
J:	CO/Larimer
K:	CO/Weld
L:	CT
M:	DC/District-Of-Columbia
N:	FC-019
O:	FC-031
P:	FC-036
Q:	FC-039
R:	FC-047
S:	FC-060
T:	FC-064
U:	FC-066GR
V:	FC-069
W:	FC-075
X:	FC-075GR
Y:	FC-088GR
Z:	FC-092GR
[:	ID/Unknown
\:	IL/Unknown
]:	ISR/D/Eilat
^:	LV-117
_:	MD
`:	MEX/BCN/Unknown
a:	MN
b:	NJ/Unknown
c:	NY
d:	OH
e:	OR/Umatilla
f:	PA/Bucks
g:	PA/Unknown
h:	TX/El-Paso
i:	TX/Fort-Bend
j:	TX/Harris
k:	TX/Jefferson
l:	VA
m:	WA
n:	?


Substitution rate (mu): 418.52677

Equilibrium frequencies (pi_i):
  A: 0.0217
  B: 0.0235
  C: 0.0222
  D: 0.0222
  E: 0.0217
  F: 0.0222
  G: 0.0231
  H: 0.0222
  I: 0.0226
  J: 0.0231
  K: 0.0219
  L: 0.0217
  M: 0.0217
  N: 0.0224
  O: 0.0225
  P: 0.0224
  Q: 0.0224
  R: 0.0224
  S: 0.0223
  T: 0.0224
  U: 0.0222
  V: 0.0224
  W: 0.0223
  X: 0.0223
  Y: 0.0225
  Z: 0.0226
  [: 0.0218
  \: 0.0221
  ]: 0.0221
  ^: 0.0224
  _: 0.022
  `: 0.0219
  a: 0.0221
  b: 0.0219
  c: 0.0212
  d: 0.0223
  e: 0.0223
  f: 0.0221
  g: 0.0221
  h: 0.0221
  i: 0.0224
  j: 0.0221
  k: 0.0217
  l: 0.0223
  m: 0.0223

Symmetrized rates from j->i (W_ij):
	A	B	C	D	E	F	G	H	I	J	K	L	M	N	O	P	Q	R	S	T	U	V	W	X	Y	Z	[	\	]	^	_	`	a	b	c	d	e	f	g	h	i	j	k	l	m
  A	0	1.4984	0.9892	0.9919	0.9906	0.9891	0.9911	0.9917	0.9949	0.9983	0.989	0.9942	0.9897	0.9908	0.9933	0.991	0.991	0.9991	0.9903	0.9909	0.9902	0.9907	0.9898	0.9901	0.9922	0.9913	0.9918	0.9908	0.9918	0.9909	0.991	0.9924	0.9915	0.9891	1.0025	0.9903	0.991	0.9899	0.9899	0.9924	0.9907	0.9966	0.9888	0.9903	0.9912
  B	1.4984	0	0.9975	1.0235	1.4346	0.9976	1.2518	1.0256	1.0042	1.1092	0.9976	1.0046	0.9975	0.999	1.0024	0.9991	0.9991	1.0094	0.9983	0.9997	0.9982	0.999	0.9977	0.998	1.0009	0.9995	1.4567	1.1007	1.0002	0.9991	0.9996	1.2826	1.0659	0.997	1.0792	0.9984	1.0977	0.9978	0.9978	1.1927	0.9988	1.0903	0.9963	0.9984	1.1288
  C	0.9892	0.9975	0	1.5421	0.9904	0.9898	1.0289	1.0034	0.9955	0.9985	0.9895	0.9949	0.9901	0.9912	0.9939	0.9914	0.9914	0.9998	0.9907	0.9914	0.9907	0.9912	0.9903	0.9906	0.9927	0.9918	0.9913	0.9909	0.9923	0.9914	0.9915	0.9921	0.9923	0.9895	1.0069	0.9907	0.991	0.9904	0.9904	0.9925	0.9911	0.9979	0.9892	0.9907	0.9912
  D	0.9919	1.0235	1.5421	0	0.9938	1.0064	1.5074	1.3832	0.9992	1.0043	0.9942	1.002	0.993	0.9944	0.9972	0.9941	0.9941	1.0036	0.9933	0.9954	0.9934	0.9944	0.9929	0.9932	0.9954	0.9944	0.994	0.9964	0.996	0.994	0.9959	1.004	1.0329	0.9925	1.1742	0.994	0.9937	0.9931	0.9931	1.0189	0.9938	1.0556	0.9917	0.994	0.9939
  E	0.9906	1.4346	0.9904	0.9938	0	0.9902	1.262	0.9935	0.996	1.0001	0.9902	0.9954	0.9908	0.9919	0.9945	0.9921	0.9921	1.0003	0.9914	0.992	0.9913	0.9919	0.991	0.9913	0.9933	0.9924	0.9931	0.9926	0.9929	0.9921	0.9921	0.9955	0.9931	0.9902	1.0042	0.9914	0.9921	0.9911	0.9911	0.9947	0.9918	0.9984	0.9899	0.9914	0.9924
  F	0.9891	0.9976	0.9898	1.0064	0.9902	0	1.0042	1.5214	0.9953	0.9984	0.9894	0.9949	0.99	0.9911	0.9938	0.9913	0.9913	0.9997	0.9906	0.9913	0.9905	0.9911	0.9901	0.9905	0.9925	0.9917	0.9912	0.9908	0.9922	0.9913	0.9914	0.9921	0.9927	0.9894	1.0102	0.9906	0.9909	0.9902	0.9902	0.9926	0.991	0.9987	0.9891	0.9906	0.9911
  G	0.9911	1.2518	1.0289	1.5074	1.262	1.0042	0	1.5133	0.9971	1.001	0.991	0.9968	0.9915	0.9927	0.9955	0.9929	0.9929	1.0017	0.9922	0.9929	0.9921	0.9927	0.9917	0.992	0.9942	0.9933	0.9935	0.993	0.9938	0.9929	0.9931	0.9953	0.996	0.9909	1.0193	0.9922	0.9928	0.9918	0.9918	0.996	0.9926	1.003	0.9905	0.9922	0.993
  H	0.9917	1.0256	1.0034	1.3832	0.9935	1.5214	1.5133	0	0.9991	1.0043	0.9943	1.0024	0.9928	0.9942	0.9971	0.9939	0.9939	1.0035	0.9931	0.9953	0.9932	0.9942	0.9926	0.993	0.9951	0.9942	0.9938	0.9965	0.996	0.9938	0.9959	1.0047	1.037	0.9923	1.2009	0.9939	0.9934	0.9929	0.9929	1.0213	0.9936	1.0621	0.9915	0.9939	0.9937
  I	0.9949	1.0042	0.9955	0.9992	0.996	0.9953	0.9971	0.9991	0	1.1619	0.9969	1.0046	0.9962	1.2341	1.0418	1.1884	1.1875	1.1783	0.9994	1.0141	1.0138	1.2326	0.9976	0.9995	1.0168	1.0045	0.997	0.9973	0.9989	1.0157	0.9986	0.9984	0.9985	0.9958	1.1432	0.9971	0.9968	0.9963	0.9963	0.9985	1.0119	1.0772	0.9949	0.9971	0.997
  J	0.9983	1.1092	0.9985	1.0043	1.0001	0.9984	1.001	1.0043	1.1619	0	0.9985	1.0047	0.9989	1.0017	1.1691	1.0724	1.072	1.4637	1.0837	1.1232	1.0614	1.0016	1.0417	1.0212	1.4438	1.1446	1.0006	1.4323	1.0014	1.1431	1.0006	1.2249	1.0094	0.9984	1.0368	0.9997	1.0001	0.9992	0.9992	1.0263	1.1178	1.0444	0.9978	0.9997	1.0004
  K	0.989	0.9976	0.9895	0.9942	0.9902	0.9894	0.991	0.9943	0.9969	0.9985	0	1.0011	0.9902	0.9919	0.9946	0.9913	0.9912	1.001	0.9905	0.993	0.9906	0.9919	0.9901	0.9904	0.9925	0.9916	0.9911	0.9907	0.9941	0.9912	0.9944	0.9921	0.9928	0.9895	1.4994	0.9917	0.9908	0.9903	0.9903	0.9927	0.9909	1.0137	0.989	0.9917	0.991
  L	0.9942	1.0046	0.9949	1.002	0.9954	0.9949	0.9968	1.0024	1.0046	1.0047	1.0011	0	1.3152	0.9985	1.0014	0.9967	0.9967	1.0082	0.9959	1.0011	0.9963	0.9985	0.9954	0.9958	0.998	0.9971	0.9963	0.9963	1.3477	0.9966	1.1216	0.998	0.9999	1.0967	2.8805	1.0452	0.9962	1.2397	1.2397	0.9994	0.9964	1.0227	1.5015	1.0452	0.9963
  M	0.9897	0.9975	0.9901	0.993	0.9908	0.99	0.9915	0.9928	0.9962	0.9989	0.9902	1.3152	0	0.9919	0.9945	0.9919	0.9919	1.0004	0.9912	0.9921	0.9912	0.9919	0.9907	0.991	0.9931	0.9922	0.9917	0.9913	0.9938	0.9918	0.9926	0.9925	0.9923	0.9989	1.2504	0.9915	0.9914	1.0332	1.0332	0.9927	0.9916	0.9979	0.9899	0.9915	0.9916
  N	0.9908	0.999	0.9912	0.9944	0.9919	0.9911	0.9927	0.9942	1.2341	1.0017	0.9919	0.9985	0.9919	0	1.0014	0.9937	0.9936	1.0133	0.9924	0.9937	0.9931	1.4466	0.9919	0.9923	0.9947	0.9936	0.9928	0.9925	0.9943	0.9932	0.9937	0.9937	0.9937	0.9914	1.0763	0.9926	0.9926	0.992	0.992	0.9939	0.9929	1.0335	0.9907	0.9926	0.9928
  O	0.9933	1.0024	0.9939	0.9972	0.9945	0.9938	0.9955	0.9971	1.0418	1.1691	0.9946	1.0014	0.9945	1.0014	0	1.0084	1.0084	1.2962	0.9976	1.4558	1.0256	1.0013	0.996	0.9978	1.0113	1.0022	0.9955	0.9957	0.997	1.1089	0.9964	0.9968	0.9968	0.994	1.0823	0.9953	0.9952	0.9947	0.9947	0.9969	1.0894	1.1545	0.9933	0.9953	0.9954
  P	0.991	0.9991	0.9914	0.9941	0.9921	0.9913	0.9929	0.9939	1.1884	1.0724	0.9913	0.9967	0.9919	0.9937	1.0084	0	1.3655	1.0736	0.9935	0.9999	0.9978	0.9936	0.9926	0.9935	1.0023	0.9963	0.9931	0.9929	0.9941	1.0011	0.9933	0.994	0.9934	0.9913	1.0064	0.9925	0.9928	0.9922	0.9922	0.9939	0.9994	1.0014	0.991	0.9925	0.993
  Q	0.991	0.9991	0.9914	0.9941	0.9921	0.9913	0.9929	0.9939	1.1875	1.072	0.9912	0.9967	0.9919	0.9936	1.0084	1.3655	0	1.0733	0.9935	0.9999	0.9977	0.9936	0.9926	0.9935	1.0022	0.9963	0.9931	0.9929	0.9941	1.0011	0.9933	0.994	0.9934	0.9913	1.0064	0.9925	0.9928	0.9922	0.9922	0.9939	0.9993	1.0013	0.991	0.9925	0.993
  R	0.9991	1.0094	0.9998	1.0036	1.0003	0.9997	1.0017	1.0035	1.1783	1.4637	1.001	1.0082	1.0004	1.0133	1.2962	1.0736	1.0733	0	1.0866	1.0345	1.3445	1.0132	1.0447	1.2108	1.2426	1.2788	1.0013	1.0025	1.0032	1.0388	1.0028	1.0034	1.0032	1.0	1.1112	1.0014	1.0012	1.0006	1.0006	1.0032	1.0318	1.2195	0.9991	1.0014	1.0014
  S	0.9903	0.9983	0.9907	0.9933	0.9914	0.9906	0.9922	0.9931	0.9994	1.0837	0.9905	0.9959	0.9912	0.9924	0.9976	0.9935	0.9935	1.0866	0	0.993	0.9943	0.9924	1.0639	0.9938	1.3328	1.0132	0.9924	0.9921	0.9934	0.993	0.9926	0.9932	0.9927	0.9906	1.0047	0.9918	0.9921	0.9915	0.9915	0.9932	0.9927	0.9993	0.9903	0.9918	0.9923
  T	0.9909	0.9997	0.9914	0.9954	0.992	0.9913	0.9929	0.9953	1.0141	1.1232	0.993	1.0011	0.9921	0.9937	1.4558	0.9999	0.9999	1.0345	0.993	0	0.9949	0.9937	0.9923	0.9928	0.9982	0.9948	0.993	0.9931	0.9951	1.0937	0.9949	0.9943	0.9943	0.9914	1.4834	0.9931	0.9927	0.9923	0.9923	0.9945	1.076	1.0133	0.9909	0.9931	0.9929
  U	0.9902	0.9982	0.9907	0.9934	0.9913	0.9905	0.9921	0.9932	1.0138	1.0614	0.9906	0.9963	0.9912	0.9931	1.0256	0.9978	0.9977	1.3445	0.9943	0.9949	0	0.9931	0.9927	0.9944	1.015	1.0001	0.9923	0.9921	0.9934	0.995	0.9926	0.9931	0.9928	0.9906	1.0158	0.9918	0.992	0.9914	0.9914	0.9931	0.9943	1.022	0.9902	0.9918	0.9922
  V	0.9907	0.999	0.9912	0.9944	0.9919	0.9911	0.9927	0.9942	1.2326	1.0016	0.9919	0.9985	0.9919	1.4466	1.0013	0.9936	0.9936	1.0132	0.9924	0.9937	0.9931	0	0.9919	0.9923	0.9947	0.9936	0.9928	0.9924	0.9942	0.9932	0.9937	0.9937	0.9937	0.9914	1.0758	0.9926	0.9926	0.992	0.992	0.9939	0.9929	1.0332	0.9907	0.9926	0.9928
  W	0.9898	0.9977	0.9903	0.9929	0.991	0.9901	0.9917	0.9926	0.9976	1.0417	0.9901	0.9954	0.9907	0.9919	0.996	0.9926	0.9926	1.0447	1.0639	0.9923	0.9927	0.9919	0	0.9924	1.4917	1.0029	0.9919	0.9916	0.9929	0.9923	0.9921	0.9927	0.9922	0.9901	1.0038	0.9913	0.9916	0.991	0.991	0.9927	0.992	0.9982	0.9898	0.9913	0.9918
  X	0.9901	0.998	0.9906	0.9932	0.9913	0.9905	0.992	0.993	0.9995	1.0212	0.9904	0.9958	0.991	0.9923	0.9978	0.9935	0.9935	1.2108	0.9938	0.9928	0.9944	0.9923	0.9924	0	1.0109	1.4847	0.9922	0.9918	0.9932	0.9929	0.9924	0.9929	0.9925	0.9904	1.0046	0.9917	0.9919	0.9913	0.9913	0.993	0.9926	0.9993	0.9901	0.9917	0.9921
  Y	0.9922	1.0009	0.9927	0.9954	0.9933	0.9925	0.9942	0.9951	1.0168	1.4438	0.9925	0.998	0.9931	0.9947	1.0113	1.0023	1.0022	1.2426	1.3328	0.9982	1.015	0.9947	1.4917	1.0109	0	1.5606	0.9943	0.9948	0.9953	0.9988	0.9945	0.9958	0.9947	0.9925	1.0097	0.9938	0.994	0.9934	0.9934	0.9953	0.9977	1.0075	0.9922	0.9938	0.9942
  Z	0.9913	0.9995	0.9918	0.9944	0.9924	0.9917	0.9933	0.9942	1.0045	1.1446	0.9916	0.9971	0.9922	0.9936	1.0022	0.9963	0.9963	1.2788	1.0132	0.9948	1.0001	0.9936	1.0029	1.4847	1.5606	0	0.9934	0.9933	0.9944	0.995	0.9937	0.9944	0.9938	0.9916	1.0071	0.9929	0.9931	0.9925	0.9925	0.9942	0.9945	1.0025	0.9913	0.9929	0.9933
  [	0.9918	1.4567	0.9913	0.994	0.9931	0.9912	0.9935	0.9938	0.997	1.0006	0.9911	0.9963	0.9917	0.9928	0.9955	0.9931	0.9931	1.0013	0.9924	0.993	0.9923	0.9928	0.9919	0.9922	0.9943	0.9934	0	0.993	0.9938	0.993	0.9931	0.9947	0.9936	0.9911	1.0047	0.9923	1.1021	0.992	0.992	0.9946	0.9928	0.9988	0.9908	0.9923	1.1366
  \	0.9908	1.1007	0.9909	0.9964	0.9926	0.9908	0.993	0.9965	0.9973	1.4323	0.9907	0.9963	0.9913	0.9925	0.9957	0.9929	0.9929	1.0025	0.9921	0.9931	0.9921	0.9924	0.9916	0.9918	0.9948	0.9933	0.993	0	0.9935	0.9931	0.9927	1.2162	1.0017	0.9907	1.0132	0.9919	0.9924	0.9916	0.9916	1.0188	0.9927	1.0098	0.9904	0.9919	0.9926
  ]	0.9918	1.0002	0.9923	0.996	0.9929	0.9922	0.9938	0.996	0.9989	1.0014	0.9941	1.3477	0.9938	0.9943	0.997	0.9941	0.9941	1.0032	0.9934	0.9951	0.9934	0.9942	0.9929	0.9932	0.9953	0.9944	0.9938	0.9935	0	0.994	1.0355	0.9947	0.9949	0.9929	1.1383	1.0084	0.9936	0.9938	0.9938	0.9951	0.9938	1.007	0.9927	1.0084	0.9938
  ^	0.9909	0.9991	0.9914	0.994	0.9921	0.9913	0.9929	0.9938	1.0157	1.1431	0.9912	0.9966	0.9918	0.9932	1.1089	1.0011	1.0011	1.0388	0.993	1.0937	0.995	0.9932	0.9923	0.9929	0.9988	0.995	0.993	0.9931	0.994	0	0.9933	0.9941	0.9934	0.9913	1.0058	0.9925	0.9928	0.9921	0.9921	0.9939	1.424	1.0001	0.9909	0.9925	0.993
  _	0.991	0.9996	0.9915	0.9959	0.9921	0.9914	0.9931	0.9959	0.9986	1.0006	0.9944	1.1216	0.9926	0.9937	0.9964	0.9933	0.9933	1.0028	0.9926	0.9949	0.9926	0.9937	0.9921	0.9924	0.9945	0.9937	0.9931	0.9927	1.0355	0.9933	0	0.9941	0.9946	0.9919	1.2328	1.1983	0.9928	0.9926	0.9926	0.9945	0.993	1.0113	0.9914	1.1983	0.993
  `	0.9924	1.2826	0.9921	1.004	0.9955	0.9921	0.9953	1.0047	0.9984	1.2249	0.9921	0.998	0.9925	0.9937	0.9968	0.994	0.994	1.0034	0.9932	0.9943	0.9931	0.9937	0.9927	0.9929	0.9958	0.9944	0.9947	1.2162	0.9947	0.9941	0.9941	0	1.0216	0.992	1.0339	0.9932	0.9937	0.9927	0.9927	1.0738	0.9938	1.0352	0.9915	0.9932	0.994
  a	0.9915	1.0659	0.9923	1.0329	0.9931	0.9927	0.996	1.037	0.9985	1.0094	0.9928	0.9999	0.9923	0.9937	0.9968	0.9934	0.9934	1.0032	0.9927	0.9943	0.9928	0.9937	0.9922	0.9925	0.9947	0.9938	0.9936	1.0017	0.9949	0.9934	0.9946	1.0216	0	0.9918	1.1154	0.9931	0.9931	0.9924	0.9924	1.0662	0.9931	1.4683	0.9911	0.9931	0.9933
  b	0.9891	0.997	0.9895	0.9925	0.9902	0.9894	0.9909	0.9923	0.9958	0.9984	0.9895	1.0967	0.9989	0.9914	0.994	0.9913	0.9913	1.0	0.9906	0.9914	0.9906	0.9914	0.9901	0.9904	0.9925	0.9916	0.9911	0.9907	0.9929	0.9913	0.9919	0.992	0.9918	0	1.4813	0.9909	0.9908	0.9917	0.9917	0.9922	0.991	0.9976	0.9892	0.9909	0.991
  c	1.0025	1.0792	1.0069	1.1742	1.0042	1.0102	1.0193	1.2009	1.1432	1.0368	1.4994	2.8805	1.2504	1.0763	1.0823	1.0064	1.0064	1.1112	1.0047	1.4834	1.0158	1.0758	1.0038	1.0046	1.0097	1.0071	1.0047	1.0132	1.1383	1.0058	1.2328	1.0339	1.1154	1.4813	0	1.0964	1.0042	1.0545	1.0545	1.0798	1.0053	1.464	1.0029	1.0964	1.0045
  d	0.9903	0.9984	0.9907	0.994	0.9914	0.9906	0.9922	0.9939	0.9971	0.9997	0.9917	1.0452	0.9915	0.9926	0.9953	0.9925	0.9925	1.0014	0.9918	0.9931	0.9918	0.9926	0.9913	0.9917	0.9938	0.9929	0.9923	0.9919	1.0084	0.9925	1.1983	0.9932	0.9931	0.9909	1.0964	0	0.9921	0.9917	0.9917	0.9934	0.9922	1.0029	0.9904	1.4233	0.9923
  e	0.991	1.0977	0.991	0.9937	0.9921	0.9909	0.9928	0.9934	0.9968	1.0001	0.9908	0.9962	0.9914	0.9926	0.9952	0.9928	0.9928	1.0012	0.9921	0.9927	0.992	0.9926	0.9916	0.9919	0.994	0.9931	1.1021	0.9924	0.9936	0.9928	0.9928	0.9937	0.9931	0.9908	1.0042	0.9921	0	0.9917	0.9917	0.9937	0.9925	0.9983	0.9905	0.9921	1.4551
  f	0.9899	0.9978	0.9904	0.9931	0.9911	0.9902	0.9918	0.9929	0.9963	0.9992	0.9903	1.2397	1.0332	0.992	0.9947	0.9922	0.9922	1.0006	0.9915	0.9923	0.9914	0.992	0.991	0.9913	0.9934	0.9925	0.992	0.9916	0.9938	0.9921	0.9926	0.9927	0.9924	0.9917	1.0545	0.9917	0.9917	0	1.3872	0.9928	0.9919	0.9977	0.9903	0.9917	0.9919
  g	0.9899	0.9978	0.9904	0.9931	0.9911	0.9902	0.9918	0.9929	0.9963	0.9992	0.9903	1.2397	1.0332	0.992	0.9947	0.9922	0.9922	1.0006	0.9915	0.9923	0.9914	0.992	0.991	0.9913	0.9934	0.9925	0.992	0.9916	0.9938	0.9921	0.9926	0.9927	0.9924	0.9917	1.0545	0.9917	0.9917	1.3872	0	0.9928	0.9919	0.9977	0.9903	0.9917	0.9919
  h	0.9924	1.1927	0.9925	1.0189	0.9947	0.9926	0.996	1.0213	0.9985	1.0263	0.9927	0.9994	0.9927	0.9939	0.9969	0.9939	0.9939	1.0032	0.9932	0.9945	0.9931	0.9939	0.9927	0.993	0.9953	0.9942	0.9946	1.0188	0.9951	0.9939	0.9945	1.0738	1.0662	0.9922	1.0798	0.9934	0.9937	0.9928	0.9928	0	0.9936	1.0937	0.9915	0.9934	0.994
  i	0.9907	0.9988	0.9911	0.9938	0.9918	0.991	0.9926	0.9936	1.0119	1.1178	0.9909	0.9964	0.9916	0.9929	1.0894	0.9994	0.9993	1.0318	0.9927	1.076	0.9943	0.9929	0.992	0.9926	0.9977	0.9945	0.9928	0.9927	0.9938	1.424	0.993	0.9938	0.9931	0.991	1.0053	0.9922	0.9925	0.9919	0.9919	0.9936	0	0.9996	0.9907	0.9922	0.9927
  j	0.9966	1.0903	0.9979	1.0556	0.9984	0.9987	1.003	1.0621	1.0772	1.0444	1.0137	1.0227	0.9979	1.0335	1.1545	1.0014	1.0013	1.2195	0.9993	1.0133	1.022	1.0332	0.9982	0.9993	1.0075	1.0025	0.9988	1.0098	1.007	1.0001	1.0113	1.0352	1.4683	0.9976	1.464	1.0029	0.9983	0.9977	0.9977	1.0937	0.9996	0	0.9962	1.0029	0.9985
  k	0.9888	0.9963	0.9892	0.9917	0.9899	0.9891	0.9905	0.9915	0.9949	0.9978	0.989	1.5015	0.9899	0.9907	0.9933	0.991	0.991	0.9991	0.9903	0.9909	0.9902	0.9907	0.9898	0.9901	0.9922	0.9913	0.9908	0.9904	0.9927	0.9909	0.9914	0.9915	0.9911	0.9892	1.0029	0.9904	0.9905	0.9903	0.9903	0.9915	0.9907	0.9962	0	0.9904	0.9907
  l	0.9903	0.9984	0.9907	0.994	0.9914	0.9906	0.9922	0.9939	0.9971	0.9997	0.9917	1.0452	0.9915	0.9926	0.9953	0.9925	0.9925	1.0014	0.9918	0.9931	0.9918	0.9926	0.9913	0.9917	0.9938	0.9929	0.9923	0.9919	1.0084	0.9925	1.1983	0.9932	0.9931	0.9909	1.0964	1.4233	0.9921	0.9917	0.9917	0.9934	0.9922	1.0029	0.9904	0	0.9923
  m	0.9912	1.1288	0.9912	0.9939	0.9924	0.9911	0.993	0.9937	0.997	1.0004	0.991	0.9963	0.9916	0.9928	0.9954	0.993	0.993	1.0014	0.9923	0.9929	0.9922	0.9928	0.9918	0.9921	0.9942	0.9933	1.1366	0.9926	0.9938	0.993	0.993	0.994	0.9933	0.991	1.0045	0.9923	1.4551	0.9919	0.9919	0.994	0.9927	0.9985	0.9907	0.9923	0

Actual rates from j->i (Q_ij):
	A	B	C	D	E	F	G	H	I	J	K	L	M	N	O	P	Q	R	S	T	U	V	W	X	Y	Z	[	\	]	^	_	`	a	b	c	d	e	f	g	h	i	j	k	l	m
  A	0	0.0326	0.0215	0.0216	0.0215	0.0215	0.0215	0.0215	0.0216	0.0217	0.0215	0.0216	0.0215	0.0215	0.0216	0.0215	0.0215	0.0217	0.0215	0.0215	0.0215	0.0215	0.0215	0.0215	0.0216	0.0215	0.0216	0.0215	0.0215	0.0215	0.0215	0.0216	0.0215	0.0215	0.0218	0.0215	0.0215	0.0215	0.0215	0.0216	0.0215	0.0217	0.0215	0.0215	0.0215
  B	0.0352	0	0.0234	0.0241	0.0337	0.0234	0.0294	0.0241	0.0236	0.0261	0.0234	0.0236	0.0234	0.0235	0.0236	0.0235	0.0235	0.0237	0.0235	0.0235	0.0235	0.0235	0.0235	0.0235	0.0235	0.0235	0.0342	0.0259	0.0235	0.0235	0.0235	0.0301	0.0251	0.0234	0.0254	0.0235	0.0258	0.0235	0.0235	0.028	0.0235	0.0256	0.0234	0.0235	0.0265
  C	0.022	0.0222	0	0.0343	0.022	0.022	0.0229	0.0223	0.0221	0.0222	0.022	0.0221	0.022	0.0221	0.0221	0.0221	0.0221	0.0222	0.022	0.0221	0.022	0.0221	0.022	0.022	0.0221	0.0221	0.0221	0.022	0.0221	0.0221	0.0221	0.0221	0.0221	0.022	0.0224	0.022	0.022	0.022	0.022	0.0221	0.0221	0.0222	0.022	0.022	0.0221
  D	0.022	0.0227	0.0342	0	0.022	0.0223	0.0334	0.0307	0.0222	0.0223	0.0221	0.0222	0.022	0.0221	0.0221	0.0221	0.0221	0.0223	0.022	0.0221	0.022	0.0221	0.022	0.022	0.0221	0.0221	0.022	0.0221	0.0221	0.022	0.0221	0.0223	0.0229	0.022	0.026	0.022	0.022	0.022	0.022	0.0226	0.022	0.0234	0.022	0.022	0.022
  E	0.0215	0.0311	0.0215	0.0216	0	0.0215	0.0274	0.0216	0.0216	0.0217	0.0215	0.0216	0.0215	0.0215	0.0216	0.0215	0.0215	0.0217	0.0215	0.0215	0.0215	0.0215	0.0215	0.0215	0.0216	0.0215	0.0216	0.0216	0.0216	0.0215	0.0215	0.0216	0.0216	0.0215	0.0218	0.0215	0.0215	0.0215	0.0215	0.0216	0.0215	0.0217	0.0215	0.0215	0.0215
  F	0.022	0.0222	0.022	0.0224	0.022	0	0.0223	0.0338	0.0221	0.0222	0.022	0.0221	0.022	0.022	0.0221	0.022	0.022	0.0222	0.022	0.022	0.022	0.022	0.022	0.022	0.022	0.022	0.022	0.022	0.022	0.022	0.022	0.022	0.022	0.022	0.0224	0.022	0.022	0.022	0.022	0.022	0.022	0.0222	0.022	0.022	0.022
  G	0.0229	0.0289	0.0237	0.0348	0.0291	0.0232	0	0.0349	0.023	0.0231	0.0229	0.023	0.0229	0.0229	0.023	0.0229	0.0229	0.0231	0.0229	0.0229	0.0229	0.0229	0.0229	0.0229	0.0229	0.0229	0.0229	0.0229	0.0229	0.0229	0.0229	0.023	0.023	0.0229	0.0235	0.0229	0.0229	0.0229	0.0229	0.023	0.0229	0.0231	0.0228	0.0229	0.0229
  H	0.022	0.0227	0.0222	0.0307	0.022	0.0337	0.0335	0	0.0221	0.0223	0.022	0.0222	0.022	0.022	0.0221	0.022	0.022	0.0222	0.022	0.0221	0.022	0.022	0.022	0.022	0.0221	0.022	0.022	0.0221	0.0221	0.022	0.0221	0.0223	0.023	0.022	0.0266	0.022	0.022	0.022	0.022	0.0226	0.022	0.0235	0.022	0.022	0.022
  I	0.0225	0.0227	0.0225	0.0226	0.0225	0.0225	0.0226	0.0226	0	0.0263	0.0226	0.0227	0.0225	0.0279	0.0236	0.0269	0.0269	0.0267	0.0226	0.0229	0.0229	0.0279	0.0226	0.0226	0.023	0.0227	0.0226	0.0226	0.0226	0.023	0.0226	0.0226	0.0226	0.0225	0.0259	0.0226	0.0226	0.0225	0.0225	0.0226	0.0229	0.0244	0.0225	0.0226	0.0226
  J	0.0231	0.0256	0.0231	0.0232	0.0231	0.0231	0.0231	0.0232	0.0268	0	0.0231	0.0232	0.0231	0.0231	0.027	0.0248	0.0248	0.0338	0.025	0.0259	0.0245	0.0231	0.0241	0.0236	0.0333	0.0264	0.0231	0.0331	0.0231	0.0264	0.0231	0.0283	0.0233	0.0231	0.0239	0.0231	0.0231	0.0231	0.0231	0.0237	0.0258	0.0241	0.023	0.0231	0.0231
  K	0.0216	0.0218	0.0217	0.0218	0.0217	0.0217	0.0217	0.0218	0.0218	0.0219	0	0.0219	0.0217	0.0217	0.0218	0.0217	0.0217	0.0219	0.0217	0.0217	0.0217	0.0217	0.0217	0.0217	0.0217	0.0217	0.0217	0.0217	0.0218	0.0217	0.0218	0.0217	0.0217	0.0217	0.0328	0.0217	0.0217	0.0217	0.0217	0.0217	0.0217	0.0222	0.0216	0.0217	0.0217
  L	0.0216	0.0218	0.0216	0.0218	0.0216	0.0216	0.0216	0.0218	0.0218	0.0218	0.0217	0	0.0286	0.0217	0.0217	0.0216	0.0216	0.0219	0.0216	0.0217	0.0216	0.0217	0.0216	0.0216	0.0217	0.0216	0.0216	0.0216	0.0293	0.0216	0.0244	0.0217	0.0217	0.0238	0.0625	0.0227	0.0216	0.0269	0.0269	0.0217	0.0216	0.0222	0.0326	0.0227	0.0216
  M	0.0215	0.0217	0.0215	0.0216	0.0215	0.0215	0.0216	0.0216	0.0217	0.0217	0.0215	0.0286	0	0.0216	0.0216	0.0216	0.0216	0.0217	0.0215	0.0216	0.0215	0.0216	0.0215	0.0215	0.0216	0.0216	0.0216	0.0215	0.0216	0.0216	0.0216	0.0216	0.0216	0.0217	0.0272	0.0216	0.0216	0.0225	0.0225	0.0216	0.0216	0.0217	0.0215	0.0216	0.0216
  N	0.0222	0.0223	0.0222	0.0222	0.0222	0.0222	0.0222	0.0222	0.0276	0.0224	0.0222	0.0223	0.0222	0	0.0224	0.0222	0.0222	0.0227	0.0222	0.0222	0.0222	0.0323	0.0222	0.0222	0.0222	0.0222	0.0222	0.0222	0.0222	0.0222	0.0222	0.0222	0.0222	0.0222	0.0241	0.0222	0.0222	0.0222	0.0222	0.0222	0.0222	0.0231	0.0222	0.0222	0.0222
  O	0.0224	0.0226	0.0224	0.0225	0.0224	0.0224	0.0224	0.0225	0.0235	0.0264	0.0224	0.0226	0.0224	0.0226	0	0.0227	0.0227	0.0292	0.0225	0.0328	0.0231	0.0226	0.0224	0.0225	0.0228	0.0226	0.0224	0.0224	0.0225	0.025	0.0225	0.0225	0.0225	0.0224	0.0244	0.0224	0.0224	0.0224	0.0224	0.0225	0.0246	0.026	0.0224	0.0224	0.0224
  P	0.0222	0.0224	0.0222	0.0222	0.0222	0.0222	0.0222	0.0222	0.0266	0.024	0.0222	0.0223	0.0222	0.0222	0.0226	0	0.0305	0.024	0.0222	0.0224	0.0223	0.0222	0.0222	0.0222	0.0224	0.0223	0.0222	0.0222	0.0222	0.0224	0.0222	0.0222	0.0222	0.0222	0.0225	0.0222	0.0222	0.0222	0.0222	0.0222	0.0224	0.0224	0.0222	0.0222	0.0222
  Q	0.0222	0.0224	0.0222	0.0222	0.0222	0.0222	0.0222	0.0222	0.0266	0.024	0.0222	0.0223	0.0222	0.0222	0.0226	0.0305	0	0.024	0.0222	0.0224	0.0223	0.0222	0.0222	0.0222	0.0224	0.0223	0.0222	0.0222	0.0222	0.0224	0.0222	0.0222	0.0222	0.0222	0.0225	0.0222	0.0222	0.0222	0.0222	0.0222	0.0224	0.0224	0.0222	0.0222	0.0222
  R	0.0224	0.0226	0.0224	0.0225	0.0224	0.0224	0.0225	0.0225	0.0264	0.0328	0.0225	0.0226	0.0224	0.0227	0.0291	0.0241	0.0241	0	0.0244	0.0232	0.0302	0.0227	0.0234	0.0272	0.0279	0.0287	0.0225	0.0225	0.0225	0.0233	0.0225	0.0225	0.0225	0.0224	0.0249	0.0225	0.0225	0.0224	0.0224	0.0225	0.0231	0.0274	0.0224	0.0225	0.0225
  S	0.0221	0.0222	0.0221	0.0221	0.0221	0.0221	0.0221	0.0221	0.0223	0.0242	0.0221	0.0222	0.0221	0.0221	0.0222	0.0221	0.0221	0.0242	0	0.0221	0.0222	0.0221	0.0237	0.0221	0.0297	0.0226	0.0221	0.0221	0.0221	0.0221	0.0221	0.0221	0.0221	0.0221	0.0224	0.0221	0.0221	0.0221	0.0221	0.0221	0.0221	0.0223	0.0221	0.0221	0.0221
  T	0.0222	0.0223	0.0222	0.0223	0.0222	0.0222	0.0222	0.0223	0.0227	0.0251	0.0222	0.0224	0.0222	0.0222	0.0325	0.0224	0.0224	0.0231	0.0222	0	0.0222	0.0222	0.0222	0.0222	0.0223	0.0222	0.0222	0.0222	0.0222	0.0245	0.0222	0.0222	0.0222	0.0222	0.0332	0.0222	0.0222	0.0222	0.0222	0.0222	0.0241	0.0227	0.0222	0.0222	0.0222
  U	0.022	0.0222	0.022	0.0221	0.0221	0.022	0.0221	0.0221	0.0226	0.0236	0.022	0.0222	0.022	0.0221	0.0228	0.0222	0.0222	0.0299	0.0221	0.0221	0	0.0221	0.0221	0.0221	0.0226	0.0222	0.0221	0.0221	0.0221	0.0221	0.0221	0.0221	0.0221	0.022	0.0226	0.0221	0.0221	0.0221	0.0221	0.0221	0.0221	0.0227	0.022	0.0221	0.0221
  V	0.0222	0.0223	0.0222	0.0222	0.0222	0.0222	0.0222	0.0222	0.0276	0.0224	0.0222	0.0223	0.0222	0.0323	0.0224	0.0222	0.0222	0.0227	0.0222	0.0222	0.0222	0	0.0222	0.0222	0.0222	0.0222	0.0222	0.0222	0.0222	0.0222	0.0222	0.0222	0.0222	0.0222	0.0241	0.0222	0.0222	0.0222	0.0222	0.0222	0.0222	0.0231	0.0222	0.0222	0.0222
  W	0.022	0.0222	0.0221	0.0221	0.0221	0.022	0.0221	0.0221	0.0222	0.0232	0.022	0.0222	0.0221	0.0221	0.0222	0.0221	0.0221	0.0233	0.0237	0.0221	0.0221	0.0221	0	0.0221	0.0332	0.0223	0.0221	0.0221	0.0221	0.0221	0.0221	0.0221	0.0221	0.022	0.0224	0.0221	0.0221	0.0221	0.0221	0.0221	0.0221	0.0222	0.022	0.0221	0.0221
  X	0.0221	0.0223	0.0221	0.0221	0.0221	0.0221	0.0221	0.0221	0.0223	0.0228	0.0221	0.0222	0.0221	0.0221	0.0222	0.0222	0.0222	0.027	0.0222	0.0221	0.0222	0.0221	0.0221	0	0.0225	0.0331	0.0221	0.0221	0.0221	0.0221	0.0221	0.0221	0.0221	0.0221	0.0224	0.0221	0.0221	0.0221	0.0221	0.0221	0.0221	0.0223	0.0221	0.0221	0.0221
  Y	0.0223	0.0225	0.0223	0.0224	0.0223	0.0223	0.0223	0.0224	0.0228	0.0324	0.0223	0.0224	0.0223	0.0223	0.0227	0.0225	0.0225	0.0279	0.0299	0.0224	0.0228	0.0223	0.0335	0.0227	0	0.0351	0.0223	0.0223	0.0224	0.0224	0.0223	0.0224	0.0223	0.0223	0.0227	0.0223	0.0223	0.0223	0.0223	0.0224	0.0224	0.0226	0.0223	0.0223	0.0223
  Z	0.0224	0.0226	0.0224	0.0225	0.0224	0.0224	0.0224	0.0225	0.0227	0.0258	0.0224	0.0225	0.0224	0.0224	0.0226	0.0225	0.0225	0.0289	0.0229	0.0225	0.0226	0.0224	0.0226	0.0335	0.0352	0	0.0224	0.0224	0.0225	0.0225	0.0224	0.0225	0.0224	0.0224	0.0227	0.0224	0.0224	0.0224	0.0224	0.0225	0.0225	0.0226	0.0224	0.0224	0.0224
  [	0.0216	0.0318	0.0216	0.0217	0.0217	0.0216	0.0217	0.0217	0.0217	0.0218	0.0216	0.0217	0.0216	0.0217	0.0217	0.0217	0.0217	0.0218	0.0216	0.0217	0.0216	0.0217	0.0216	0.0216	0.0217	0.0217	0	0.0217	0.0217	0.0217	0.0217	0.0217	0.0217	0.0216	0.0219	0.0216	0.024	0.0216	0.0216	0.0217	0.0217	0.0218	0.0216	0.0216	0.0248
  \	0.0219	0.0243	0.0219	0.022	0.0219	0.0219	0.0219	0.022	0.022	0.0316	0.0219	0.022	0.0219	0.0219	0.022	0.0219	0.0219	0.0221	0.0219	0.0219	0.0219	0.0219	0.0219	0.0219	0.0219	0.0219	0.0219	0	0.0219	0.0219	0.0219	0.0268	0.0221	0.0219	0.0224	0.0219	0.0219	0.0219	0.0219	0.0225	0.0219	0.0223	0.0218	0.0219	0.0219
  ]	0.0219	0.0221	0.0219	0.022	0.0219	0.0219	0.0219	0.022	0.0221	0.0221	0.022	0.0298	0.0219	0.022	0.022	0.022	0.022	0.0222	0.0219	0.022	0.0219	0.022	0.0219	0.0219	0.022	0.022	0.0219	0.0219	0	0.022	0.0229	0.022	0.022	0.0219	0.0251	0.0223	0.0219	0.0219	0.0219	0.022	0.0219	0.0222	0.0219	0.0223	0.0219
  ^	0.0221	0.0223	0.0222	0.0222	0.0222	0.0222	0.0222	0.0222	0.0227	0.0255	0.0222	0.0223	0.0222	0.0222	0.0248	0.0224	0.0224	0.0232	0.0222	0.0244	0.0222	0.0222	0.0222	0.0222	0.0223	0.0222	0.0222	0.0222	0.0222	0	0.0222	0.0222	0.0222	0.0222	0.0225	0.0222	0.0222	0.0222	0.0222	0.0222	0.0318	0.0224	0.0221	0.0222	0.0222
  _	0.0218	0.022	0.0219	0.0219	0.0219	0.0218	0.0219	0.0219	0.022	0.0221	0.0219	0.0247	0.0219	0.0219	0.022	0.0219	0.0219	0.0221	0.0219	0.0219	0.0219	0.0219	0.0219	0.0219	0.0219	0.0219	0.0219	0.0219	0.0228	0.0219	0	0.0219	0.0219	0.0219	0.0272	0.0264	0.0219	0.0219	0.0219	0.0219	0.0219	0.0223	0.0218	0.0264	0.0219
  `	0.0217	0.0281	0.0217	0.022	0.0218	0.0217	0.0218	0.022	0.0219	0.0268	0.0217	0.0218	0.0217	0.0217	0.0218	0.0218	0.0218	0.022	0.0217	0.0218	0.0217	0.0217	0.0217	0.0217	0.0218	0.0218	0.0218	0.0266	0.0218	0.0218	0.0218	0	0.0224	0.0217	0.0226	0.0217	0.0217	0.0217	0.0217	0.0235	0.0218	0.0227	0.0217	0.0217	0.0218
  a	0.0219	0.0236	0.0219	0.0228	0.022	0.0219	0.022	0.0229	0.0221	0.0223	0.0219	0.0221	0.0219	0.022	0.022	0.022	0.022	0.0222	0.0219	0.022	0.0219	0.022	0.0219	0.0219	0.022	0.022	0.022	0.0221	0.022	0.022	0.022	0.0226	0	0.0219	0.0247	0.022	0.022	0.0219	0.0219	0.0236	0.022	0.0325	0.0219	0.022	0.022
  b	0.0217	0.0218	0.0217	0.0217	0.0217	0.0217	0.0217	0.0217	0.0218	0.0219	0.0217	0.024	0.0219	0.0217	0.0218	0.0217	0.0217	0.0219	0.0217	0.0217	0.0217	0.0217	0.0217	0.0217	0.0217	0.0217	0.0217	0.0217	0.0217	0.0217	0.0217	0.0217	0.0217	0	0.0324	0.0217	0.0217	0.0217	0.0217	0.0217	0.0217	0.0218	0.0217	0.0217	0.0217
  c	0.0213	0.0229	0.0213	0.0249	0.0213	0.0214	0.0216	0.0255	0.0242	0.022	0.0318	0.0611	0.0265	0.0228	0.0229	0.0213	0.0213	0.0236	0.0213	0.0314	0.0215	0.0228	0.0213	0.0213	0.0214	0.0213	0.0213	0.0215	0.0241	0.0213	0.0261	0.0219	0.0236	0.0314	0	0.0232	0.0213	0.0224	0.0224	0.0229	0.0213	0.031	0.0213	0.0232	0.0213
  d	0.0221	0.0223	0.0221	0.0222	0.0221	0.0221	0.0221	0.0222	0.0222	0.0223	0.0221	0.0233	0.0221	0.0221	0.0222	0.0221	0.0221	0.0223	0.0221	0.0222	0.0221	0.0221	0.0221	0.0221	0.0222	0.0222	0.0221	0.0221	0.0225	0.0221	0.0267	0.0222	0.0222	0.0221	0.0245	0	0.0221	0.0221	0.0221	0.0222	0.0221	0.0224	0.0221	0.0318	0.0221
  e	0.0221	0.0245	0.0221	0.0222	0.0222	0.0221	0.0222	0.0222	0.0223	0.0223	0.0221	0.0223	0.0222	0.0222	0.0222	0.0222	0.0222	0.0224	0.0222	0.0222	0.0222	0.0222	0.0222	0.0222	0.0222	0.0222	0.0246	0.0222	0.0222	0.0222	0.0222	0.0222	0.0222	0.0221	0.0224	0.0222	0	0.0222	0.0222	0.0222	0.0222	0.0223	0.0221	0.0222	0.0325
  f	0.0219	0.022	0.0219	0.0219	0.0219	0.0219	0.0219	0.0219	0.022	0.0221	0.0219	0.0274	0.0228	0.0219	0.022	0.0219	0.0219	0.0221	0.0219	0.0219	0.0219	0.0219	0.0219	0.0219	0.0219	0.0219	0.0219	0.0219	0.022	0.0219	0.0219	0.0219	0.0219	0.0219	0.0233	0.0219	0.0219	0	0.0306	0.0219	0.0219	0.022	0.0219	0.0219	0.0219
  g	0.0219	0.022	0.0219	0.0219	0.0219	0.0219	0.0219	0.0219	0.022	0.0221	0.0219	0.0274	0.0228	0.0219	0.022	0.0219	0.0219	0.0221	0.0219	0.0219	0.0219	0.0219	0.0219	0.0219	0.0219	0.0219	0.0219	0.0219	0.022	0.0219	0.0219	0.0219	0.0219	0.0219	0.0233	0.0219	0.0219	0.0306	0	0.0219	0.0219	0.022	0.0219	0.0219	0.0219
  h	0.0219	0.0263	0.0219	0.0225	0.0219	0.0219	0.022	0.0225	0.022	0.0226	0.0219	0.022	0.0219	0.0219	0.022	0.0219	0.0219	0.0221	0.0219	0.0219	0.0219	0.0219	0.0219	0.0219	0.022	0.0219	0.0219	0.0225	0.022	0.0219	0.0219	0.0237	0.0235	0.0219	0.0238	0.0219	0.0219	0.0219	0.0219	0	0.0219	0.0241	0.0219	0.0219	0.0219
  i	0.0222	0.0223	0.0222	0.0222	0.0222	0.0222	0.0222	0.0222	0.0226	0.025	0.0222	0.0223	0.0222	0.0222	0.0244	0.0224	0.0224	0.0231	0.0222	0.0241	0.0222	0.0222	0.0222	0.0222	0.0223	0.0222	0.0222	0.0222	0.0222	0.0318	0.0222	0.0222	0.0222	0.0222	0.0225	0.0222	0.0222	0.0222	0.0222	0.0222	0	0.0224	0.0222	0.0222	0.0222
  j	0.022	0.0241	0.0221	0.0233	0.0221	0.0221	0.0222	0.0235	0.0238	0.0231	0.0224	0.0226	0.0221	0.0229	0.0255	0.0221	0.0221	0.027	0.0221	0.0224	0.0226	0.0228	0.0221	0.0221	0.0223	0.0222	0.0221	0.0223	0.0223	0.0221	0.0224	0.0229	0.0325	0.0221	0.0324	0.0222	0.0221	0.0221	0.0221	0.0242	0.0221	0	0.022	0.0222	0.0221
  k	0.0215	0.0217	0.0215	0.0216	0.0215	0.0215	0.0215	0.0216	0.0216	0.0217	0.0215	0.0326	0.0215	0.0215	0.0216	0.0215	0.0215	0.0217	0.0215	0.0215	0.0215	0.0215	0.0215	0.0215	0.0216	0.0215	0.0215	0.0215	0.0216	0.0215	0.0215	0.0216	0.0215	0.0215	0.0218	0.0215	0.0215	0.0215	0.0215	0.0216	0.0215	0.0217	0	0.0215	0.0215
  l	0.0221	0.0223	0.0221	0.0222	0.0221	0.0221	0.0221	0.0222	0.0222	0.0223	0.0221	0.0233	0.0221	0.0221	0.0222	0.0221	0.0221	0.0223	0.0221	0.0222	0.0221	0.0221	0.0221	0.0221	0.0222	0.0222	0.0221	0.0221	0.0225	0.0221	0.0267	0.0222	0.0222	0.0221	0.0245	0.0318	0.0221	0.0221	0.0221	0.0222	0.0221	0.0224	0.0221	0	0.0221
  m	0.0221	0.0252	0.0221	0.0222	0.0221	0.0221	0.0222	0.0222	0.0222	0.0223	0.0221	0.0222	0.0221	0.0222	0.0222	0.0222	0.0222	0.0223	0.0221	0.0222	0.0221	0.0222	0.0221	0.0221	0.0222	0.0222	0.0254	0.0222	0.0222	0.0222	0.0222	0.0222	0.0222	0.0221	0.0224	0.0221	0.0325	0.0221	0.0221	0.0222	0.0222	0.0223	0.0221	0.0221	0
