Map from character to field name
A:	AL
B:	AR
C:	ARG/B
D:	AZ
E:	BRA/ES
F:	CA
G:	CAN/QC
H:	CO
I:	CT
J:	DC
K:	FL
L:	GA
M:	IA
N:	ID
O:	IL
P:	IN
Q:	ISR/D
R:	KS
S:	KY
T:	LA
U:	MA
V:	MD
W:	MEX/BCN
X:	MEX/CHH
Y:	MEX/SON
Z:	MEX/TAM
[:	MI
\:	MN
]:	MO
^:	MS
_:	MT
`:	NC
a:	ND
b:	NE
c:	NH
d:	NJ
e:	NM
f:	NV
g:	NY
h:	OH
i:	OK
j:	OR
k:	PA
l:	SD
m:	TN
n:	TX
o:	US-VI
p:	UT
q:	VA
r:	WA
s:	WI
t:	WY
u:	?


Substitution rate (mu): 69.10106

Equilibrium frequencies (pi_i):
  A: 0.02
  B: 0.0204
  C: 0.0274
  D: 0.0137
  E: 0.0273
  F: 0.0236
  G: 0.0135
  H: 0.0061
  I: 0.0059
  J: 0.0214
  K: 0.0257
  L: 0.0127
  M: 0.0264
  N: 0.0215
  O: 0.0087
  P: 0.0252
  Q: 0.0277
  R: 0.0221
  S: 0.0218
  T: 0.0133
  U: 0.0233
  V: 0.0164
  W: 0.0252
  X: 0.0254
  Y: 0.028
  Z: 0.0276
  [: 0.0193
  \: 0.006
  ]: 0.0214
  ^: 0.019
  _: 0.0183
  `: 0.0147
  a: 0.023
  b: 0.0196
  c: 0.0103
  d: 0.019
  e: 0.0223
  f: 0.0177
  g: 0.0059
  h: 0.0117
  i: 0.0215
  j: 0.0236
  k: 0.018
  l: 0.0158
  m: 0.0264
  n: 0.0067
  o: 0.0252
  p: 0.0259
  q: 0.012
  r: 0.026
  s: 0.0142
  t: 0.0258

Symmetrized rates from j->i (W_ij):
	A	B	C	D	E	F	G	H	I	J	K	L	M	N	O	P	Q	R	S	T	U	V	W	X	Y	Z	[	\	]	^	_	`	a	b	c	d	e	f	g	h	i	j	k	l	m	n	o	p	q	r	s	t
  A	0	0.9499	0.9479	0.9474	0.9478	0.9313	0.9479	0.9335	1.2595	0.9481	0.9486	1.6416	0.9478	0.9476	0.9545	0.9478	0.9482	0.9479	0.9478	0.9474	0.9478	0.9482	0.9478	0.9477	0.9477	0.9479	0.9482	0.9466	0.9478	0.948	0.9481	0.9482	0.9481	0.9479	0.9473	1.153	0.948	0.9478	3.1229	0.9482	0.9481	0.9477	0.9494	0.9484	0.9479	0.946	0.9478	0.9478	0.9481	0.9475	0.9493	0.9477
  B	0.9499	0	0.9481	0.9476	0.9543	0.9313	0.9481	0.9352	0.9912	0.9536	0.9601	1.226	0.948	0.9478	1.2158	0.9479	0.9483	0.9481	0.948	0.9476	0.9479	0.9649	0.948	0.9479	0.9479	0.9481	0.9483	1.1205	0.948	0.9492	0.9484	0.9484	0.9484	0.9482	0.9476	0.9489	0.9482	0.948	3.0926	0.9495	0.9484	0.9479	0.9481	1.1661	0.948	0.9468	0.9479	0.948	0.96	0.9477	1.3309	0.9479
  C	0.9479	0.9481	0	0.9474	0.9478	0.9256	0.9478	0.9291	1.2293	0.9478	0.9482	0.9481	0.9478	0.9477	0.9477	0.9478	0.9483	0.9479	0.9478	0.9471	0.9478	0.948	0.9478	0.9478	0.9478	0.948	0.948	0.9461	0.9477	0.9481	0.9481	0.9482	0.948	0.9479	0.947	0.948	0.9481	0.9478	0.9409	0.9474	0.948	0.9478	0.9478	0.9484	0.9479	1.179	0.9478	0.9479	0.9474	0.9475	0.9483	0.9478
  D	0.9474	0.9476	0.9474	0	0.9473	5.2764	0.9477	2.1572	0.9473	0.9473	0.9475	0.9478	0.9473	0.9499	0.9481	0.9473	0.9474	1.3859	0.9473	0.9473	0.9473	0.9476	0.9475	0.9473	0.9472	0.9475	0.9475	2.5513	0.9474	0.9476	0.9648	0.949	0.9479	0.9477	0.9474	0.9475	1.8139	1.7129	1.2853	0.9476	0.9476	0.9476	0.9474	1.2316	0.9472	2.8688	0.9473	1.2094	0.9473	0.9471	1.0357	0.9473
  E	0.9478	0.9543	0.9478	0.9473	0	0.9254	0.9477	0.9277	0.946	0.9477	0.9546	0.948	0.9477	0.9476	0.9483	0.9477	0.948	0.9478	0.9477	0.947	0.9477	0.9633	0.9477	0.9477	0.9477	0.9479	0.9479	0.945	0.9476	0.948	0.948	0.9479	0.9479	0.9478	0.947	0.9479	0.948	0.9478	1.0274	0.9476	0.9479	0.9477	0.9477	0.9481	0.9477	0.9448	0.9477	0.9478	1.0045	0.9474	1.2366	0.9477
  F	0.9313	0.9313	0.9256	5.2764	0.9254	0	0.9368	2.4347	0.9414	0.9301	0.9271	0.9375	0.9261	2.2677	0.9411	0.927	0.9253	0.9303	0.9297	0.9365	0.9285	0.9344	1.3919	0.9269	0.9248	0.9255	0.9319	2.1124	0.9301	0.9324	0.9341	1.4043	0.9294	0.9319	0.939	0.9322	1.8742	3.4722	1.4067	0.9381	0.9303	2.0446	0.9328	1.0474	0.926	2.56	0.9271	1.1698	0.9373	0.9266	1.7793	0.9266
  G	0.9479	0.9481	0.9478	0.9477	0.9477	0.9368	0	3.938	1.0444	0.948	0.9481	0.9487	0.9476	0.9475	1.4646	0.9476	0.9479	0.9478	0.9477	1.3068	0.9477	0.9493	0.9476	0.9476	0.9476	0.9477	0.9481	0.9517	0.9478	0.9481	0.9483	0.9503	0.9483	0.9482	1.7366	0.9482	0.948	0.9477	5.5801	1.0561	0.9482	0.9476	0.948	0.9493	0.9476	1.5566	0.9478	0.9477	1.1901	0.9475	0.9486	0.9476
  H	0.9335	0.9352	0.9291	2.1572	0.9277	2.4347	3.938	0	1.4637	0.9328	0.9319	1.1374	0.9284	0.9319	10.3604	0.9291	0.9275	0.9641	0.9318	6.8983	0.9433	0.9369	0.9292	0.9295	0.927	0.9274	0.9345	2.1785	0.9329	1.8738	1.2178	1.2194	1.1255	1.7463	10.2421	0.9349	1.1899	0.935	29.677	6.2675	0.9975	0.9303	1.0648	2.5016	0.9283	27.6072	1.1813	1.0006	0.9463	1.3912	0.952	1.2801
  I	1.2595	0.9912	1.2293	0.9473	0.946	0.9414	1.0444	1.4637	0	2.2958	1.728	1.3566	0.9457	0.9455	1.334	0.9454	1.3711	1.3707	0.9462	1.1092	0.9457	1.3938	0.9454	0.946	0.9449	0.9452	1.423	1.5217	0.9473	1.1833	0.9493	1.9197	0.9502	1.0841	0.9483	1.563	1.1019	0.9462	45.9238	0.9753	1.2272	0.9454	1.2995	1.0619	1.599	1.4358	0.9455	0.9454	2.7668	0.945	1.0134	0.9452
  J	0.9481	0.9536	0.9478	0.9473	0.9477	0.9301	0.948	0.9328	2.2958	0	0.9481	0.9487	0.9476	0.9475	0.9484	0.9476	0.9482	0.9478	0.9477	0.9474	0.9477	1.7069	0.9477	0.9476	0.9476	0.9477	1.0298	0.9818	0.9478	0.948	0.9481	0.9483	0.9481	0.948	0.9473	1.2166	0.9479	0.9477	2.7052	0.9485	0.9481	0.9476	1.4233	0.9484	0.9477	0.9461	0.9476	0.9476	1.1281	0.9473	0.9486	0.9476
  K	0.9486	0.9601	0.9482	0.9475	0.9546	0.9271	0.9481	0.9319	1.728	0.9481	0	1.4426	0.9479	0.9478	1.2375	0.9479	0.9485	0.9481	0.948	0.9475	0.948	1.2536	0.948	0.9479	0.9479	0.9481	0.9483	0.9572	0.9479	0.9485	0.9484	0.9484	0.9482	0.9702	0.9475	0.9493	0.9482	0.948	1.6457	1.4017	0.9491	0.9479	0.9484	0.9488	0.948	0.946	0.9479	0.948	0.9641	0.9476	1.3887	0.9479
  L	1.6416	1.226	0.9481	0.9478	0.948	0.9375	0.9487	1.1374	1.3566	0.9487	1.4426	0	0.9478	0.9477	1.0761	0.9478	0.9482	0.9481	0.948	0.9541	0.9478	1.0061	0.9478	0.9479	0.9478	0.9479	0.9486	1.0377	0.9481	0.9484	0.9484	0.9486	0.9486	0.9485	0.9481	1.2601	0.9481	0.9478	9.415	1.5348	0.9487	0.9478	0.9483	1.2947	1.4202	1.5707	0.9479	0.9479	1.5948	0.9476	1.071	0.9478
  M	0.9478	0.948	0.9478	0.9473	0.9477	0.9261	0.9476	0.9284	0.9457	0.9476	0.9479	0.9478	0	0.9476	0.9482	0.9477	0.948	0.9478	0.9477	0.947	0.9477	0.9479	0.9478	0.9477	0.9477	0.9479	0.9479	1.2143	0.9476	0.9478	0.948	0.948	0.948	0.9478	0.947	0.9479	0.948	0.9478	1.1308	0.9474	0.9479	0.9477	0.9477	0.9481	0.9477	0.9451	0.9477	0.9478	0.9472	0.9474	0.9481	0.9477
  N	0.9476	0.9478	0.9477	0.9499	0.9476	2.2677	0.9475	0.9319	0.9455	0.9475	0.9478	0.9477	0.9476	0	0.9474	0.9476	0.9478	0.9476	0.9476	0.9471	0.9476	0.9477	0.9476	0.9475	0.9476	0.9477	0.9477	0.9455	0.9475	0.9477	0.9479	1.4226	0.9477	0.9476	0.947	0.9477	0.948	0.9479	0.9318	0.9473	0.9477	1.6678	0.9476	0.9479	0.9476	0.9454	0.9476	0.9478	0.9471	1.1671	0.9481	0.9476
  O	0.9545	1.2158	0.9477	0.9481	0.9483	0.9411	1.4646	10.3604	1.334	0.9484	1.2375	1.0761	0.9482	0.9474	0	0.9475	0.9478	0.948	0.9509	1.1771	0.9476	0.9756	0.9476	0.9476	0.9473	0.9476	0.9485	3.4574	0.9721	1.212	0.9489	0.9494	0.9496	1.0484	2.1694	0.9487	0.9483	0.9477	14.8421	0.9959	1.1822	0.9474	1.1312	0.9672	0.9477	1.1096	0.9481	0.9476	0.9507	0.9486	1.6158	0.9474
  P	0.9478	0.9479	0.9478	0.9473	0.9477	0.927	0.9476	0.9291	0.9454	0.9476	0.9479	0.9478	0.9477	0.9476	0.9475	0	0.948	0.9477	0.9477	0.9471	0.9477	0.9479	0.9477	0.9477	0.9477	0.9478	0.9479	0.9452	0.9476	0.9478	0.9479	0.9479	0.9479	0.9477	0.947	0.9479	0.9479	0.9477	1.3936	0.9473	0.9479	0.9477	0.9477	0.948	0.9477	0.945	0.9477	0.9477	0.9472	0.9474	0.9481	0.9477
  Q	0.9482	0.9483	0.9483	0.9474	0.948	0.9253	0.9479	0.9275	1.3711	0.9482	0.9485	0.9482	0.948	0.9478	0.9478	0.948	0	0.9481	0.9479	0.9472	0.948	0.9483	0.948	0.9479	0.948	0.9482	0.9482	0.9453	0.9478	0.9483	0.9482	0.9484	0.9481	0.948	0.947	0.9483	0.9483	0.948	0.9385	0.9475	0.9483	0.948	0.9481	0.9483	0.9482	0.9449	0.948	0.948	0.9478	0.9477	0.9484	0.948
  R	0.9479	0.9481	0.9479	1.3859	0.9478	0.9303	0.9478	0.9641	1.3707	0.9478	0.9481	0.9481	0.9478	0.9476	0.948	0.9477	0.9481	0	0.9477	0.9473	0.9477	0.948	0.9479	0.9477	0.9477	0.948	0.9517	1.7442	0.9478	0.9487	0.9483	1.1938	0.9483	0.948	0.9472	0.9481	0.967	0.9478	2.3613	0.9476	0.9481	0.9477	0.9478	0.9504	0.9477	0.9605	0.9477	0.9478	0.9497	0.9475	0.9484	0.9477
  S	0.9478	0.948	0.9478	0.9473	0.9477	0.9297	0.9477	0.9318	0.9462	0.9477	0.948	0.948	0.9477	0.9476	0.9509	0.9477	0.9479	0.9477	0	0.9472	0.9477	0.9479	0.9477	0.9477	0.9477	0.9478	0.9479	0.9536	0.9491	0.9478	0.9479	0.9479	0.948	0.9478	0.9471	0.9479	0.9479	0.9477	2.3187	0.9474	0.9479	0.9477	0.9477	0.948	0.9477	0.9454	0.9477	0.9477	0.9474	0.9474	0.9481	0.9477
  T	0.9474	0.9476	0.9471	0.9473	0.947	0.9365	1.3068	6.8983	1.1092	0.9474	0.9475	0.9541	0.947	0.9471	1.1771	0.9471	0.9472	0.9473	0.9472	0	0.9472	0.9477	0.947	0.9471	0.947	0.947	0.9476	0.9503	0.9473	0.9484	0.948	0.9482	0.9476	0.9476	1.9737	0.9478	0.9476	0.9473	3.3185	3.0997	0.9476	0.9471	0.9475	0.948	0.947	1.0546	0.9472	0.9471	0.9489	0.9469	0.9498	0.9471
  U	0.9478	0.9479	0.9478	0.9473	0.9477	0.9285	0.9477	0.9433	0.9457	0.9477	0.948	0.9478	0.9477	0.9476	0.9476	0.9477	0.948	0.9477	0.9477	0.9472	0	0.9491	0.9477	0.9477	0.9477	0.9478	0.9479	0.9455	0.9476	0.9478	0.9479	0.9479	0.9479	0.9478	0.9471	0.9479	0.9479	0.9477	1.8477	0.9479	0.9479	0.9477	0.9477	0.948	0.9477	0.9453	0.9477	0.9477	0.9473	0.9474	0.9481	0.9477
  V	0.9482	0.9649	0.948	0.9476	0.9633	0.9344	0.9493	0.9369	1.3938	1.7069	1.2536	1.0061	0.9479	0.9477	0.9756	0.9479	0.9483	0.948	0.9479	0.9477	0.9491	0	0.9479	0.9479	0.9478	0.948	0.9485	0.9506	0.948	0.9486	0.9482	0.9484	0.9484	0.9483	0.9476	0.9487	0.9481	0.9479	5.5033	0.9509	0.9484	0.9478	0.9482	0.9972	0.948	0.9469	0.9479	0.9479	1.6902	0.9477	1.1183	0.9478
  W	0.9478	0.948	0.9478	0.9475	0.9477	1.3919	0.9476	0.9292	0.9454	0.9477	0.948	0.9478	0.9478	0.9476	0.9476	0.9477	0.948	0.9479	0.9477	0.947	0.9477	0.9479	0	0.9477	1.4228	1.2696	0.9479	1.2498	0.9477	0.9478	0.9482	0.9481	0.9482	0.948	0.947	0.9479	0.9482	0.9479	0.9315	0.9474	0.948	0.9477	0.9477	0.9484	0.9477	0.9453	0.9477	0.9479	0.9471	0.9474	0.9481	0.9477
  X	0.9477	0.9479	0.9478	0.9473	0.9477	0.9269	0.9476	0.9295	0.946	0.9476	0.9479	0.9479	0.9477	0.9475	0.9476	0.9477	0.9479	0.9477	0.9477	0.9471	0.9477	0.9479	0.9477	0	0.9476	0.9479	0.9478	1.0806	0.9476	0.9478	0.948	0.948	0.9479	0.9478	0.947	0.9479	0.948	0.9477	1.2532	0.9474	0.9479	0.9477	0.9477	0.9482	0.9477	1.4239	0.9477	0.9477	0.9472	0.9474	0.9482	0.9477
  Y	0.9477	0.9479	0.9478	0.9472	0.9477	0.9248	0.9476	0.927	0.9449	0.9476	0.9479	0.9478	0.9477	0.9476	0.9473	0.9477	0.948	0.9477	0.9477	0.947	0.9477	0.9478	1.4228	0.9476	0	0.9479	0.9478	0.9448	0.9475	0.9478	0.9479	0.9478	0.9478	0.9477	0.9469	0.9478	0.948	0.9477	0.9271	0.9473	0.9478	0.9477	0.9477	0.948	0.9477	0.9446	0.9477	0.9477	0.947	0.9474	0.9481	0.9477
  Z	0.9479	0.9481	0.948	0.9475	0.9479	0.9255	0.9477	0.9274	0.9452	0.9477	0.9481	0.9479	0.9479	0.9477	0.9476	0.9478	0.9482	0.948	0.9478	0.947	0.9478	0.948	1.2696	0.9479	0.9479	0	0.948	1.2497	0.9478	0.9479	0.9484	0.9482	0.9483	0.9481	0.947	0.948	0.9482	0.9479	0.9298	0.9474	0.9482	0.9478	0.9478	0.9484	0.9478	0.945	0.9478	0.948	0.9471	0.9475	0.9482	0.9478
  [	0.9482	0.9483	0.948	0.9475	0.9479	0.9319	0.9481	0.9345	1.423	1.0298	0.9483	0.9486	0.9479	0.9477	0.9485	0.9479	0.9482	0.9517	0.9479	0.9476	0.9479	0.9485	0.9479	0.9478	0.9478	0.948	0	1.0963	1.174	0.9484	0.9483	0.9484	0.9484	0.9625	0.9475	1.0431	0.9481	0.9479	3.3847	0.9479	0.9544	0.9478	0.9483	0.9485	0.9479	0.9465	0.9479	0.9479	0.9491	0.9476	0.9486	0.9478
  \	0.9466	1.1205	0.9461	2.5513	0.945	2.1124	0.9517	2.1785	1.5217	0.9818	0.9572	1.0377	1.2143	0.9455	3.4574	0.9452	0.9453	1.7442	0.9536	0.9503	0.9455	0.9506	1.2498	1.0806	0.9448	1.2497	1.0963	0	1.703	0.9618	2.8812	1.7778	3.5879	2.647	0.9483	0.9791	1.9157	1.1577	38.045	1.1365	1.9241	0.9453	0.947	4.2952	0.9459	7.3953	0.9454	1.4341	0.9536	0.9449	0.9665	0.945
  ]	0.9478	0.948	0.9477	0.9474	0.9476	0.9301	0.9478	0.9329	0.9473	0.9478	0.9479	0.9481	0.9476	0.9475	0.9721	0.9476	0.9478	0.9478	0.9491	0.9473	0.9476	0.948	0.9477	0.9476	0.9475	0.9478	1.174	1.703	0	0.9478	0.9481	0.9481	0.9481	0.9478	0.9472	0.9481	0.9479	0.9477	2.5828	0.9476	0.948	0.9476	0.9477	0.9483	0.9476	1.1997	0.9476	0.9476	0.9476	0.9473	0.9483	0.9476
  ^	0.948	0.9492	0.9481	0.9476	0.948	0.9324	0.9481	1.8738	1.1833	0.948	0.9485	0.9484	0.9478	0.9477	1.212	0.9478	0.9483	0.9487	0.9478	0.9484	0.9478	0.9486	0.9478	0.9478	0.9478	0.9479	0.9484	0.9618	0.9478	0	0.9482	0.9483	0.9482	0.9481	0.9477	0.9482	0.9481	0.9479	2.7131	0.9482	0.9482	0.9478	0.948	0.9485	0.9479	1.1636	0.9479	0.9479	1.2001	0.9476	1.1447	0.9478
  _	0.9481	0.9484	0.9481	0.9648	0.948	0.9341	0.9483	1.2178	0.9493	0.9481	0.9484	0.9484	0.948	0.9479	0.9489	0.9479	0.9482	0.9483	0.9479	0.948	0.9479	0.9482	0.9482	0.948	0.9479	0.9484	0.9483	2.8812	0.9481	0.9482	0	1.2378	1.152	0.9484	0.9479	0.9483	1.0563	0.9481	3.8853	0.9482	0.9487	0.9479	0.948	1.1903	0.948	0.9925	0.948	0.9481	0.9478	0.9478	0.9485	0.948
  `	0.9482	0.9484	0.9482	0.949	0.9479	1.4043	0.9503	1.2194	1.9197	0.9483	0.9484	0.9486	0.948	1.4226	0.9494	0.9479	0.9484	1.1938	0.9479	0.9482	0.9479	0.9484	0.9481	0.948	0.9478	0.9482	0.9484	1.7778	0.9481	0.9483	1.2378	0	1.1642	0.9485	0.9481	0.9485	0.9485	0.9479	6.3812	0.9484	0.9488	0.9479	0.9481	0.9494	0.948	1.1238	0.9479	0.948	0.952	0.9478	0.9486	0.9479
  a	0.9481	0.9484	0.948	0.9479	0.9479	0.9294	0.9483	1.1255	0.9502	0.9481	0.9482	0.9486	0.948	0.9477	0.9496	0.9479	0.9481	0.9483	0.948	0.9476	0.9479	0.9484	0.9482	0.9479	0.9478	0.9483	0.9484	3.5879	0.9481	0.9482	1.152	1.1642	0	0.9524	0.9476	0.9484	0.9485	0.9479	2.0938	0.9481	1.2017	0.9478	0.9481	0.9522	0.9479	1.8972	0.9479	0.948	1.3977	0.9476	0.9487	0.9478
  b	0.9479	0.9482	0.9479	0.9477	0.9478	0.9319	0.9482	1.7463	1.0841	0.948	0.9702	0.9485	0.9478	0.9476	1.0484	0.9477	0.948	0.948	0.9478	0.9476	0.9478	0.9483	0.948	0.9478	0.9477	0.9481	0.9625	2.647	0.9478	0.9481	0.9484	0.9485	0.9524	0	0.9477	0.9482	0.9482	0.9478	2.6672	0.948	0.9659	0.9477	0.948	0.9488	0.9478	1.4884	0.9478	0.9478	1.1453	0.9475	0.9487	0.9477
  c	0.9473	0.9476	0.947	0.9474	0.947	0.939	1.7366	10.2421	0.9483	0.9473	0.9475	0.9481	0.947	0.947	2.1694	0.947	0.947	0.9472	0.9471	1.9737	0.9471	0.9476	0.947	0.947	0.9469	0.947	0.9475	0.9483	0.9472	0.9477	0.9479	0.9481	0.9476	0.9477	0	0.9476	0.9475	0.9472	4.5138	1.5001	0.9476	0.947	0.9474	0.948	0.947	1.1999	0.9473	0.947	0.948	0.9469	0.9481	0.947
  d	1.153	0.9489	0.948	0.9475	0.9479	0.9322	0.9482	0.9349	1.563	1.2166	0.9493	1.2601	0.9479	0.9477	0.9487	0.9479	0.9483	0.9481	0.9479	0.9478	0.9479	0.9487	0.9479	0.9479	0.9478	0.948	1.0431	0.9791	0.9481	0.9482	0.9483	0.9485	0.9484	0.9482	0.9476	0	0.9481	0.9479	3.933	1.2096	0.9484	0.9478	1.8796	0.9487	0.948	0.9466	0.9479	0.9479	0.9618	0.9476	0.9487	0.9478
  e	0.948	0.9482	0.9481	1.8139	0.948	1.8742	0.948	1.1899	1.1019	0.9479	0.9482	0.9481	0.948	0.948	0.9483	0.9479	0.9483	0.967	0.9479	0.9476	0.9479	0.9481	0.9482	0.948	0.948	0.9482	0.9481	1.9157	0.9479	0.9481	1.0563	0.9485	0.9485	0.9482	0.9475	0.9481	0	1.016	1.0973	0.9478	0.9482	0.9481	0.9479	1.0299	0.948	1.0157	0.948	0.9483	0.9475	0.9477	0.9486	0.948
  f	0.9478	0.948	0.9478	1.7129	0.9478	3.4722	0.9477	0.935	0.9462	0.9477	0.948	0.9478	0.9478	0.9479	0.9477	0.9477	0.948	0.9478	0.9477	0.9473	0.9477	0.9479	0.9479	0.9477	0.9477	0.9479	0.9479	1.1577	0.9477	0.9479	0.9481	0.9479	0.9479	0.9478	0.9472	0.9479	1.016	0	1.4056	0.9475	0.9479	0.948	0.9477	0.9483	0.9477	0.9462	0.9478	0.948	0.9474	0.9475	1.1024	0.9477
  g	3.1229	3.0926	0.9409	1.2853	1.0274	1.4067	5.5801	29.677	45.9238	2.7052	1.6457	9.415	1.1308	0.9318	14.8421	1.3936	0.9385	2.3613	2.3187	3.3185	1.8477	5.5033	0.9315	1.2532	0.9271	0.9298	3.3847	38.045	2.5828	2.7131	3.8853	6.3812	2.0938	2.6672	4.5138	3.933	1.0973	1.4056	0	6.5726	2.5131	0.9303	4.1841	4.739	1.2216	14.0461	1.146	0.9653	10.8555	0.9286	6.6199	0.9293
  h	0.9482	0.9495	0.9474	0.9476	0.9476	0.9381	1.0561	6.2675	0.9753	0.9485	1.4017	1.5348	0.9474	0.9473	0.9959	0.9473	0.9475	0.9476	0.9474	3.0997	0.9479	0.9509	0.9474	0.9474	0.9473	0.9474	0.9479	1.1365	0.9476	0.9482	0.9482	0.9484	0.9481	0.948	1.5001	1.2096	0.9478	0.9475	6.5726	0	0.9479	0.9473	0.9479	0.9486	0.9474	1.0997	0.9476	0.9474	2.1851	0.9472	0.9672	0.9474
  i	0.9481	0.9484	0.948	0.9476	0.9479	0.9303	0.9482	0.9975	1.2272	0.9481	0.9491	0.9487	0.9479	0.9477	1.1822	0.9479	0.9483	0.9481	0.9479	0.9476	0.9479	0.9484	0.948	0.9479	0.9478	0.9482	0.9544	1.9241	0.948	0.9482	0.9487	0.9488	1.2017	0.9659	0.9476	0.9484	0.9482	0.9479	2.5131	0.9479	0	0.9478	0.9481	0.9554	0.9479	1.0452	0.9479	0.9502	0.9484	0.9476	0.9504	0.9478
  j	0.9477	0.9479	0.9478	0.9476	0.9477	2.0446	0.9476	0.9303	0.9454	0.9476	0.9479	0.9478	0.9477	1.6678	0.9474	0.9477	0.948	0.9477	0.9477	0.9471	0.9477	0.9478	0.9477	0.9477	0.9477	0.9478	0.9478	0.9453	0.9476	0.9478	0.9479	0.9479	0.9478	0.9477	0.947	0.9478	0.9481	0.948	0.9303	0.9473	0.9478	0	0.9477	0.948	0.9477	0.9451	0.9477	0.9478	0.9471	2.3223	0.9482	0.9477
  k	0.9494	0.9481	0.9478	0.9474	0.9477	0.9328	0.948	1.0648	1.2995	1.4233	0.9484	0.9483	0.9477	0.9476	1.1312	0.9477	0.9481	0.9478	0.9477	0.9475	0.9477	0.9482	0.9477	0.9477	0.9477	0.9478	0.9483	0.947	0.9477	0.948	0.948	0.9481	0.9481	0.948	0.9474	1.8796	0.9479	0.9477	4.1841	0.9479	0.9481	0.9477	0	0.9482	0.9478	0.9462	0.9477	0.9477	1.2001	0.9474	0.9484	0.9477
  l	0.9484	1.1661	0.9484	1.2316	0.9481	1.0474	0.9493	2.5016	1.0619	0.9484	0.9488	1.2947	0.9481	0.9479	0.9672	0.948	0.9483	0.9504	0.948	0.948	0.948	0.9972	0.9484	0.9482	0.948	0.9484	0.9485	4.2952	0.9483	0.9485	1.1903	0.9494	0.9522	0.9488	0.948	0.9487	1.0299	0.9483	4.739	0.9486	0.9554	0.948	0.9482	0	0.9481	2.8001	0.948	0.955	0.9489	0.9478	1.236	0.948
  m	0.9479	0.948	0.9479	0.9472	0.9477	0.926	0.9476	0.9283	1.599	0.9477	0.948	1.4202	0.9477	0.9476	0.9477	0.9477	0.9482	0.9477	0.9477	0.947	0.9477	0.948	0.9477	0.9477	0.9477	0.9478	0.9479	0.9459	0.9476	0.9479	0.948	0.948	0.9479	0.9478	0.947	0.948	0.948	0.9477	1.2216	0.9474	0.9479	0.9477	0.9478	0.9481	0	0.945	0.9477	0.9477	0.9475	0.9474	0.9482	0.9477
  n	0.946	0.9468	1.179	2.8688	0.9448	2.56	1.5566	27.6072	1.4358	0.9461	0.946	1.5707	0.9451	0.9454	1.1096	0.945	0.9449	0.9605	0.9454	1.0546	0.9453	0.9469	0.9453	1.4239	0.9446	0.945	0.9465	7.3953	1.1997	1.1636	0.9925	1.1238	1.8972	1.4884	1.1999	0.9466	1.0157	0.9462	14.0461	1.0997	1.0452	0.9451	0.9462	2.8001	0.945	0	0.9462	1.2956	1.0122	0.9449	1.7109	1.0638
  o	0.9478	0.9479	0.9478	0.9473	0.9477	0.9271	0.9478	1.1813	0.9455	0.9476	0.9479	0.9479	0.9477	0.9476	0.9481	0.9477	0.948	0.9477	0.9477	0.9472	0.9477	0.9479	0.9477	0.9477	0.9477	0.9478	0.9479	0.9454	0.9476	0.9479	0.948	0.9479	0.9479	0.9478	0.9473	0.9479	0.948	0.9478	1.146	0.9476	0.9479	0.9477	0.9477	0.948	0.9477	0.9462	0	0.9478	0.9472	0.9474	0.9481	0.9477
  p	0.9478	0.948	0.9479	1.2094	0.9478	1.1698	0.9477	1.0006	0.9454	0.9476	0.948	0.9479	0.9478	0.9478	0.9476	0.9477	0.948	0.9478	0.9477	0.9471	0.9477	0.9479	0.9479	0.9477	0.9477	0.948	0.9479	1.4341	0.9476	0.9479	0.9481	0.948	0.948	0.9478	0.947	0.9479	0.9483	0.948	0.9653	0.9474	0.9502	0.9478	0.9477	0.955	0.9477	1.2956	0.9478	0	0.9471	0.9474	0.9483	0.9478
  q	0.9481	0.96	0.9474	0.9473	1.0045	0.9373	1.1901	0.9463	2.7668	1.1281	0.9641	1.5948	0.9472	0.9471	0.9507	0.9472	0.9478	0.9497	0.9474	0.9489	0.9473	1.6902	0.9471	0.9472	0.947	0.9471	0.9491	0.9536	0.9476	1.2001	0.9478	0.952	1.3977	1.1453	0.948	0.9618	0.9475	0.9474	10.8555	2.1851	0.9484	0.9471	1.2001	0.9489	0.9475	1.0122	0.9472	0.9471	0	0.9469	1.3258	0.9471
  r	0.9475	0.9477	0.9475	0.9471	0.9474	0.9266	0.9475	1.3912	0.945	0.9473	0.9476	0.9476	0.9474	1.1671	0.9486	0.9474	0.9477	0.9475	0.9474	0.9469	0.9474	0.9477	0.9474	0.9474	0.9474	0.9475	0.9476	0.9449	0.9473	0.9476	0.9478	0.9478	0.9476	0.9475	0.9469	0.9476	0.9477	0.9475	0.9286	0.9472	0.9476	2.3223	0.9474	0.9478	0.9474	0.9449	0.9474	0.9474	0.9469	0	0.9479	0.9474
  s	0.9493	1.3309	0.9483	1.0357	1.2366	1.7793	0.9486	0.952	1.0134	0.9486	1.3887	1.071	0.9481	0.9481	1.6158	0.9481	0.9484	0.9484	0.9481	0.9498	0.9481	1.1183	0.9481	0.9482	0.9481	0.9482	0.9486	0.9665	0.9483	1.1447	0.9485	0.9486	0.9487	0.9487	0.9481	0.9487	0.9486	1.1024	6.6199	0.9672	0.9504	0.9482	0.9484	1.236	0.9482	1.7109	0.9481	0.9483	1.3258	0.9479	0	0.9481
  t	0.9477	0.9479	0.9478	0.9473	0.9477	0.9266	0.9476	1.2801	0.9452	0.9476	0.9479	0.9478	0.9477	0.9476	0.9474	0.9477	0.948	0.9477	0.9477	0.9471	0.9477	0.9478	0.9477	0.9477	0.9477	0.9478	0.9478	0.945	0.9476	0.9478	0.948	0.9479	0.9478	0.9477	0.947	0.9478	0.948	0.9477	0.9293	0.9474	0.9478	0.9477	0.9477	0.948	0.9477	1.0638	0.9477	0.9478	0.9471	0.9474	0.9481	0

Actual rates from j->i (Q_ij):
	A	B	C	D	E	F	G	H	I	J	K	L	M	N	O	P	Q	R	S	T	U	V	W	X	Y	Z	[	\	]	^	_	`	a	b	c	d	e	f	g	h	i	j	k	l	m	n	o	p	q	r	s	t
  A	0	0.019	0.0189	0.0189	0.0189	0.0186	0.0189	0.0187	0.0252	0.0189	0.019	0.0328	0.0189	0.0189	0.0191	0.0189	0.0189	0.0189	0.0189	0.0189	0.0189	0.0189	0.0189	0.0189	0.0189	0.0189	0.0189	0.0189	0.0189	0.0189	0.0189	0.0189	0.0189	0.0189	0.0189	0.023	0.0189	0.0189	0.0624	0.0189	0.0189	0.0189	0.019	0.0189	0.0189	0.0189	0.0189	0.0189	0.0189	0.0189	0.019	0.0189
  B	0.0193	0	0.0193	0.0193	0.0194	0.019	0.0193	0.019	0.0202	0.0194	0.0196	0.025	0.0193	0.0193	0.0248	0.0193	0.0193	0.0193	0.0193	0.0193	0.0193	0.0196	0.0193	0.0193	0.0193	0.0193	0.0193	0.0228	0.0193	0.0193	0.0193	0.0193	0.0193	0.0193	0.0193	0.0193	0.0193	0.0193	0.063	0.0193	0.0193	0.0193	0.0193	0.0237	0.0193	0.0193	0.0193	0.0193	0.0196	0.0193	0.0271	0.0193
  C	0.0259	0.0259	0	0.0259	0.0259	0.0253	0.0259	0.0254	0.0336	0.0259	0.0259	0.0259	0.0259	0.0259	0.0259	0.0259	0.0259	0.0259	0.0259	0.0259	0.0259	0.0259	0.0259	0.0259	0.0259	0.0259	0.0259	0.0259	0.0259	0.0259	0.0259	0.0259	0.0259	0.0259	0.0259	0.0259	0.0259	0.0259	0.0257	0.0259	0.0259	0.0259	0.0259	0.0259	0.0259	0.0322	0.0259	0.0259	0.0259	0.0259	0.0259	0.0259
  D	0.013	0.013	0.013	0	0.013	0.0724	0.013	0.0296	0.013	0.013	0.013	0.013	0.013	0.013	0.013	0.013	0.013	0.019	0.013	0.013	0.013	0.013	0.013	0.013	0.013	0.013	0.013	0.035	0.013	0.013	0.0132	0.013	0.013	0.013	0.013	0.013	0.0249	0.0235	0.0176	0.013	0.013	0.013	0.013	0.0169	0.013	0.0394	0.013	0.0166	0.013	0.013	0.0142	0.013
  E	0.0259	0.0261	0.0259	0.0259	0	0.0253	0.0259	0.0253	0.0258	0.0259	0.0261	0.0259	0.0259	0.0259	0.0259	0.0259	0.0259	0.0259	0.0259	0.0259	0.0259	0.0263	0.0259	0.0259	0.0259	0.0259	0.0259	0.0258	0.0259	0.0259	0.0259	0.0259	0.0259	0.0259	0.0259	0.0259	0.0259	0.0259	0.0281	0.0259	0.0259	0.0259	0.0259	0.0259	0.0259	0.0258	0.0259	0.0259	0.0274	0.0259	0.0338	0.0259
  F	0.022	0.022	0.0219	0.1247	0.0219	0	0.0221	0.0575	0.0223	0.022	0.0219	0.0222	0.0219	0.0536	0.0222	0.0219	0.0219	0.022	0.022	0.0221	0.0219	0.0221	0.0329	0.0219	0.0219	0.0219	0.022	0.0499	0.022	0.022	0.0221	0.0332	0.022	0.022	0.0222	0.022	0.0443	0.0821	0.0332	0.0222	0.022	0.0483	0.022	0.0248	0.0219	0.0605	0.0219	0.0276	0.0222	0.0219	0.0421	0.0219
  G	0.0128	0.0128	0.0128	0.0128	0.0128	0.0127	0	0.0532	0.0141	0.0128	0.0128	0.0128	0.0128	0.0128	0.0198	0.0128	0.0128	0.0128	0.0128	0.0177	0.0128	0.0128	0.0128	0.0128	0.0128	0.0128	0.0128	0.0129	0.0128	0.0128	0.0128	0.0128	0.0128	0.0128	0.0235	0.0128	0.0128	0.0128	0.0754	0.0143	0.0128	0.0128	0.0128	0.0128	0.0128	0.021	0.0128	0.0128	0.0161	0.0128	0.0128	0.0128
  H	0.0057	0.0057	0.0056	0.0131	0.0056	0.0148	0.0239	0	0.0089	0.0057	0.0056	0.0069	0.0056	0.0056	0.0628	0.0056	0.0056	0.0058	0.0056	0.0418	0.0057	0.0057	0.0056	0.0056	0.0056	0.0056	0.0057	0.0132	0.0057	0.0114	0.0074	0.0074	0.0068	0.0106	0.0621	0.0057	0.0072	0.0057	0.1799	0.038	0.006	0.0056	0.0065	0.0152	0.0056	0.1673	0.0072	0.0061	0.0057	0.0084	0.0058	0.0078
  I	0.0075	0.0059	0.0073	0.0056	0.0056	0.0056	0.0062	0.0087	0	0.0137	0.0103	0.0081	0.0056	0.0056	0.0079	0.0056	0.0082	0.0082	0.0056	0.0066	0.0056	0.0083	0.0056	0.0056	0.0056	0.0056	0.0085	0.0091	0.0056	0.007	0.0056	0.0114	0.0057	0.0064	0.0056	0.0093	0.0066	0.0056	0.2731	0.0058	0.0073	0.0056	0.0077	0.0063	0.0095	0.0085	0.0056	0.0056	0.0165	0.0056	0.006	0.0056
  J	0.0203	0.0204	0.0203	0.0203	0.0203	0.0199	0.0203	0.02	0.0492	0	0.0203	0.0203	0.0203	0.0203	0.0203	0.0203	0.0203	0.0203	0.0203	0.0203	0.0203	0.0365	0.0203	0.0203	0.0203	0.0203	0.0221	0.021	0.0203	0.0203	0.0203	0.0203	0.0203	0.0203	0.0203	0.0261	0.0203	0.0203	0.0579	0.0203	0.0203	0.0203	0.0305	0.0203	0.0203	0.0203	0.0203	0.0203	0.0242	0.0203	0.0203	0.0203
  K	0.0243	0.0246	0.0243	0.0243	0.0245	0.0238	0.0243	0.0239	0.0444	0.0243	0	0.037	0.0243	0.0243	0.0318	0.0243	0.0243	0.0243	0.0243	0.0243	0.0243	0.0322	0.0243	0.0243	0.0243	0.0243	0.0243	0.0246	0.0243	0.0243	0.0243	0.0243	0.0243	0.0249	0.0243	0.0244	0.0243	0.0243	0.0422	0.036	0.0244	0.0243	0.0243	0.0244	0.0243	0.0243	0.0243	0.0243	0.0247	0.0243	0.0356	0.0243
  L	0.0208	0.0156	0.012	0.012	0.012	0.0119	0.012	0.0144	0.0172	0.012	0.0183	0	0.012	0.012	0.0137	0.012	0.012	0.012	0.012	0.0121	0.012	0.0128	0.012	0.012	0.012	0.012	0.012	0.0132	0.012	0.012	0.012	0.012	0.012	0.012	0.012	0.016	0.012	0.012	0.1195	0.0195	0.012	0.012	0.012	0.0164	0.018	0.0199	0.012	0.012	0.0202	0.012	0.0136	0.012
  M	0.0251	0.0251	0.0251	0.025	0.0251	0.0245	0.025	0.0245	0.025	0.025	0.0251	0.0251	0	0.025	0.0251	0.0251	0.0251	0.0251	0.025	0.025	0.025	0.0251	0.0251	0.025	0.025	0.0251	0.0251	0.0321	0.025	0.0251	0.0251	0.0251	0.0251	0.0251	0.025	0.0251	0.0251	0.0251	0.0299	0.025	0.0251	0.025	0.025	0.0251	0.025	0.025	0.0251	0.0251	0.025	0.025	0.0251	0.0251
  N	0.0204	0.0204	0.0204	0.0204	0.0204	0.0488	0.0204	0.02	0.0203	0.0204	0.0204	0.0204	0.0204	0	0.0204	0.0204	0.0204	0.0204	0.0204	0.0204	0.0204	0.0204	0.0204	0.0204	0.0204	0.0204	0.0204	0.0203	0.0204	0.0204	0.0204	0.0306	0.0204	0.0204	0.0204	0.0204	0.0204	0.0204	0.02	0.0204	0.0204	0.0359	0.0204	0.0204	0.0204	0.0203	0.0204	0.0204	0.0204	0.0251	0.0204	0.0204
  O	0.0083	0.0105	0.0082	0.0082	0.0082	0.0082	0.0127	0.0897	0.0116	0.0082	0.0107	0.0093	0.0082	0.0082	0	0.0082	0.0082	0.0082	0.0082	0.0102	0.0082	0.0085	0.0082	0.0082	0.0082	0.0082	0.0082	0.0299	0.0084	0.0105	0.0082	0.0082	0.0082	0.0091	0.0188	0.0082	0.0082	0.0082	0.1286	0.0086	0.0102	0.0082	0.0098	0.0084	0.0082	0.0096	0.0082	0.0082	0.0082	0.0082	0.014	0.0082
  P	0.0239	0.0239	0.0239	0.0239	0.0239	0.0234	0.0239	0.0234	0.0238	0.0239	0.0239	0.0239	0.0239	0.0239	0.0239	0	0.0239	0.0239	0.0239	0.0239	0.0239	0.0239	0.0239	0.0239	0.0239	0.0239	0.0239	0.0238	0.0239	0.0239	0.0239	0.0239	0.0239	0.0239	0.0239	0.0239	0.0239	0.0239	0.0351	0.0239	0.0239	0.0239	0.0239	0.0239	0.0239	0.0238	0.0239	0.0239	0.0239	0.0239	0.0239	0.0239
  Q	0.0263	0.0263	0.0263	0.0263	0.0263	0.0256	0.0263	0.0257	0.038	0.0263	0.0263	0.0263	0.0263	0.0263	0.0263	0.0263	0	0.0263	0.0263	0.0262	0.0263	0.0263	0.0263	0.0263	0.0263	0.0263	0.0263	0.0262	0.0263	0.0263	0.0263	0.0263	0.0263	0.0263	0.0262	0.0263	0.0263	0.0263	0.026	0.0263	0.0263	0.0263	0.0263	0.0263	0.0263	0.0262	0.0263	0.0263	0.0263	0.0263	0.0263	0.0263
  R	0.0209	0.0209	0.0209	0.0306	0.0209	0.0205	0.0209	0.0213	0.0303	0.0209	0.0209	0.0209	0.0209	0.0209	0.0209	0.0209	0.0209	0	0.0209	0.0209	0.0209	0.0209	0.0209	0.0209	0.0209	0.0209	0.021	0.0385	0.0209	0.0209	0.0209	0.0264	0.0209	0.0209	0.0209	0.0209	0.0213	0.0209	0.0521	0.0209	0.0209	0.0209	0.0209	0.021	0.0209	0.0212	0.0209	0.0209	0.021	0.0209	0.0209	0.0209
  S	0.0207	0.0207	0.0207	0.0207	0.0207	0.0203	0.0207	0.0203	0.0207	0.0207	0.0207	0.0207	0.0207	0.0207	0.0208	0.0207	0.0207	0.0207	0	0.0207	0.0207	0.0207	0.0207	0.0207	0.0207	0.0207	0.0207	0.0208	0.0207	0.0207	0.0207	0.0207	0.0207	0.0207	0.0207	0.0207	0.0207	0.0207	0.0506	0.0207	0.0207	0.0207	0.0207	0.0207	0.0207	0.0206	0.0207	0.0207	0.0207	0.0207	0.0207	0.0207
  T	0.0126	0.0126	0.0126	0.0126	0.0126	0.0125	0.0174	0.0918	0.0148	0.0126	0.0126	0.0127	0.0126	0.0126	0.0157	0.0126	0.0126	0.0126	0.0126	0	0.0126	0.0126	0.0126	0.0126	0.0126	0.0126	0.0126	0.0126	0.0126	0.0126	0.0126	0.0126	0.0126	0.0126	0.0263	0.0126	0.0126	0.0126	0.0442	0.0412	0.0126	0.0126	0.0126	0.0126	0.0126	0.014	0.0126	0.0126	0.0126	0.0126	0.0126	0.0126
  U	0.0221	0.0221	0.0221	0.0221	0.0221	0.0217	0.0221	0.022	0.0221	0.0221	0.0221	0.0221	0.0221	0.0221	0.0221	0.0221	0.0221	0.0221	0.0221	0.0221	0	0.0222	0.0221	0.0221	0.0221	0.0221	0.0221	0.0221	0.0221	0.0221	0.0221	0.0221	0.0221	0.0221	0.0221	0.0221	0.0221	0.0221	0.0431	0.0221	0.0221	0.0221	0.0221	0.0221	0.0221	0.0221	0.0221	0.0221	0.0221	0.0221	0.0221	0.0221
  V	0.0156	0.0159	0.0156	0.0156	0.0158	0.0154	0.0156	0.0154	0.0229	0.0281	0.0206	0.0165	0.0156	0.0156	0.016	0.0156	0.0156	0.0156	0.0156	0.0156	0.0156	0	0.0156	0.0156	0.0156	0.0156	0.0156	0.0156	0.0156	0.0156	0.0156	0.0156	0.0156	0.0156	0.0156	0.0156	0.0156	0.0156	0.0905	0.0156	0.0156	0.0156	0.0156	0.0164	0.0156	0.0156	0.0156	0.0156	0.0278	0.0156	0.0184	0.0156
  W	0.0239	0.0239	0.0239	0.0239	0.0239	0.0351	0.0239	0.0235	0.0239	0.0239	0.0239	0.0239	0.0239	0.0239	0.0239	0.0239	0.0239	0.0239	0.0239	0.0239	0.0239	0.0239	0	0.0239	0.0359	0.0321	0.0239	0.0316	0.0239	0.0239	0.0239	0.0239	0.0239	0.0239	0.0239	0.0239	0.0239	0.0239	0.0235	0.0239	0.0239	0.0239	0.0239	0.0239	0.0239	0.0239	0.0239	0.0239	0.0239	0.0239	0.0239	0.0239
  X	0.0241	0.0241	0.0241	0.0241	0.0241	0.0236	0.0241	0.0236	0.0241	0.0241	0.0241	0.0241	0.0241	0.0241	0.0241	0.0241	0.0241	0.0241	0.0241	0.0241	0.0241	0.0241	0.0241	0	0.0241	0.0241	0.0241	0.0275	0.0241	0.0241	0.0241	0.0241	0.0241	0.0241	0.0241	0.0241	0.0241	0.0241	0.0319	0.0241	0.0241	0.0241	0.0241	0.0241	0.0241	0.0362	0.0241	0.0241	0.0241	0.0241	0.0241	0.0241
  Y	0.0265	0.0265	0.0265	0.0265	0.0265	0.0259	0.0265	0.026	0.0265	0.0265	0.0265	0.0265	0.0265	0.0265	0.0265	0.0265	0.0265	0.0265	0.0265	0.0265	0.0265	0.0265	0.0398	0.0265	0	0.0265	0.0265	0.0265	0.0265	0.0265	0.0265	0.0265	0.0265	0.0265	0.0265	0.0265	0.0265	0.0265	0.026	0.0265	0.0265	0.0265	0.0265	0.0265	0.0265	0.0264	0.0265	0.0265	0.0265	0.0265	0.0265	0.0265
  Z	0.0262	0.0262	0.0262	0.0262	0.0262	0.0256	0.0262	0.0256	0.0261	0.0262	0.0262	0.0262	0.0262	0.0262	0.0262	0.0262	0.0262	0.0262	0.0262	0.0262	0.0262	0.0262	0.0351	0.0262	0.0262	0	0.0262	0.0345	0.0262	0.0262	0.0262	0.0262	0.0262	0.0262	0.0262	0.0262	0.0262	0.0262	0.0257	0.0262	0.0262	0.0262	0.0262	0.0262	0.0262	0.0261	0.0262	0.0262	0.0262	0.0262	0.0262	0.0262
  [	0.0183	0.0183	0.0183	0.0183	0.0183	0.018	0.0183	0.0181	0.0275	0.0199	0.0183	0.0183	0.0183	0.0183	0.0183	0.0183	0.0183	0.0184	0.0183	0.0183	0.0183	0.0183	0.0183	0.0183	0.0183	0.0183	0	0.0212	0.0227	0.0183	0.0183	0.0183	0.0183	0.0186	0.0183	0.0202	0.0183	0.0183	0.0655	0.0183	0.0185	0.0183	0.0183	0.0183	0.0183	0.0183	0.0183	0.0183	0.0184	0.0183	0.0183	0.0183
  \	0.0057	0.0067	0.0057	0.0153	0.0057	0.0127	0.0057	0.0131	0.0091	0.0059	0.0058	0.0062	0.0073	0.0057	0.0208	0.0057	0.0057	0.0105	0.0057	0.0057	0.0057	0.0057	0.0075	0.0065	0.0057	0.0075	0.0066	0	0.0102	0.0058	0.0173	0.0107	0.0216	0.0159	0.0057	0.0059	0.0115	0.007	0.2286	0.0068	0.0116	0.0057	0.0057	0.0258	0.0057	0.0444	0.0057	0.0086	0.0057	0.0057	0.0058	0.0057
  ]	0.0203	0.0203	0.0203	0.0203	0.0203	0.0199	0.0203	0.02	0.0203	0.0203	0.0203	0.0203	0.0203	0.0203	0.0208	0.0203	0.0203	0.0203	0.0203	0.0203	0.0203	0.0203	0.0203	0.0203	0.0203	0.0203	0.0251	0.0365	0	0.0203	0.0203	0.0203	0.0203	0.0203	0.0203	0.0203	0.0203	0.0203	0.0553	0.0203	0.0203	0.0203	0.0203	0.0203	0.0203	0.0257	0.0203	0.0203	0.0203	0.0203	0.0203	0.0203
  ^	0.018	0.018	0.018	0.018	0.018	0.0177	0.018	0.0356	0.0225	0.018	0.018	0.018	0.018	0.018	0.023	0.018	0.018	0.018	0.018	0.018	0.018	0.018	0.018	0.018	0.018	0.018	0.018	0.0183	0.018	0	0.018	0.018	0.018	0.018	0.018	0.018	0.018	0.018	0.0516	0.018	0.018	0.018	0.018	0.018	0.018	0.0221	0.018	0.018	0.0228	0.018	0.0218	0.018
  _	0.0174	0.0174	0.0174	0.0177	0.0174	0.0171	0.0174	0.0223	0.0174	0.0174	0.0174	0.0174	0.0174	0.0174	0.0174	0.0174	0.0174	0.0174	0.0174	0.0174	0.0174	0.0174	0.0174	0.0174	0.0174	0.0174	0.0174	0.0528	0.0174	0.0174	0	0.0227	0.0211	0.0174	0.0174	0.0174	0.0193	0.0174	0.0711	0.0174	0.0174	0.0174	0.0174	0.0218	0.0174	0.0182	0.0174	0.0174	0.0174	0.0174	0.0174	0.0174
  `	0.0139	0.0139	0.0139	0.0139	0.0139	0.0206	0.0139	0.0179	0.0281	0.0139	0.0139	0.0139	0.0139	0.0209	0.0139	0.0139	0.0139	0.0175	0.0139	0.0139	0.0139	0.0139	0.0139	0.0139	0.0139	0.0139	0.0139	0.0261	0.0139	0.0139	0.0181	0	0.0171	0.0139	0.0139	0.0139	0.0139	0.0139	0.0935	0.0139	0.0139	0.0139	0.0139	0.0139	0.0139	0.0165	0.0139	0.0139	0.014	0.0139	0.0139	0.0139
  a	0.0218	0.0218	0.0218	0.0218	0.0218	0.0214	0.0218	0.0259	0.0219	0.0218	0.0218	0.0219	0.0218	0.0218	0.0219	0.0218	0.0218	0.0218	0.0218	0.0218	0.0218	0.0218	0.0218	0.0218	0.0218	0.0218	0.0218	0.0827	0.0218	0.0218	0.0265	0.0268	0	0.0219	0.0218	0.0218	0.0218	0.0218	0.0482	0.0218	0.0277	0.0218	0.0218	0.0219	0.0218	0.0437	0.0218	0.0218	0.0322	0.0218	0.0219	0.0218
  b	0.0186	0.0186	0.0186	0.0186	0.0186	0.0183	0.0186	0.0342	0.0213	0.0186	0.019	0.0186	0.0186	0.0186	0.0206	0.0186	0.0186	0.0186	0.0186	0.0186	0.0186	0.0186	0.0186	0.0186	0.0186	0.0186	0.0189	0.0519	0.0186	0.0186	0.0186	0.0186	0.0187	0	0.0186	0.0186	0.0186	0.0186	0.0523	0.0186	0.0189	0.0186	0.0186	0.0186	0.0186	0.0292	0.0186	0.0186	0.0225	0.0186	0.0186	0.0186
  c	0.0097	0.0097	0.0097	0.0097	0.0097	0.0097	0.0179	0.1053	0.0097	0.0097	0.0097	0.0097	0.0097	0.0097	0.0223	0.0097	0.0097	0.0097	0.0097	0.0203	0.0097	0.0097	0.0097	0.0097	0.0097	0.0097	0.0097	0.0097	0.0097	0.0097	0.0097	0.0097	0.0097	0.0097	0	0.0097	0.0097	0.0097	0.0464	0.0154	0.0097	0.0097	0.0097	0.0097	0.0097	0.0123	0.0097	0.0097	0.0097	0.0097	0.0097	0.0097
  d	0.0219	0.018	0.018	0.018	0.018	0.0177	0.018	0.0177	0.0297	0.0231	0.018	0.0239	0.018	0.018	0.018	0.018	0.018	0.018	0.018	0.018	0.018	0.018	0.018	0.018	0.018	0.018	0.0198	0.0186	0.018	0.018	0.018	0.018	0.018	0.018	0.018	0	0.018	0.018	0.0746	0.023	0.018	0.018	0.0357	0.018	0.018	0.018	0.018	0.018	0.0182	0.018	0.018	0.018
  e	0.0212	0.0212	0.0212	0.0405	0.0212	0.0419	0.0212	0.0266	0.0246	0.0212	0.0212	0.0212	0.0212	0.0212	0.0212	0.0212	0.0212	0.0216	0.0212	0.0212	0.0212	0.0212	0.0212	0.0212	0.0212	0.0212	0.0212	0.0428	0.0212	0.0212	0.0236	0.0212	0.0212	0.0212	0.0212	0.0212	0	0.0227	0.0245	0.0212	0.0212	0.0212	0.0212	0.023	0.0212	0.0227	0.0212	0.0212	0.0212	0.0212	0.0212	0.0212
  f	0.0168	0.0168	0.0168	0.0304	0.0168	0.0616	0.0168	0.0166	0.0168	0.0168	0.0168	0.0168	0.0168	0.0168	0.0168	0.0168	0.0168	0.0168	0.0168	0.0168	0.0168	0.0168	0.0168	0.0168	0.0168	0.0168	0.0168	0.0205	0.0168	0.0168	0.0168	0.0168	0.0168	0.0168	0.0168	0.0168	0.018	0	0.0249	0.0168	0.0168	0.0168	0.0168	0.0168	0.0168	0.0168	0.0168	0.0168	0.0168	0.0168	0.0196	0.0168
  g	0.0185	0.0183	0.0056	0.0076	0.0061	0.0083	0.033	0.1754	0.2714	0.016	0.0097	0.0556	0.0067	0.0055	0.0877	0.0082	0.0055	0.014	0.0137	0.0196	0.0109	0.0325	0.0055	0.0074	0.0055	0.0055	0.02	0.2249	0.0153	0.016	0.023	0.0377	0.0124	0.0158	0.0267	0.0232	0.0065	0.0083	0	0.0388	0.0149	0.0055	0.0247	0.028	0.0072	0.083	0.0068	0.0057	0.0642	0.0055	0.0391	0.0055
  h	0.0111	0.0111	0.011	0.011	0.011	0.0109	0.0123	0.0731	0.0114	0.0111	0.0163	0.0179	0.011	0.011	0.0116	0.011	0.011	0.011	0.011	0.0361	0.0111	0.0111	0.011	0.011	0.011	0.011	0.0111	0.0132	0.011	0.0111	0.0111	0.0111	0.0111	0.0111	0.0175	0.0141	0.011	0.011	0.0766	0	0.0111	0.011	0.0111	0.0111	0.011	0.0128	0.011	0.011	0.0255	0.011	0.0113	0.011
  i	0.0204	0.0204	0.0204	0.0204	0.0204	0.02	0.0204	0.0215	0.0264	0.0204	0.0204	0.0204	0.0204	0.0204	0.0254	0.0204	0.0204	0.0204	0.0204	0.0204	0.0204	0.0204	0.0204	0.0204	0.0204	0.0204	0.0205	0.0414	0.0204	0.0204	0.0204	0.0204	0.0259	0.0208	0.0204	0.0204	0.0204	0.0204	0.0541	0.0204	0	0.0204	0.0204	0.0206	0.0204	0.0225	0.0204	0.0204	0.0204	0.0204	0.0205	0.0204
  j	0.0224	0.0224	0.0224	0.0224	0.0224	0.0482	0.0224	0.022	0.0223	0.0224	0.0224	0.0224	0.0224	0.0394	0.0224	0.0224	0.0224	0.0224	0.0224	0.0223	0.0224	0.0224	0.0224	0.0224	0.0224	0.0224	0.0224	0.0223	0.0224	0.0224	0.0224	0.0224	0.0224	0.0224	0.0223	0.0224	0.0224	0.0224	0.022	0.0224	0.0224	0	0.0224	0.0224	0.0224	0.0223	0.0224	0.0224	0.0224	0.0548	0.0224	0.0224
  k	0.0171	0.0171	0.0171	0.0171	0.0171	0.0168	0.0171	0.0192	0.0234	0.0257	0.0171	0.0171	0.0171	0.0171	0.0204	0.0171	0.0171	0.0171	0.0171	0.0171	0.0171	0.0171	0.0171	0.0171	0.0171	0.0171	0.0171	0.0171	0.0171	0.0171	0.0171	0.0171	0.0171	0.0171	0.0171	0.0339	0.0171	0.0171	0.0754	0.0171	0.0171	0.0171	0	0.0171	0.0171	0.0171	0.0171	0.0171	0.0216	0.0171	0.0171	0.0171
  l	0.015	0.0184	0.015	0.0195	0.015	0.0165	0.015	0.0395	0.0168	0.015	0.015	0.0205	0.015	0.015	0.0153	0.015	0.015	0.015	0.015	0.015	0.015	0.0158	0.015	0.015	0.015	0.015	0.015	0.0679	0.015	0.015	0.0188	0.015	0.015	0.015	0.015	0.015	0.0163	0.015	0.0749	0.015	0.0151	0.015	0.015	0	0.015	0.0442	0.015	0.0151	0.015	0.015	0.0195	0.015
  m	0.0251	0.0251	0.0251	0.025	0.0251	0.0245	0.0251	0.0245	0.0423	0.0251	0.0251	0.0376	0.0251	0.0251	0.0251	0.0251	0.0251	0.0251	0.0251	0.025	0.0251	0.0251	0.0251	0.0251	0.0251	0.0251	0.0251	0.025	0.0251	0.0251	0.0251	0.0251	0.0251	0.0251	0.025	0.0251	0.0251	0.0251	0.0323	0.0251	0.0251	0.0251	0.0251	0.0251	0	0.025	0.0251	0.0251	0.0251	0.0251	0.0251	0.0251
  n	0.0064	0.0064	0.0079	0.0193	0.0064	0.0172	0.0105	0.1858	0.0097	0.0064	0.0064	0.0106	0.0064	0.0064	0.0075	0.0064	0.0064	0.0065	0.0064	0.0071	0.0064	0.0064	0.0064	0.0096	0.0064	0.0064	0.0064	0.0498	0.0081	0.0078	0.0067	0.0076	0.0128	0.01	0.0081	0.0064	0.0068	0.0064	0.0945	0.0074	0.007	0.0064	0.0064	0.0188	0.0064	0	0.0064	0.0087	0.0068	0.0064	0.0115	0.0072
  o	0.0239	0.0239	0.0239	0.0239	0.0239	0.0234	0.0239	0.0298	0.0238	0.0239	0.0239	0.0239	0.0239	0.0239	0.0239	0.0239	0.0239	0.0239	0.0239	0.0239	0.0239	0.0239	0.0239	0.0239	0.0239	0.0239	0.0239	0.0238	0.0239	0.0239	0.0239	0.0239	0.0239	0.0239	0.0239	0.0239	0.0239	0.0239	0.0289	0.0239	0.0239	0.0239	0.0239	0.0239	0.0239	0.0239	0	0.0239	0.0239	0.0239	0.0239	0.0239
  p	0.0245	0.0245	0.0245	0.0313	0.0245	0.0303	0.0245	0.0259	0.0245	0.0245	0.0245	0.0245	0.0245	0.0245	0.0245	0.0245	0.0245	0.0245	0.0245	0.0245	0.0245	0.0245	0.0245	0.0245	0.0245	0.0245	0.0245	0.0371	0.0245	0.0245	0.0245	0.0245	0.0245	0.0245	0.0245	0.0245	0.0245	0.0245	0.025	0.0245	0.0246	0.0245	0.0245	0.0247	0.0245	0.0335	0.0245	0	0.0245	0.0245	0.0245	0.0245
  q	0.0114	0.0116	0.0114	0.0114	0.0121	0.0113	0.0143	0.0114	0.0333	0.0136	0.0116	0.0192	0.0114	0.0114	0.0115	0.0114	0.0114	0.0114	0.0114	0.0114	0.0114	0.0204	0.0114	0.0114	0.0114	0.0114	0.0114	0.0115	0.0114	0.0145	0.0114	0.0115	0.0168	0.0138	0.0114	0.0116	0.0114	0.0114	0.1308	0.0263	0.0114	0.0114	0.0145	0.0114	0.0114	0.0122	0.0114	0.0114	0	0.0114	0.016	0.0114
  r	0.0247	0.0247	0.0247	0.0247	0.0247	0.0241	0.0247	0.0362	0.0246	0.0247	0.0247	0.0247	0.0247	0.0304	0.0247	0.0247	0.0247	0.0247	0.0247	0.0247	0.0247	0.0247	0.0247	0.0247	0.0247	0.0247	0.0247	0.0246	0.0247	0.0247	0.0247	0.0247	0.0247	0.0247	0.0247	0.0247	0.0247	0.0247	0.0242	0.0247	0.0247	0.0605	0.0247	0.0247	0.0247	0.0246	0.0247	0.0247	0.0247	0	0.0247	0.0247
  s	0.0134	0.0188	0.0134	0.0147	0.0175	0.0252	0.0134	0.0135	0.0143	0.0134	0.0197	0.0152	0.0134	0.0134	0.0229	0.0134	0.0134	0.0134	0.0134	0.0134	0.0134	0.0158	0.0134	0.0134	0.0134	0.0134	0.0134	0.0137	0.0134	0.0162	0.0134	0.0134	0.0134	0.0134	0.0134	0.0134	0.0134	0.0156	0.0937	0.0137	0.0134	0.0134	0.0134	0.0175	0.0134	0.0242	0.0134	0.0134	0.0188	0.0134	0	0.0134
  t	0.0244	0.0244	0.0244	0.0244	0.0244	0.0239	0.0244	0.033	0.0244	0.0244	0.0244	0.0244	0.0244	0.0244	0.0244	0.0244	0.0244	0.0244	0.0244	0.0244	0.0244	0.0244	0.0244	0.0244	0.0244	0.0244	0.0244	0.0243	0.0244	0.0244	0.0244	0.0244	0.0244	0.0244	0.0244	0.0244	0.0244	0.0244	0.0239	0.0244	0.0244	0.0244	0.0244	0.0244	0.0244	0.0274	0.0244	0.0244	0.0244	0.0244	0.0244	0
