Map from character to field name
A:	Argentina
B:	Brazil
C:	Canada
D:	Colombia
E:	Israel
F:	Mexico
G:	US-Virgin-Islands
H:	USA
I:	?


Substitution rate (mu): 5.305703

Equilibrium frequencies (pi_i):
  A: 0.089
  B: 0.0827
  C: 0.0381
  D: 0.0908
  E: 0.0867
  F: 0.0535
  G: 0.0826
  H: 0.4766

Symmetrized rates from j->i (W_ij):
	A	B	C	D	E	F	G	H
  A	0	0.8255	0.8251	1.0303	0.8257	0.825	0.8256	0.8848
  B	0.8255	0	0.8248	0.8255	0.8256	0.8249	0.8255	0.968
  C	0.8251	0.8248	0	0.8251	0.8251	0.8249	0.8249	8.6395
  D	1.0303	0.8255	0.8251	0	0.8256	0.825	0.8256	0.8625
  E	0.8257	0.8256	0.8251	0.8256	0	0.8251	0.8257	0.9851
  F	0.825	0.8249	0.8249	0.825	0.8251	0	0.825	2.1104
  G	0.8256	0.8255	0.8249	0.8256	0.8257	0.825	0	0.9698
  H	0.8848	0.968	8.6395	0.8625	0.9851	2.1104	0.9698	0

Actual rates from j->i (Q_ij):
	A	B	C	D	E	F	G	H
  A	0	0.0735	0.0734	0.0917	0.0735	0.0734	0.0735	0.0787
  B	0.0683	0	0.0682	0.0683	0.0683	0.0682	0.0683	0.0801
  C	0.0314	0.0314	0	0.0314	0.0314	0.0314	0.0314	0.329
  D	0.0936	0.075	0.0749	0	0.075	0.0749	0.075	0.0783
  E	0.0716	0.0716	0.0716	0.0716	0	0.0716	0.0716	0.0854
  F	0.0441	0.0441	0.0441	0.0441	0.0441	0	0.0441	0.1128
  G	0.0682	0.0682	0.0681	0.0682	0.0682	0.0681	0	0.0801
  H	0.4217	0.4614	4.1179	0.4111	0.4695	1.0059	0.4622	0
