Map from character to field name
A:	Argentina/unknown
B:	Australia/unknown
C:	Austria/unknown
D:	Azerbaijan/unknown
E:	Belgium/unknown
F:	Brazil/unknown
G:	British Virgin Islands/unknown
H:	Bulgaria/unknown
I:	Canada/unknown
J:	Central African Republic/unknown
K:	China/unknown
L:	Colombia/unknown
M:	Cyprus/unknown
N:	Czech Republic/unknown
O:	Democratic Republic of the Congo/unknown
P:	Egypt/unknown
Q:	France/unknown
R:	Germany/unknown
S:	Greece/unknown
T:	Hungary/unknown
U:	India/unknown
V:	Iran/unknown
W:	Israel/unknown
X:	Italy/unknown
Y:	Kenya/unknown
Z:	Madagascar/unknown
[:	Mexico/unknown
\:	Morocco/unknown
]:	Namibia/unknown
^:	Netherlands/unknown
_:	Niger/unknown
`:	Nigeria/unknown
a:	Romania/unknown
b:	Russia/unknown
c:	Senegal/unknown
d:	Serbia/unknown
e:	Slovakia/unknown
f:	Slovenia/unknown
g:	South Africa/unknown
h:	Spain/unknown
i:	Tunisia/unknown
j:	Turkey/unknown
k:	USA/unknown
l:	Uganda/unknown
m:	Ukraine/unknown
n:	United Arab Emirates/unknown
o:	Zambia/unknown
p:	?


Substitution rate (mu): 51.658969

Equilibrium frequencies (pi_i):
  A: 0.0199
  B: 0.0222
  C: 0.02
  D: 0.0213
  E: 0.0217
  F: 0.021
  G: 0.0208
  H: 0.0219
  I: 0.011
  J: 0.0213
  K: 0.0213
  L: 0.0203
  M: 0.0218
  N: 0.0227
  O: 0.0213
  P: 0.0211
  Q: 0.0214
  R: 0.0224
  S: 0.0224
  T: 0.0216
  U: 0.0222
  V: 0.021
  W: 0.0207
  X: 0.0226
  Y: 0.0207
  Z: 0.0219
  [: 0.0172
  \: 0.0219
  ]: 0.0213
  ^: 0.0215
  _: 0.0213
  `: 0.0211
  a: 0.0209
  b: 0.0219
  c: 0.0242
  d: 0.022
  e: 0.0218
  f: 0.0218
  g: 0.0217
  h: 0.0218
  i: 0.0214
  j: 0.0217
  k: 0.0242
  l: 0.0212
  m: 0.0211
  n: 0.0217
  o: 0.0217

Symmetrized rates from j->i (W_ij):
	A	B	C	D	E	F	G	H	I	J	K	L	M	N	O	P	Q	R	S	T	U	V	W	X	Y	Z	[	\	]	^	_	`	a	b	c	d	e	f	g	h	i	j	k	l	m	n	o
  A	0	0.9763	0.9769	0.9714	0.9689	0.9687	0.9687	0.9689	0.9672	0.9764	0.9719	0.9686	0.9721	0.9777	0.9693	0.9699	0.9692	0.9681	0.9687	1.474	0.984	0.9688	1.475	0.9686	0.9725	0.9787	0.9681	0.9694	0.9699	0.9688	0.9693	0.9734	0.9697	1.3013	0.99	0.9691	0.9688	0.9689	0.976	0.974	1.1609	0.9696	1.4594	0.9694	0.969	0.969	0.969
  B	0.9763	0	0.9841	0.9871	0.9751	0.9747	0.9745	0.9752	0.9706	0.9784	0.9759	0.9744	0.9787	0.9859	0.9754	0.98	0.9753	0.9745	0.9748	0.9757	0.9996	0.9753	0.9878	0.975	0.9775	0.9865	0.973	0.9757	0.9761	0.9749	0.9753	0.9813	0.9768	1.1259	1.0007	0.9752	0.9751	0.9752	0.9834	0.9782	0.9769	0.9755	0.9681	0.9754	0.9749	0.9752	0.9752
  C	0.9769	0.9841	0	0.9779	0.9769	0.9764	0.9761	0.9772	0.9717	0.9775	0.977	0.976	0.9801	2.456	0.977	0.9774	0.977	4.0931	1.08	1.1866	0.9864	0.9766	0.9783	2.1565	0.9773	0.9867	0.9745	0.9773	0.9776	1.3329	0.9769	0.9777	0.9773	1.04	0.9963	1.3744	2.4269	1.4587	0.9841	0.9778	0.9776	0.977	0.9707	0.977	0.9766	0.977	0.9769
  D	0.9714	0.9871	0.9779	0	0.9695	0.9693	0.9693	0.9695	0.9674	0.9747	0.9698	0.9692	0.9729	0.9787	0.9699	0.9939	0.9697	0.9687	0.9691	0.9701	0.9823	0.9694	1.0273	0.9691	0.9732	0.9797	0.9685	0.9699	0.9706	0.9694	0.9699	0.9811	0.9701	1.4353	0.9961	0.9695	0.9695	0.9695	0.9767	0.9739	0.9716	0.97	0.9623	0.97	0.9696	0.9697	0.9696
  E	0.9689	0.9751	0.9769	0.9695	0	0.9686	0.9685	0.969	0.9669	0.9691	0.9686	0.9684	0.9723	0.9783	0.9692	0.969	0.9686	0.9679	1.361	0.9693	0.9778	0.9685	0.9698	0.968	0.9692	0.9794	0.9679	0.9689	0.9699	0.9687	0.9692	0.9695	0.9686	0.9843	0.9881	0.9691	0.9687	1.2727	0.9763	0.969	0.9692	0.9688	0.9612	0.9693	0.9688	0.9689	0.9688
  F	0.9687	0.9747	0.9764	0.9693	0.9686	0	0.9684	0.9686	0.9671	0.9689	0.9684	0.9683	0.972	0.9778	0.969	0.9688	0.9684	0.9677	0.9681	0.9688	0.9773	0.9684	0.9696	0.9678	0.969	0.9789	1.2303	0.9687	0.9697	0.9685	0.969	0.9693	0.9684	0.9836	0.9873	0.9685	0.9685	0.9686	0.9759	0.9688	0.969	0.9686	1.211	0.9691	0.9686	0.9687	0.9686
  G	0.9687	0.9745	0.9761	0.9693	0.9685	0.9684	0	0.9685	1.1673	0.9689	0.9684	0.9682	0.9718	0.9775	0.9689	0.9688	0.9684	0.9677	0.9681	0.9687	0.9771	0.9683	0.9695	0.9678	0.9689	0.9786	0.9677	0.9687	0.9696	0.9684	0.9689	0.9692	0.9684	0.9831	0.9867	0.9685	0.9684	0.9685	0.9756	0.9687	0.9689	0.9686	1.2708	0.969	0.9686	0.9686	0.9686
  H	0.9689	0.9752	0.9772	0.9695	0.969	0.9686	0.9685	0	0.9669	0.9691	0.9686	0.9684	0.9723	0.9784	0.9692	0.969	0.9686	0.9679	1.8119	1.0205	0.978	0.9685	0.9698	0.968	0.9692	0.9796	0.9679	0.9689	0.9699	0.9687	0.9692	0.9695	0.9686	0.9845	0.9884	1.281	0.9687	0.969	0.9764	0.969	0.9692	0.9688	0.9612	0.9693	0.9688	0.9689	0.9688
  I	0.9672	0.9706	0.9717	0.9674	0.9669	0.9671	1.1673	0.9669	0	0.9671	0.9668	0.9668	0.9689	0.9724	0.9671	0.9671	0.9668	0.9665	0.9667	0.9671	0.9722	0.9668	0.9676	0.9665	0.9672	0.973	0.967	0.967	0.9676	0.9669	0.9672	0.9674	0.9669	0.9759	0.9781	0.9669	0.9669	0.9669	0.9712	0.967	0.9672	0.9669	11.9471	0.9672	0.967	0.967	0.967
  J	0.9764	0.9784	0.9775	0.9747	0.9691	0.9689	0.9689	0.9691	0.9671	0	0.9708	0.9688	0.9735	0.9783	0.9696	0.9712	0.9698	0.9683	0.9687	0.9712	0.9823	0.969	0.9781	0.9691	0.9774	0.9813	0.9682	0.9698	0.9706	0.969	0.9695	0.9796	0.9708	1.433	0.9959	0.9691	0.969	0.9691	1.4625	0.9811	0.9768	1.4439	0.962	0.9698	0.9692	0.9693	0.9693
  K	0.9719	0.9759	0.977	0.9698	0.9686	0.9684	0.9684	0.9686	0.9668	0.9708	0	0.9683	0.9719	0.9776	0.969	0.9691	0.9686	0.9677	0.9682	0.9696	0.9921	0.9684	0.9706	0.9679	0.9698	0.9787	0.9677	0.9688	0.9697	0.9685	0.969	0.9704	0.9687	1.4684	0.9878	0.9685	0.9685	0.9686	0.9757	0.97	0.9721	0.9688	0.9613	0.9691	0.9687	0.9687	0.9687
  L	0.9686	0.9744	0.976	0.9692	0.9684	0.9683	0.9682	0.9684	0.9668	0.9688	0.9683	0	0.9717	0.9774	0.9688	0.9687	0.9683	0.9676	0.968	0.9686	0.977	0.9682	0.9694	0.9677	0.9688	0.9785	0.9677	0.9686	0.9695	0.9684	0.9688	0.9692	0.9683	0.983	0.9866	0.9684	0.9684	0.9684	0.9755	0.9686	0.9688	0.9685	1.4417	0.9689	0.9685	0.9685	0.9685
  M	0.9721	0.9787	0.9801	0.9729	0.9723	0.972	0.9718	0.9723	0.9689	0.9735	0.9719	0.9717	0	0.982	0.9776	0.9724	0.9727	0.9716	0.972	0.9735	0.9816	0.973	0.974	0.9721	1.4035	1.0217	0.9707	0.973	1.0075	0.9722	0.9726	0.9729	0.972	1.0004	1.0023	0.9723	0.9722	0.9723	1.3917	0.9732	0.9726	0.9723	0.965	0.9762	0.9726	1.0651	0.9782
  N	0.9777	0.9859	2.456	0.9787	0.9783	0.9778	0.9775	0.9784	0.9724	0.9783	0.9776	0.9774	0.982	0	0.9785	0.9781	0.9781	1.4657	0.9782	0.9787	0.9876	0.9776	0.9787	0.9781	0.9781	0.9895	0.9756	0.9785	0.9793	0.9793	0.9785	0.9787	0.9774	0.9986	0.9998	0.9786	0.9786	0.9807	0.9868	0.9782	0.9785	0.9783	0.9713	0.9786	0.978	0.9784	0.9784
  O	0.9693	0.9754	0.977	0.9699	0.9692	0.969	0.9689	0.9692	0.9671	0.9696	0.969	0.9688	0.9776	0.9785	0	0.9694	0.969	0.9683	0.9687	0.9698	0.9782	0.9697	0.9701	0.9684	0.9696	1.0017	0.9682	0.9693	0.972	0.9691	0.9695	0.9699	0.969	0.9845	0.9885	0.9691	0.9691	0.9692	1.4746	0.9693	0.9695	0.9692	0.9618	0.9763	0.9695	0.9693	0.9694
  P	0.9699	0.98	0.9774	0.9939	0.969	0.9688	0.9688	0.969	0.9671	0.9712	0.9691	0.9687	0.9724	0.9781	0.9694	0	0.969	0.9682	0.9686	0.9694	1.2322	0.9689	1.0451	0.9684	0.9707	0.9791	0.9681	0.9693	0.9701	0.9689	0.9694	0.9738	0.9692	1.564	0.9903	0.969	0.969	0.9691	0.9762	0.9708	0.9702	0.9692	0.9618	0.9695	0.9691	0.9691	0.9691
  Q	0.9692	0.9753	0.977	0.9697	0.9686	0.9684	0.9684	0.9686	0.9668	0.9698	0.9686	0.9683	0.9727	0.9781	0.969	0.969	0	0.9678	0.9682	0.9689	0.978	0.9684	1.0672	2.713	1.0644	0.9792	0.9677	1.6328	0.9697	0.9685	0.969	0.97	0.9728	1.0953	0.9908	0.9685	0.9685	0.9686	0.9761	1.4553	0.9694	0.9687	0.9612	0.9691	0.9687	0.9694	0.9691
  R	0.9681	0.9745	4.0931	0.9687	0.9679	0.9677	0.9677	0.9679	0.9665	0.9683	0.9677	0.9676	0.9716	1.4657	0.9683	0.9682	0.9678	0	0.9675	0.9684	0.9774	0.9677	0.9691	1.4512	0.9684	0.9791	0.9672	0.9681	0.9691	1.1625	0.9683	0.9687	0.9678	0.9883	0.9882	0.968	0.9682	0.968	0.9758	0.9682	0.9683	0.9679	0.96	0.9684	0.968	0.968	0.968
  S	0.9687	0.9748	1.08	0.9691	1.361	0.9681	0.9681	1.8119	0.9667	0.9687	0.9682	0.968	0.972	0.9782	0.9687	0.9686	0.9682	0.9675	0	1.7605	0.9777	0.9681	0.9694	0.9675	0.9688	0.9794	0.9675	0.9684	0.9695	0.9682	0.9687	0.9691	0.9682	0.9849	0.9883	2.2995	0.9683	1.3295	0.9762	0.9685	0.9689	0.9683	0.9605	0.9689	0.9684	0.9684	0.9684
  T	1.474	0.9757	1.1866	0.9701	0.9693	0.9688	0.9687	1.0205	0.9671	0.9712	0.9696	0.9686	0.9735	0.9787	0.9698	0.9694	0.9689	0.9684	1.7605	0	0.9799	0.9689	0.9766	0.9684	0.9702	0.9818	0.968	0.9692	0.9721	0.9689	0.9693	0.9706	0.9691	1.0762	0.9893	2.1903	0.969	0.9693	1.4616	0.9704	1.0203	0.9692	0.9723	0.976	0.9693	0.9691	0.9691
  U	0.984	0.9996	0.9864	0.9823	0.9778	0.9773	0.9771	0.978	0.9722	0.9823	0.9921	0.977	0.9816	0.9876	0.9782	1.2322	0.978	0.9774	0.9777	0.9799	0	0.9775	0.9978	0.9778	0.9798	0.9896	0.9753	0.9783	0.979	0.9777	0.978	0.9812	0.9779	1.7225	1.0009	0.978	0.9779	0.9779	0.9873	0.981	0.9848	0.9784	0.9712	0.9783	0.9776	0.978	0.9781
  V	0.9688	0.9753	0.9766	0.9694	0.9685	0.9684	0.9683	0.9685	0.9668	0.969	0.9684	0.9682	0.973	0.9776	0.9697	0.9689	0.9684	0.9677	0.9681	0.9689	0.9775	0	0.9697	0.9685	0.9691	0.981	0.9677	0.9687	0.9701	0.9685	0.9689	0.9694	1.2766	1.3092	0.9871	0.9685	0.9685	0.9685	1.4485	0.9688	0.9691	0.9686	0.9612	0.9708	0.9687	0.9686	0.9687
  W	1.475	0.9878	0.9783	1.0273	0.9698	0.9696	0.9695	0.9698	0.9676	0.9781	0.9706	0.9694	0.974	0.9787	0.9701	1.0451	1.0672	0.9691	0.9694	0.9766	0.9978	0.9697	0	1.0454	1.1177	0.9797	0.9688	1.0599	0.9708	0.9697	0.9701	0.9827	0.9781	1.7105	1.0005	0.9697	0.9697	0.9698	0.9768	1.036	0.9759	0.9706	1.4599	0.9702	0.9698	0.9709	0.9705
  X	0.9686	0.975	2.1565	0.9691	0.968	0.9678	0.9678	0.968	0.9665	0.9691	0.9679	0.9677	0.9721	0.9781	0.9684	0.9684	2.713	1.4512	0.9675	0.9684	0.9778	0.9685	1.0454	0	1.0466	0.9791	0.9672	1.1329	0.9692	0.968	0.9684	0.9694	1.4573	1.0803	0.9906	0.9679	0.9682	0.968	0.9759	1.4285	0.9687	0.9681	0.9601	0.9685	0.9681	0.9686	0.9684
  Y	0.9725	0.9775	0.9773	0.9732	0.9692	0.969	0.9689	0.9692	0.9672	0.9774	0.9698	0.9688	1.4035	0.9781	0.9696	0.9707	1.0644	0.9684	0.9688	0.9702	0.9798	0.9691	1.1177	1.0466	0	0.9794	0.9682	1.0668	0.9704	0.9691	0.9697	0.9765	1.0088	1.4763	1.4807	0.9691	0.9691	0.9692	0.9773	1.0502	0.9727	0.9699	0.9622	0.9698	0.9693	1.4024	1.4593
  Z	0.9787	0.9865	0.9867	0.9797	0.9794	0.9789	0.9786	0.9796	0.973	0.9813	0.9787	0.9785	1.0217	0.9895	1.0017	0.9791	0.9792	0.9791	0.9794	0.9818	0.9896	0.981	0.9797	0.9791	0.9794	0	0.9765	0.9796	0.9949	0.9793	0.9796	0.9796	0.9784	0.9964	1.0012	0.9796	0.9795	0.9796	1.5357	0.9793	0.9795	0.9795	0.9729	0.9893	0.98	0.9797	0.9814
  [	0.9681	0.973	0.9745	0.9685	0.9679	1.2303	0.9677	0.9679	0.967	0.9682	0.9677	0.9677	0.9707	0.9756	0.9682	0.9681	0.9677	0.9672	0.9675	0.968	0.9753	0.9677	0.9688	0.9672	0.9682	0.9765	0	0.968	0.9688	0.9678	0.9682	0.9685	0.9677	0.9805	0.9836	0.9678	0.9678	0.9679	0.974	0.968	0.9682	0.9679	3.4083	0.9683	0.9679	0.9679	0.9679
  \	0.9694	0.9757	0.9773	0.9699	0.9689	0.9687	0.9687	0.9689	0.967	0.9698	0.9688	0.9686	0.973	0.9785	0.9693	0.9693	1.6328	0.9681	0.9684	0.9692	0.9783	0.9687	1.0599	1.1329	1.0668	0.9796	0.968	0	0.97	0.9688	0.9693	0.9701	0.9723	1.1061	0.9911	0.9688	0.9688	0.9689	0.9765	1.0741	0.9696	0.969	0.9614	0.9694	0.969	0.9696	0.9694
  ]	0.9699	0.9761	0.9776	0.9706	0.9699	0.9697	0.9696	0.9699	0.9676	0.9706	0.9697	0.9695	1.0075	0.9793	0.972	0.9701	0.9697	0.9691	0.9695	0.9721	0.979	0.9701	0.9708	0.9692	0.9704	0.9949	0.9688	0.97	0	0.9698	0.9702	0.9705	0.9696	0.9853	0.9894	0.9699	0.9698	0.9699	1.9842	0.97	0.9702	0.9699	0.9626	0.9736	0.9702	0.97	0.9704
  ^	0.9688	0.9749	1.3329	0.9694	0.9687	0.9685	0.9684	0.9687	0.9669	0.969	0.9685	0.9684	0.9722	0.9793	0.9691	0.9689	0.9685	1.1625	0.9682	0.9689	0.9777	0.9685	0.9697	0.968	0.9691	0.9793	0.9678	0.9688	0.9698	0	0.9691	0.9694	0.9685	0.9846	0.9879	0.9686	0.9687	0.9687	0.9761	0.9689	0.9691	0.9687	0.9612	0.9692	0.9687	0.9688	0.9687
  _	0.9693	0.9753	0.9769	0.9699	0.9692	0.969	0.9689	0.9692	0.9672	0.9695	0.969	0.9688	0.9726	0.9785	0.9695	0.9694	0.969	0.9683	0.9687	0.9693	0.978	0.9689	0.9701	0.9684	0.9697	0.9796	0.9682	0.9693	0.9702	0.9691	0	0.9702	0.969	0.9848	1.5199	0.9691	0.9691	0.9692	0.9766	0.9693	0.9695	0.9692	0.9618	0.9697	0.9695	0.9693	0.9692
  `	0.9734	0.9813	0.9777	0.9811	0.9695	0.9693	0.9692	0.9695	0.9674	0.9796	0.9704	0.9692	0.9729	0.9787	0.9699	0.9738	0.97	0.9687	0.9691	0.9706	0.9812	0.9694	0.9827	0.9694	0.9765	0.9796	0.9685	0.9701	0.9705	0.9694	0.9702	0	0.971	1.3674	1.3935	0.9695	0.9694	0.9695	0.9768	0.979	0.9736	0.9704	0.9624	0.9701	0.9698	0.9697	0.9696
  a	0.9697	0.9768	0.9773	0.9701	0.9686	0.9684	0.9684	0.9686	0.9669	0.9708	0.9687	0.9683	0.972	0.9774	0.969	0.9692	0.9728	0.9678	0.9682	0.9691	0.9779	1.2766	0.9781	1.4573	1.0088	0.9784	0.9677	0.9723	0.9696	0.9685	0.969	0.971	0	2.0405	0.9893	0.9685	0.9685	0.9686	0.982	0.9876	0.9699	0.9689	0.9614	0.9691	0.9687	0.9689	0.9688
  b	1.3013	1.1259	1.04	1.4353	0.9843	0.9836	0.9831	0.9845	0.9759	1.433	1.4684	0.983	1.0004	0.9986	0.9845	1.564	1.0953	0.9883	0.9849	1.0762	1.7225	1.3092	1.7105	1.0803	1.4763	0.9964	0.9805	1.1061	0.9853	0.9846	0.9848	1.3674	2.0405	0	1.2675	0.9855	0.9865	0.9852	1.0005	1.5173	1.3413	1.0348	0.987	0.9846	0.9843	0.9964	0.9926
  c	0.99	1.0007	0.9963	0.9961	0.9881	0.9873	0.9867	0.9884	0.9781	0.9959	0.9878	0.9866	1.0023	0.9998	0.9885	0.9903	0.9908	0.9882	0.9883	0.9893	1.0009	0.9871	1.0005	0.9906	1.4807	1.0012	0.9836	0.9911	0.9894	0.9879	1.5199	1.3935	0.9893	1.2675	0	0.9885	0.9883	0.9883	1.0487	0.9984	0.9913	0.9889	0.9817	1.0779	1.5638	0.9982	0.995
  d	0.9691	0.9752	1.3744	0.9695	0.9691	0.9685	0.9685	1.281	0.9669	0.9691	0.9685	0.9684	0.9723	0.9786	0.9691	0.969	0.9685	0.968	2.2995	2.1903	0.978	0.9685	0.9697	0.9679	0.9691	0.9796	0.9678	0.9688	0.9699	0.9686	0.9691	0.9695	0.9685	0.9855	0.9885	0	0.9687	0.9691	0.9768	0.9689	0.9693	0.9687	0.9611	0.9692	0.9688	0.9688	0.9688
  e	0.9688	0.9751	2.4269	0.9695	0.9687	0.9685	0.9684	0.9687	0.9669	0.969	0.9685	0.9684	0.9722	0.9786	0.9691	0.969	0.9685	0.9682	0.9683	0.969	0.9779	0.9685	0.9697	0.9682	0.9691	0.9795	0.9678	0.9688	0.9698	0.9687	0.9691	0.9694	0.9685	0.9865	0.9883	0.9687	0	0.9687	0.9763	0.9689	0.9691	0.9687	0.9611	0.9692	0.9687	0.9688	0.9687
  f	0.9689	0.9752	1.4587	0.9695	1.2727	0.9686	0.9685	0.969	0.9669	0.9691	0.9686	0.9684	0.9723	0.9807	0.9692	0.9691	0.9686	0.968	1.3295	0.9693	0.9779	0.9685	0.9698	0.968	0.9692	0.9796	0.9679	0.9689	0.9699	0.9687	0.9692	0.9695	0.9686	0.9852	0.9883	0.9691	0.9687	0	0.9764	0.969	0.9692	0.9688	0.9612	0.9693	0.9688	0.9689	0.9688
  g	0.976	0.9834	0.9841	0.9767	0.9763	0.9759	0.9756	0.9764	0.9712	1.4625	0.9757	0.9755	1.3917	0.9868	1.4746	0.9762	0.9761	0.9758	0.9762	1.4616	0.9873	1.4485	0.9768	0.9759	0.9773	1.5357	0.974	0.9765	1.9842	0.9761	0.9766	0.9768	0.982	1.0005	1.0487	0.9768	0.9763	0.9764	0	0.9763	0.9766	0.9764	0.9694	2.039	1.1104	0.9767	1.4023
  h	0.974	0.9782	0.9778	0.9739	0.969	0.9688	0.9687	0.969	0.967	0.9811	0.97	0.9686	0.9732	0.9782	0.9693	0.9708	1.4553	0.9682	0.9685	0.9704	0.981	0.9688	1.036	1.4285	1.0502	0.9793	0.968	1.0741	0.97	0.9689	0.9693	0.979	0.9876	1.5173	0.9984	0.9689	0.9689	0.969	0.9763	0	0.9743	0.9701	0.9616	0.9694	0.969	0.9699	0.9696
  i	1.1609	0.9769	0.9776	0.9716	0.9692	0.969	0.9689	0.9692	0.9672	0.9768	0.9721	0.9688	0.9726	0.9785	0.9695	0.9702	0.9694	0.9683	0.9689	1.0203	0.9848	0.9691	0.9759	0.9687	0.9727	0.9795	0.9682	0.9696	0.9702	0.9691	0.9695	0.9736	0.9699	1.3413	0.9913	0.9693	0.9691	0.9692	0.9766	0.9743	0	0.9699	0.9657	0.9696	0.9692	0.9693	0.9693
  j	0.9696	0.9755	0.977	0.97	0.9688	0.9686	0.9686	0.9688	0.9669	1.4439	0.9688	0.9685	0.9723	0.9783	0.9692	0.9692	0.9687	0.9679	0.9683	0.9692	0.9784	0.9686	0.9706	0.9681	0.9699	0.9795	0.9679	0.969	0.9699	0.9687	0.9692	0.9704	0.9689	1.0348	0.9889	0.9687	0.9687	0.9688	0.9764	0.9701	0.9699	0	0.9613	0.9693	0.9689	0.9689	0.9689
  k	1.4594	0.9681	0.9707	0.9623	0.9612	1.211	1.2708	0.9612	11.9471	0.962	0.9613	1.4417	0.965	0.9713	0.9618	0.9618	0.9612	0.96	0.9605	0.9723	0.9712	0.9612	1.4599	0.9601	0.9622	0.9729	3.4083	0.9614	0.9626	0.9612	0.9618	0.9624	0.9614	0.987	0.9817	0.9611	0.9611	0.9612	0.9694	0.9616	0.9657	0.9613	0	0.9619	0.9615	0.9613	0.9613
  l	0.9694	0.9754	0.977	0.97	0.9693	0.9691	0.969	0.9693	0.9672	0.9698	0.9691	0.9689	0.9762	0.9786	0.9763	0.9695	0.9691	0.9684	0.9689	0.976	0.9783	0.9708	0.9702	0.9685	0.9698	0.9893	0.9683	0.9694	0.9736	0.9692	0.9697	0.9701	0.9691	0.9846	1.0779	0.9692	0.9692	0.9693	2.039	0.9694	0.9696	0.9693	0.9619	0	1.2178	0.9694	1.0715
  m	0.969	0.9749	0.9766	0.9696	0.9688	0.9686	0.9686	0.9688	0.967	0.9692	0.9687	0.9685	0.9726	0.978	0.9695	0.9691	0.9687	0.968	0.9684	0.9693	0.9776	0.9687	0.9698	0.9681	0.9693	0.98	0.9679	0.969	0.9702	0.9687	0.9695	0.9698	0.9687	0.9843	1.5638	0.9688	0.9687	0.9688	1.1104	0.969	0.9692	0.9689	0.9615	1.2178	0	0.9689	0.969
  n	0.969	0.9752	0.977	0.9697	0.9689	0.9687	0.9686	0.9689	0.967	0.9693	0.9687	0.9685	1.0651	0.9784	0.9693	0.9691	0.9694	0.968	0.9684	0.9691	0.978	0.9686	0.9709	0.9686	1.4024	0.9797	0.9679	0.9696	0.97	0.9688	0.9693	0.9697	0.9689	0.9964	0.9982	0.9688	0.9688	0.9689	0.9767	0.9699	0.9693	0.9689	0.9613	0.9694	0.9689	0	0.9739
  o	0.969	0.9752	0.9769	0.9696	0.9688	0.9686	0.9686	0.9688	0.967	0.9693	0.9687	0.9685	0.9782	0.9784	0.9694	0.9691	0.9691	0.968	0.9684	0.9691	0.9781	0.9687	0.9705	0.9684	1.4593	0.9814	0.9679	0.9694	0.9704	0.9687	0.9692	0.9696	0.9688	0.9926	0.995	0.9688	0.9687	0.9688	1.4023	0.9696	0.9693	0.9689	0.9613	1.0715	0.969	0.9739	0

Actual rates from j->i (Q_ij):
	A	B	C	D	E	F	G	H	I	J	K	L	M	N	O	P	Q	R	S	T	U	V	W	X	Y	Z	[	\	]	^	_	`	a	b	c	d	e	f	g	h	i	j	k	l	m	n	o
  A	0	0.0194	0.0195	0.0193	0.0193	0.0193	0.0193	0.0193	0.0193	0.0194	0.0194	0.0193	0.0194	0.0195	0.0193	0.0193	0.0193	0.0193	0.0193	0.0294	0.0196	0.0193	0.0294	0.0193	0.0194	0.0195	0.0193	0.0193	0.0193	0.0193	0.0193	0.0194	0.0193	0.0259	0.0197	0.0193	0.0193	0.0193	0.0194	0.0194	0.0231	0.0193	0.0291	0.0193	0.0193	0.0193	0.0193
  B	0.0217	0	0.0219	0.022	0.0217	0.0217	0.0217	0.0217	0.0216	0.0218	0.0217	0.0217	0.0218	0.0219	0.0217	0.0218	0.0217	0.0217	0.0217	0.0217	0.0222	0.0217	0.022	0.0217	0.0217	0.0219	0.0216	0.0217	0.0217	0.0217	0.0217	0.0218	0.0217	0.025	0.0223	0.0217	0.0217	0.0217	0.0219	0.0218	0.0217	0.0217	0.0215	0.0217	0.0217	0.0217	0.0217
  C	0.0195	0.0197	0	0.0196	0.0195	0.0195	0.0195	0.0195	0.0194	0.0196	0.0195	0.0195	0.0196	0.0491	0.0195	0.0196	0.0195	0.0819	0.0216	0.0237	0.0197	0.0195	0.0196	0.0431	0.0196	0.0197	0.0195	0.0196	0.0196	0.0267	0.0195	0.0196	0.0196	0.0208	0.0199	0.0275	0.0486	0.0292	0.0197	0.0196	0.0196	0.0195	0.0194	0.0195	0.0195	0.0195	0.0195
  D	0.0207	0.0211	0.0209	0	0.0207	0.0207	0.0207	0.0207	0.0206	0.0208	0.0207	0.0207	0.0208	0.0209	0.0207	0.0212	0.0207	0.0207	0.0207	0.0207	0.021	0.0207	0.0219	0.0207	0.0208	0.0209	0.0207	0.0207	0.0207	0.0207	0.0207	0.0209	0.0207	0.0306	0.0213	0.0207	0.0207	0.0207	0.0208	0.0208	0.0207	0.0207	0.0205	0.0207	0.0207	0.0207	0.0207
  E	0.021	0.0211	0.0212	0.021	0	0.021	0.021	0.021	0.021	0.021	0.021	0.021	0.0211	0.0212	0.021	0.021	0.021	0.021	0.0295	0.021	0.0212	0.021	0.021	0.021	0.021	0.0212	0.021	0.021	0.021	0.021	0.021	0.021	0.021	0.0213	0.0214	0.021	0.021	0.0276	0.0212	0.021	0.021	0.021	0.0208	0.021	0.021	0.021	0.021
  F	0.0203	0.0204	0.0205	0.0203	0.0203	0	0.0203	0.0203	0.0203	0.0203	0.0203	0.0203	0.0204	0.0205	0.0203	0.0203	0.0203	0.0203	0.0203	0.0203	0.0205	0.0203	0.0203	0.0203	0.0203	0.0205	0.0258	0.0203	0.0203	0.0203	0.0203	0.0203	0.0203	0.0206	0.0207	0.0203	0.0203	0.0203	0.0205	0.0203	0.0203	0.0203	0.0254	0.0203	0.0203	0.0203	0.0203
  G	0.0201	0.0202	0.0203	0.0201	0.0201	0.0201	0	0.0201	0.0242	0.0201	0.0201	0.0201	0.0202	0.0203	0.0201	0.0201	0.0201	0.0201	0.0201	0.0201	0.0203	0.0201	0.0201	0.0201	0.0201	0.0203	0.0201	0.0201	0.0201	0.0201	0.0201	0.0201	0.0201	0.0204	0.0205	0.0201	0.0201	0.0201	0.0203	0.0201	0.0201	0.0201	0.0264	0.0201	0.0201	0.0201	0.0201
  H	0.0213	0.0214	0.0214	0.0213	0.0213	0.0212	0.0212	0	0.0212	0.0213	0.0212	0.0212	0.0213	0.0215	0.0213	0.0213	0.0212	0.0212	0.0397	0.0224	0.0215	0.0212	0.0213	0.0212	0.0213	0.0215	0.0212	0.0213	0.0213	0.0212	0.0213	0.0213	0.0212	0.0216	0.0217	0.0281	0.0212	0.0213	0.0214	0.0213	0.0213	0.0213	0.0211	0.0213	0.0213	0.0213	0.0213
  I	0.0106	0.0107	0.0107	0.0106	0.0106	0.0106	0.0128	0.0106	0	0.0106	0.0106	0.0106	0.0107	0.0107	0.0106	0.0106	0.0106	0.0106	0.0106	0.0106	0.0107	0.0106	0.0106	0.0106	0.0106	0.0107	0.0106	0.0106	0.0106	0.0106	0.0106	0.0106	0.0106	0.0107	0.0108	0.0106	0.0106	0.0106	0.0107	0.0106	0.0106	0.0106	0.1314	0.0106	0.0106	0.0106	0.0106
  J	0.0208	0.0208	0.0208	0.0208	0.0206	0.0206	0.0206	0.0206	0.0206	0	0.0207	0.0206	0.0207	0.0208	0.0206	0.0207	0.0206	0.0206	0.0206	0.0207	0.0209	0.0206	0.0208	0.0206	0.0208	0.0209	0.0206	0.0207	0.0207	0.0206	0.0206	0.0209	0.0207	0.0305	0.0212	0.0206	0.0206	0.0206	0.0311	0.0209	0.0208	0.0307	0.0205	0.0206	0.0206	0.0206	0.0206
  K	0.0207	0.0208	0.0208	0.0206	0.0206	0.0206	0.0206	0.0206	0.0206	0.0206	0	0.0206	0.0207	0.0208	0.0206	0.0206	0.0206	0.0206	0.0206	0.0206	0.0211	0.0206	0.0206	0.0206	0.0206	0.0208	0.0206	0.0206	0.0206	0.0206	0.0206	0.0206	0.0206	0.0312	0.021	0.0206	0.0206	0.0206	0.0207	0.0206	0.0207	0.0206	0.0204	0.0206	0.0206	0.0206	0.0206
  L	0.0197	0.0198	0.0198	0.0197	0.0197	0.0196	0.0196	0.0197	0.0196	0.0197	0.0196	0	0.0197	0.0198	0.0197	0.0197	0.0196	0.0196	0.0196	0.0197	0.0198	0.0196	0.0197	0.0196	0.0197	0.0199	0.0196	0.0197	0.0197	0.0197	0.0197	0.0197	0.0196	0.0199	0.02	0.0197	0.0197	0.0197	0.0198	0.0197	0.0197	0.0197	0.0293	0.0197	0.0197	0.0197	0.0197
  M	0.0212	0.0213	0.0214	0.0212	0.0212	0.0212	0.0212	0.0212	0.0211	0.0212	0.0212	0.0212	0	0.0214	0.0213	0.0212	0.0212	0.0212	0.0212	0.0212	0.0214	0.0212	0.0212	0.0212	0.0306	0.0223	0.0212	0.0212	0.022	0.0212	0.0212	0.0212	0.0212	0.0218	0.0219	0.0212	0.0212	0.0212	0.0303	0.0212	0.0212	0.0212	0.021	0.0213	0.0212	0.0232	0.0213
  N	0.0222	0.0224	0.0557	0.0222	0.0222	0.0222	0.0222	0.0222	0.022	0.0222	0.0222	0.0222	0.0223	0	0.0222	0.0222	0.0222	0.0332	0.0222	0.0222	0.0224	0.0222	0.0222	0.0222	0.0222	0.0224	0.0221	0.0222	0.0222	0.0222	0.0222	0.0222	0.0222	0.0226	0.0227	0.0222	0.0222	0.0222	0.0224	0.0222	0.0222	0.0222	0.022	0.0222	0.0222	0.0222	0.0222
  O	0.0207	0.0208	0.0208	0.0207	0.0207	0.0207	0.0207	0.0207	0.0206	0.0207	0.0207	0.0207	0.0209	0.0209	0	0.0207	0.0207	0.0207	0.0207	0.0207	0.0209	0.0207	0.0207	0.0207	0.0207	0.0214	0.0207	0.0207	0.0207	0.0207	0.0207	0.0207	0.0207	0.021	0.0211	0.0207	0.0207	0.0207	0.0315	0.0207	0.0207	0.0207	0.0205	0.0208	0.0207	0.0207	0.0207
  P	0.0205	0.0207	0.0207	0.021	0.0205	0.0205	0.0205	0.0205	0.0204	0.0205	0.0205	0.0205	0.0205	0.0207	0.0205	0	0.0205	0.0205	0.0205	0.0205	0.026	0.0205	0.0221	0.0205	0.0205	0.0207	0.0205	0.0205	0.0205	0.0205	0.0205	0.0206	0.0205	0.033	0.0209	0.0205	0.0205	0.0205	0.0206	0.0205	0.0205	0.0205	0.0203	0.0205	0.0205	0.0205	0.0205
  Q	0.0207	0.0208	0.0209	0.0207	0.0207	0.0207	0.0207	0.0207	0.0206	0.0207	0.0207	0.0207	0.0208	0.0209	0.0207	0.0207	0	0.0207	0.0207	0.0207	0.0209	0.0207	0.0228	0.0579	0.0227	0.0209	0.0207	0.0349	0.0207	0.0207	0.0207	0.0207	0.0208	0.0234	0.0212	0.0207	0.0207	0.0207	0.0208	0.0311	0.0207	0.0207	0.0205	0.0207	0.0207	0.0207	0.0207
  R	0.0217	0.0218	0.0917	0.0217	0.0217	0.0217	0.0217	0.0217	0.0217	0.0217	0.0217	0.0217	0.0218	0.0329	0.0217	0.0217	0.0217	0	0.0217	0.0217	0.0219	0.0217	0.0217	0.0325	0.0217	0.0219	0.0217	0.0217	0.0217	0.0261	0.0217	0.0217	0.0217	0.0221	0.0221	0.0217	0.0217	0.0217	0.0219	0.0217	0.0217	0.0217	0.0215	0.0217	0.0217	0.0217	0.0217
  S	0.0217	0.0219	0.0242	0.0217	0.0305	0.0217	0.0217	0.0406	0.0217	0.0217	0.0217	0.0217	0.0218	0.0219	0.0217	0.0217	0.0217	0.0217	0	0.0395	0.0219	0.0217	0.0217	0.0217	0.0217	0.022	0.0217	0.0217	0.0217	0.0217	0.0217	0.0217	0.0217	0.0221	0.0222	0.0516	0.0217	0.0298	0.0219	0.0217	0.0217	0.0217	0.0215	0.0217	0.0217	0.0217	0.0217
  T	0.0318	0.021	0.0256	0.0209	0.0209	0.0209	0.0209	0.022	0.0209	0.0209	0.0209	0.0209	0.021	0.0211	0.0209	0.0209	0.0209	0.0209	0.038	0	0.0211	0.0209	0.0211	0.0209	0.0209	0.0212	0.0209	0.0209	0.021	0.0209	0.0209	0.0209	0.0209	0.0232	0.0213	0.0472	0.0209	0.0209	0.0315	0.0209	0.022	0.0209	0.021	0.021	0.0209	0.0209	0.0209
  U	0.0218	0.0222	0.0219	0.0218	0.0217	0.0217	0.0217	0.0217	0.0216	0.0218	0.022	0.0217	0.0218	0.0219	0.0217	0.0274	0.0217	0.0217	0.0217	0.0218	0	0.0217	0.0222	0.0217	0.0218	0.022	0.0217	0.0217	0.0217	0.0217	0.0217	0.0218	0.0217	0.0382	0.0222	0.0217	0.0217	0.0217	0.0219	0.0218	0.0219	0.0217	0.0216	0.0217	0.0217	0.0217	0.0217
  V	0.0204	0.0205	0.0205	0.0204	0.0204	0.0204	0.0204	0.0204	0.0203	0.0204	0.0204	0.0204	0.0205	0.0206	0.0204	0.0204	0.0204	0.0203	0.0204	0.0204	0.0206	0	0.0204	0.0204	0.0204	0.0206	0.0203	0.0204	0.0204	0.0204	0.0204	0.0204	0.0268	0.0275	0.0208	0.0204	0.0204	0.0204	0.0305	0.0204	0.0204	0.0204	0.0202	0.0204	0.0204	0.0204	0.0204
  W	0.0305	0.0204	0.0202	0.0212	0.02	0.02	0.02	0.02	0.02	0.0202	0.0201	0.02	0.0201	0.0202	0.02	0.0216	0.022	0.02	0.02	0.0202	0.0206	0.02	0	0.0216	0.0231	0.0202	0.02	0.0219	0.0201	0.02	0.02	0.0203	0.0202	0.0353	0.0207	0.02	0.02	0.02	0.0202	0.0214	0.0202	0.0201	0.0302	0.02	0.02	0.0201	0.02
  X	0.0219	0.022	0.0487	0.0219	0.0219	0.0219	0.0219	0.0219	0.0218	0.0219	0.0219	0.0218	0.0219	0.0221	0.0219	0.0219	0.0613	0.0328	0.0218	0.0219	0.0221	0.0219	0.0236	0	0.0236	0.0221	0.0218	0.0256	0.0219	0.0219	0.0219	0.0219	0.0329	0.0244	0.0224	0.0219	0.0219	0.0219	0.022	0.0323	0.0219	0.0219	0.0217	0.0219	0.0219	0.0219	0.0219
  Y	0.0202	0.0203	0.0203	0.0202	0.0201	0.0201	0.0201	0.0201	0.02	0.0203	0.0201	0.0201	0.0291	0.0203	0.0201	0.0201	0.0221	0.0201	0.0201	0.0201	0.0203	0.0201	0.0232	0.0217	0	0.0203	0.0201	0.0221	0.0201	0.0201	0.0201	0.0202	0.0209	0.0306	0.0307	0.0201	0.0201	0.0201	0.0203	0.0218	0.0202	0.0201	0.0199	0.0201	0.0201	0.0291	0.0302
  Z	0.0214	0.0216	0.0216	0.0214	0.0214	0.0214	0.0214	0.0214	0.0213	0.0215	0.0214	0.0214	0.0224	0.0216	0.0219	0.0214	0.0214	0.0214	0.0214	0.0215	0.0216	0.0215	0.0214	0.0214	0.0214	0	0.0214	0.0214	0.0218	0.0214	0.0214	0.0214	0.0214	0.0218	0.0219	0.0214	0.0214	0.0214	0.0336	0.0214	0.0214	0.0214	0.0213	0.0216	0.0214	0.0214	0.0215
  [	0.0166	0.0167	0.0167	0.0166	0.0166	0.0211	0.0166	0.0166	0.0166	0.0166	0.0166	0.0166	0.0167	0.0167	0.0166	0.0166	0.0166	0.0166	0.0166	0.0166	0.0167	0.0166	0.0166	0.0166	0.0166	0.0168	0	0.0166	0.0166	0.0166	0.0166	0.0166	0.0166	0.0168	0.0169	0.0166	0.0166	0.0166	0.0167	0.0166	0.0166	0.0166	0.0585	0.0166	0.0166	0.0166	0.0166
  \	0.0212	0.0213	0.0214	0.0212	0.0212	0.0212	0.0212	0.0212	0.0211	0.0212	0.0212	0.0212	0.0213	0.0214	0.0212	0.0212	0.0357	0.0212	0.0212	0.0212	0.0214	0.0212	0.0232	0.0248	0.0233	0.0214	0.0212	0	0.0212	0.0212	0.0212	0.0212	0.0213	0.0242	0.0217	0.0212	0.0212	0.0212	0.0214	0.0235	0.0212	0.0212	0.021	0.0212	0.0212	0.0212	0.0212
  ]	0.0207	0.0208	0.0209	0.0207	0.0207	0.0207	0.0207	0.0207	0.0206	0.0207	0.0207	0.0207	0.0215	0.0209	0.0207	0.0207	0.0207	0.0207	0.0207	0.0207	0.0209	0.0207	0.0207	0.0207	0.0207	0.0212	0.0207	0.0207	0	0.0207	0.0207	0.0207	0.0207	0.021	0.0211	0.0207	0.0207	0.0207	0.0423	0.0207	0.0207	0.0207	0.0205	0.0208	0.0207	0.0207	0.0207
  ^	0.0208	0.021	0.0287	0.0209	0.0208	0.0208	0.0208	0.0208	0.0208	0.0208	0.0208	0.0208	0.0209	0.0211	0.0209	0.0208	0.0208	0.025	0.0208	0.0208	0.021	0.0208	0.0209	0.0208	0.0209	0.0211	0.0208	0.0208	0.0209	0	0.0209	0.0209	0.0208	0.0212	0.0213	0.0208	0.0208	0.0208	0.021	0.0208	0.0209	0.0208	0.0207	0.0209	0.0208	0.0208	0.0208
  _	0.0207	0.0208	0.0208	0.0207	0.0207	0.0207	0.0207	0.0207	0.0206	0.0207	0.0207	0.0207	0.0208	0.0209	0.0207	0.0207	0.0207	0.0207	0.0207	0.0207	0.0209	0.0207	0.0207	0.0207	0.0207	0.0209	0.0207	0.0207	0.0207	0.0207	0	0.0207	0.0207	0.021	0.0324	0.0207	0.0207	0.0207	0.0208	0.0207	0.0207	0.0207	0.0205	0.0207	0.0207	0.0207	0.0207
  `	0.0205	0.0207	0.0206	0.0207	0.0204	0.0204	0.0204	0.0204	0.0204	0.0206	0.0205	0.0204	0.0205	0.0206	0.0204	0.0205	0.0204	0.0204	0.0204	0.0205	0.0207	0.0204	0.0207	0.0204	0.0206	0.0206	0.0204	0.0204	0.0205	0.0204	0.0204	0	0.0205	0.0288	0.0294	0.0204	0.0204	0.0204	0.0206	0.0206	0.0205	0.0205	0.0203	0.0204	0.0204	0.0204	0.0204
  a	0.0203	0.0204	0.0204	0.0203	0.0202	0.0202	0.0202	0.0202	0.0202	0.0203	0.0202	0.0202	0.0203	0.0204	0.0202	0.0203	0.0203	0.0202	0.0202	0.0202	0.0204	0.0267	0.0204	0.0305	0.0211	0.0204	0.0202	0.0203	0.0203	0.0202	0.0202	0.0203	0	0.0426	0.0207	0.0202	0.0202	0.0202	0.0205	0.0206	0.0203	0.0202	0.0201	0.0202	0.0202	0.0202	0.0202
  b	0.0285	0.0247	0.0228	0.0314	0.0216	0.0215	0.0215	0.0216	0.0214	0.0314	0.0322	0.0215	0.0219	0.0219	0.0216	0.0343	0.024	0.0216	0.0216	0.0236	0.0377	0.0287	0.0375	0.0237	0.0323	0.0218	0.0215	0.0242	0.0216	0.0216	0.0216	0.03	0.0447	0	0.0278	0.0216	0.0216	0.0216	0.0219	0.0332	0.0294	0.0227	0.0216	0.0216	0.0216	0.0218	0.0217
  c	0.0239	0.0242	0.0241	0.0241	0.0239	0.0239	0.0239	0.0239	0.0236	0.0241	0.0239	0.0239	0.0242	0.0242	0.0239	0.0239	0.024	0.0239	0.0239	0.0239	0.0242	0.0239	0.0242	0.0239	0.0358	0.0242	0.0238	0.024	0.0239	0.0239	0.0367	0.0337	0.0239	0.0306	0	0.0239	0.0239	0.0239	0.0254	0.0241	0.024	0.0239	0.0237	0.0261	0.0378	0.0241	0.0241
  d	0.0213	0.0214	0.0302	0.0213	0.0213	0.0213	0.0213	0.0282	0.0213	0.0213	0.0213	0.0213	0.0214	0.0215	0.0213	0.0213	0.0213	0.0213	0.0505	0.0481	0.0215	0.0213	0.0213	0.0213	0.0213	0.0215	0.0213	0.0213	0.0213	0.0213	0.0213	0.0213	0.0213	0.0217	0.0217	0	0.0213	0.0213	0.0215	0.0213	0.0213	0.0213	0.0211	0.0213	0.0213	0.0213	0.0213
  e	0.0211	0.0213	0.053	0.0212	0.0211	0.0211	0.0211	0.0211	0.0211	0.0212	0.0211	0.0211	0.0212	0.0214	0.0212	0.0211	0.0211	0.0211	0.0211	0.0211	0.0213	0.0211	0.0212	0.0211	0.0212	0.0214	0.0211	0.0211	0.0212	0.0211	0.0212	0.0212	0.0211	0.0215	0.0216	0.0211	0	0.0211	0.0213	0.0211	0.0212	0.0211	0.021	0.0212	0.0211	0.0211	0.0211
  f	0.0212	0.0213	0.0319	0.0212	0.0278	0.0212	0.0212	0.0212	0.0211	0.0212	0.0212	0.0212	0.0212	0.0214	0.0212	0.0212	0.0212	0.0211	0.029	0.0212	0.0214	0.0212	0.0212	0.0211	0.0212	0.0214	0.0211	0.0212	0.0212	0.0212	0.0212	0.0212	0.0212	0.0215	0.0216	0.0212	0.0212	0	0.0213	0.0212	0.0212	0.0212	0.021	0.0212	0.0212	0.0212	0.0212
  g	0.0212	0.0214	0.0214	0.0212	0.0212	0.0212	0.0212	0.0212	0.0211	0.0318	0.0212	0.0212	0.0302	0.0214	0.032	0.0212	0.0212	0.0212	0.0212	0.0317	0.0214	0.0315	0.0212	0.0212	0.0212	0.0333	0.0211	0.0212	0.0431	0.0212	0.0212	0.0212	0.0213	0.0217	0.0228	0.0212	0.0212	0.0212	0	0.0212	0.0212	0.0212	0.0211	0.0443	0.0241	0.0212	0.0304
  h	0.0212	0.0213	0.0213	0.0212	0.0211	0.0211	0.0211	0.0211	0.0211	0.0214	0.0211	0.0211	0.0212	0.0213	0.0211	0.0212	0.0317	0.0211	0.0211	0.0212	0.0214	0.0211	0.0226	0.0311	0.0229	0.0213	0.0211	0.0234	0.0211	0.0211	0.0211	0.0213	0.0215	0.0331	0.0218	0.0211	0.0211	0.0211	0.0213	0	0.0212	0.0211	0.021	0.0211	0.0211	0.0211	0.0211
  i	0.0248	0.0209	0.0209	0.0208	0.0207	0.0207	0.0207	0.0207	0.0207	0.0209	0.0208	0.0207	0.0208	0.0209	0.0207	0.0208	0.0207	0.0207	0.0207	0.0218	0.0211	0.0207	0.0209	0.0207	0.0208	0.021	0.0207	0.0207	0.0208	0.0207	0.0207	0.0208	0.0208	0.0287	0.0212	0.0207	0.0207	0.0207	0.0209	0.0208	0	0.0207	0.0207	0.0207	0.0207	0.0207	0.0207
  j	0.0211	0.0212	0.0212	0.0211	0.021	0.021	0.021	0.021	0.021	0.0314	0.021	0.021	0.0211	0.0212	0.021	0.021	0.021	0.021	0.021	0.021	0.0212	0.021	0.0211	0.021	0.0211	0.0213	0.021	0.021	0.0211	0.021	0.021	0.0211	0.021	0.0225	0.0215	0.021	0.021	0.021	0.0212	0.0211	0.0211	0	0.0209	0.021	0.021	0.021	0.021
  k	0.0353	0.0234	0.0235	0.0233	0.0233	0.0293	0.0308	0.0233	0.2891	0.0233	0.0233	0.0349	0.0234	0.0235	0.0233	0.0233	0.0233	0.0232	0.0232	0.0235	0.0235	0.0233	0.0353	0.0232	0.0233	0.0235	0.0825	0.0233	0.0233	0.0233	0.0233	0.0233	0.0233	0.0239	0.0238	0.0233	0.0233	0.0233	0.0235	0.0233	0.0234	0.0233	0	0.0233	0.0233	0.0233	0.0233
  l	0.0206	0.0207	0.0207	0.0206	0.0206	0.0205	0.0205	0.0206	0.0205	0.0206	0.0206	0.0205	0.0207	0.0208	0.0207	0.0206	0.0206	0.0205	0.0205	0.0207	0.0207	0.0206	0.0206	0.0205	0.0206	0.021	0.0205	0.0206	0.0206	0.0206	0.0206	0.0206	0.0206	0.0209	0.0229	0.0206	0.0206	0.0206	0.0432	0.0206	0.0206	0.0206	0.0204	0	0.0258	0.0206	0.0227
  m	0.0205	0.0206	0.0206	0.0205	0.0205	0.0205	0.0205	0.0205	0.0204	0.0205	0.0205	0.0205	0.0206	0.0207	0.0205	0.0205	0.0205	0.0205	0.0205	0.0205	0.0207	0.0205	0.0205	0.0205	0.0205	0.0207	0.0205	0.0205	0.0205	0.0205	0.0205	0.0205	0.0205	0.0208	0.0331	0.0205	0.0205	0.0205	0.0235	0.0205	0.0205	0.0205	0.0203	0.0258	0	0.0205	0.0205
  n	0.021	0.0212	0.0212	0.021	0.021	0.021	0.021	0.021	0.021	0.021	0.021	0.021	0.0231	0.0212	0.021	0.021	0.021	0.021	0.021	0.021	0.0212	0.021	0.0211	0.021	0.0304	0.0213	0.021	0.021	0.021	0.021	0.021	0.021	0.021	0.0216	0.0217	0.021	0.021	0.021	0.0212	0.021	0.021	0.021	0.0209	0.021	0.021	0	0.0211
  o	0.0211	0.0212	0.0212	0.0211	0.0211	0.021	0.021	0.0211	0.021	0.0211	0.021	0.021	0.0213	0.0213	0.0211	0.0211	0.0211	0.021	0.021	0.0211	0.0213	0.021	0.0211	0.021	0.0317	0.0213	0.021	0.0211	0.0211	0.021	0.0211	0.0211	0.0211	0.0216	0.0216	0.021	0.021	0.0211	0.0305	0.0211	0.0211	0.0211	0.0209	0.0233	0.0211	0.0212	0
