{
  "generated_by": {
    "program": "augur",
    "version": "13.1.0"
  },
  "models": {
    "country": {
      "alphabet": [
        "Argentina",
        "Australia",
        "Austria",
        "Azerbaijan",
        "Belgium",
        "Brazil",
        "British Virgin Islands",
        "Bulgaria",
        "Canada",
        "Central African Republic",
        "China",
        "Colombia",
        "Cyprus",
        "Czech Republic",
        "Democratic Republic of the Congo",
        "Egypt",
        "France",
        "Germany",
        "Greece",
        "Hungary",
        "India",
        "Iran",
        "Israel",
        "Italy",
        "Kenya",
        "Madagascar",
        "Mexico",
        "Morocco",
        "Namibia",
        "Netherlands",
        "Niger",
        "Nigeria",
        "Portugal",
        "Romania",
        "Russia",
        "Senegal",
        "Serbia",
        "Slovakia",
        "Slovenia",
        "South Africa",
        "Spain",
        "Tunisia",
        "Turkey",
        "USA",
        "Uganda",
        "Ukraine",
        "United Arab Emirates",
        "Zambia",
        "?"
      ],
      "equilibrium_probabilities": [
        0.01953158262901712,
        0.021791220135469,
        0.019517938196723022,
        0.020900258017756104,
        0.02125213937970661,
        0.020559616135674915,
        0.019916996759327267,
        0.021493356098751505,
        0.01142479158810623,
        0.02085842168634676,
        0.0208366391551811,
        0.019904293475788558,
        0.021374258416561126,
        0.02219993090225393,
        0.020912589861121548,
        0.020791288683022408,
        0.02133045954926345,
        0.021898188058384404,
        0.021976606622346864,
        0.021131498459106203,
        0.02165462015618018,
        0.02061448975574762,
        0.020177649735095216,
        0.02157753153248387,
        0.020265037027804515,
        0.021448198091102093,
        0.016835966363367743,
        0.021196483152548747,
        0.020919866520886638,
        0.021091771001036503,
        0.02091686136897038,
        0.02065411384291809,
        0.02129608853368131,
        0.020409962378408072,
        0.021337022603537478,
        0.02364446437338149,
        0.021535964711158904,
        0.021384318650505073,
        0.02140623737585288,
        0.021291815848679917,
        0.021173458277515725,
        0.020966849412080338,
        0.021282335534071394,
        0.02322450682094071,
        0.020792225404370524,
        0.020731574180404132,
        0.02126913453977291,
        0.021299378997589356
      ],
      "rate": 52.28735924970045,
      "transition_matrix": [
        [
          0.0,
          0.9771669514809096,
          0.977784809653284,
          0.9721584976361555,
          0.9699407199632543,
          0.9697838312577524,
          0.9696890234348075,
          0.9699724952527083,
          0.9683268891466019,
          0.9765263387529509,
          0.9725093411335061,
          0.969647101416502,
          0.9731411131271668,
          0.9785896804429525,
          0.9703145640468022,
          0.9706490683871924,
          0.9698366200391231,
          0.96916260445432,
          0.9697338572321648,
          1.4757624608891196,
          0.9842485679979793,
          0.9698753801084821,
          1.47567358667908,
          0.9700246233929076,
          0.9731567878480845,
          0.9795744729645776,
          0.9691475191726716,
          0.9702620072562056,
          0.9709638603255251,
          0.9698597653122767,
          0.9702691672896274,
          0.9738958008390494,
          0.9700989374244745,
          0.9707267562318886,
          1.3016555268185102,
          0.990313104460569,
          0.9701202301687099,
          0.9698684095980445,
          0.9699565036784746,
          0.9769684368421538,
          0.9738033894203303,
          1.166891516852501,
          0.9705617245825029,
          1.4608418838224753,
          0.9703928760387373,
          0.9699912797589725,
          0.9700600769120342,
          0.9700310369854297
        ],
        [
          0.9771669514809096,
          0.0,
          0.9848445331043846,
          0.9866983275869093,
          0.9759911172370699,
          0.9756080775344987,
          0.9753618994192018,
          0.9760909388263004,
          0.9716316319907841,
          0.9790321425361894,
          0.9768238490930828,
          0.9753209485217543,
          0.9795563623970077,
          0.9865622682078067,
          0.976294885115612,
          0.9791287428883821,
          0.9759982047152105,
          0.9754407137428811,
          0.9757617658373591,
          0.9765915061342536,
          0.9998917895728838,
          0.9762399324584534,
          0.9872587076554042,
          0.9760991972265091,
          0.9782043564494256,
          0.9871879774133693,
          0.9740134705230044,
          0.976440082037813,
          0.9769917581275384,
          0.9758596770053446,
          0.9762095331135748,
          0.9816351717614951,
          0.9767879255399387,
          0.9776619313067678,
          1.1294967757279206,
          1.0007333982936109,
          0.9760736457298798,
          0.9759946913737673,
          0.976068803026058,
          0.9842499758227204,
          0.9784952057870802,
          0.9777555885756388,
          0.9763737670561509,
          0.9693094277552242,
          0.9763386490616394,
          0.9758608914696527,
          0.9761436999247998,
          0.9761182546254162
        ],
        [
          0.977784809653284,
          0.9848445331043846,
          0.0,
          0.9786675280906411,
          0.9777741452378794,
          0.9772722477457537,
          0.9769760140670793,
          0.9780283062839654,
          0.9726402404463352,
          0.978290397388247,
          0.977836622270865,
          0.9769413117502597,
          0.980932929746435,
          2.457955071826376,
          0.9779112126776713,
          0.9781766118391225,
          0.9778583150458046,
          4.091848526166102,
          1.080978870484889,
          1.1885446017443757,
          0.9871058678951546,
          0.977510130091844,
          0.9790833093348357,
          2.158139688796334,
          0.9782553220281719,
          0.9873855599882129,
          0.9754343925501066,
          0.9781488185390191,
          0.9785340291956437,
          1.3341794609443973,
          0.9777932985435809,
          0.9785325866172225,
          0.9779938476214807,
          0.9781141315697237,
          1.0399556637336074,
          0.9966912847122603,
          1.3750108188706156,
          2.4294387126256978,
          1.4601920652911915,
          0.9848640325209456,
          0.9784306400749248,
          0.9785166627146676,
          0.9778644145493177,
          0.9719580814704509,
          0.977916714924762,
          0.9774564615207093,
          0.9778413181269184,
          0.9777986570452458
        ],
        [
          0.9721584976361555,
          0.9866983275869093,
          0.9786675280906411,
          0.0,
          0.9704432592882593,
          0.9702440729917831,
          0.9701461407842193,
          0.9704585958718285,
          0.9684269843700387,
          0.9750021305937979,
          0.9706364246007048,
          0.9701016204373546,
          0.9738011485949305,
          0.9793940122818255,
          0.9708276194903658,
          0.984231974896546,
          0.9703457075879157,
          0.9696251745952843,
          0.9700386009318009,
          0.9710163016173259,
          0.9833168368668785,
          0.9703118141432938,
          1.0202309857544754,
          0.9704293271203025,
          0.9736784900797516,
          0.9804489785024283,
          0.9694677857287346,
          0.9707066312882381,
          0.9715005531455294,
          0.9703557095690566,
          0.9708003944318436,
          0.9807205132248877,
          0.9726281005731933,
          0.9710304059414773,
          1.4477547669644641,
          0.9956879856927168,
          0.9703929100491945,
          0.9703706650566426,
          0.9704625821516032,
          0.9775735093055578,
          0.9736813493288929,
          0.9723298963463779,
          0.9708312573407267,
          0.9633791736167194,
          0.9709050704972106,
          0.9705088135055825,
          0.9705752273915181,
          0.9705465156273575
        ],
        [
          0.9699407199632543,
          0.9759911172370699,
          0.9777741452378794,
          0.9704432592882593,
          0.0,
          0.9696036941056768,
          0.9695222659023168,
          0.9700547863222998,
          0.9680365844824105,
          0.97009918171425,
          0.9696294919412614,
          0.9694763889014846,
          0.9732908143166512,
          0.9791102756536618,
          0.9702083787550337,
          0.9699865605291847,
          0.9696406931461893,
          0.9689135855764522,
          1.3618290393443486,
          0.9703398227815264,
          0.9787073679169205,
          0.9695664784294733,
          0.9706759003193246,
          0.9688498846451862,
          0.9701471000388086,
          0.9803363164251235,
          0.9689223914413932,
          0.9698594185800843,
          0.9709305779814495,
          0.9696997445459807,
          0.9701596427281088,
          0.9704779876126678,
          0.9697786144979808,
          0.9696237135774762,
          0.9854008600677225,
          0.9887654424526975,
          0.9700940532894402,
          0.969699413892436,
          1.2762707416429024,
          0.9772548706494276,
          0.9698226374240412,
          0.9701994452966627,
          0.9698128867456002,
          0.9624060511857083,
          0.9702852645329854,
          0.9698540178583404,
          0.9698912886049781,
          0.9698653826205876
        ],
        [
          0.9697838312577524,
          0.9756080775344987,
          0.9772722477457537,
          0.9702440729917831,
          0.9696036941056768,
          0.0,
          0.9693733705699575,
          0.9696057207700041,
          0.9681706511596719,
          0.9699116111008002,
          0.9694572622694496,
          0.9693288517938213,
          0.9729939119540577,
          0.9786201102307547,
          0.9700149986650897,
          0.9698023112289123,
          0.9694636928022236,
          0.9687581426941131,
          0.9691750391059379,
          0.9697938086001351,
          0.978238205666901,
          0.9693965122269549,
          0.9704910830662323,
          0.9686983530082468,
          0.9699598684679434,
          0.9798097841935068,
          1.2315449260368994,
          0.9696763920225988,
          0.9707135987461413,
          0.969522196154528,
          0.9699683716679668,
          0.9702786095891958,
          0.9695984084697128,
          0.96945401831412,
          0.9847034477953889,
          0.9879563116102842,
          0.9695298885149253,
          0.9695205394205348,
          0.9696154125643948,
          0.9768273031547622,
          0.9696428071415376,
          0.9700104081970302,
          0.9696312984329871,
          1.2124530306605317,
          0.9700898230208,
          0.9696733924443302,
          0.9697066851102915,
          0.9696817244063453
        ],
        [
          0.9696890234348075,
          0.9753618994192018,
          0.9769760140670793,
          0.9701461407842193,
          0.9695222659023168,
          0.9693733705699575,
          0.0,
          0.9695241719948872,
          0.9836746495561591,
          0.9698233357135102,
          0.9693817386760079,
          0.9692417796986376,
          0.972814362706236,
          0.9782856874361303,
          0.9699219132001391,
          0.9697166083300717,
          0.9693862002367806,
          0.9687030897018759,
          0.9691074185624433,
          0.969710036738466,
          0.977917726266196,
          0.9693224013272359,
          0.9703739722452818,
          0.9686463990828512,
          0.9698692719138502,
          0.9794377048948177,
          0.9687648454194,
          0.9695931254270055,
          0.9706010384732875,
          0.969443169610023,
          0.9698774558008101,
          0.9701795640123415,
          0.9695179278131191,
          0.9693793273900618,
          0.9841950073209156,
          0.9873593670657003,
          0.9694506091216291,
          0.9694414871209905,
          0.9695336449312256,
          0.9765401293962579,
          0.9695624165270593,
          0.9699210725090442,
          0.9695495649083359,
          1.4330761381529085,
          0.9699943711923199,
          0.9695905752099827,
          0.9696223600134817,
          0.9695982949152824
        ],
        [
          0.9699724952527083,
          0.9760909388263004,
          0.9780283062839654,
          0.9704585958718285,
          0.9700547863222998,
          0.9696057207700041,
          0.9695241719948872,
          0.0,
          0.9680338040451798,
          0.9701100407422926,
          0.9696329692756048,
          0.9694777620190015,
          0.9733448619136181,
          0.9792537056283197,
          0.9702187883678389,
          0.9699948568214086,
          0.9696416878360749,
          0.9689059056437465,
          1.8147620688000814,
          1.0220680784274077,
          0.9788486930895202,
          0.9695691743471226,
          0.97069615474128,
          0.9688432926098449,
          0.9701585786751589,
          0.9804970869885312,
          0.9689218169430321,
          0.9698639946943973,
          0.9709525412528313,
          0.9697021309836067,
          0.9701699105894067,
          0.9704941569906327,
          0.9697823206312624,
          0.9696284452643549,
          0.9856553938737336,
          0.9890521905606046,
          1.2809218642162827,
          0.9697012704873149,
          0.9700385101939234,
          0.9773818094024052,
          0.9698288502119197,
          0.9702233508739045,
          0.9698169006887442,
          0.9623240640388806,
          0.9702981365644582,
          0.9698599175906741,
          0.9698960586118393,
          0.9698698756968004
        ],
        [
          0.9683268891466019,
          0.9716316319907841,
          0.9726402404463352,
          0.9684269843700387,
          0.9680365844824105,
          0.9681706511596719,
          0.9836746495561591,
          0.9680338040451798,
          0.0,
          0.9682349630612455,
          0.9679629094486,
          0.9679389006723845,
          0.9700152432221765,
          0.9733777875746853,
          0.9682839640690264,
          0.9681659952429366,
          0.9679560360279797,
          0.9675583906857738,
          0.9677900160969398,
          0.9682199190292862,
          0.9731728113587933,
          0.9679308208638309,
          0.9686498798259746,
          0.9675437452615827,
          0.968262446737083,
          0.9740456969696967,
          0.9680497228115703,
          0.9680824107635964,
          0.9686996655132731,
          0.9679920538606844,
          0.9682631334656918,
          0.9684516492094383,
          0.9680364080139743,
          0.9679707977115726,
          0.9770905951716601,
          0.9788973509568398,
          0.9679913660872503,
          0.9679862459838986,
          0.9680411448881749,
          0.9722967713939127,
          0.9680732087695997,
          0.96834850273332,
          0.9680552078106557,
          10.848898574439154,
          0.9683259984435312,
          0.9680888830550998,
          0.9680979523768922,
          0.9680832816095726
        ],
        [
          0.9765263387529509,
          0.9790321425361894,
          0.978290397388247,
          0.9750021305937979,
          0.97009918171425,
          0.9699116111008002,
          0.9698233357135102,
          0.9701100407422926,
          0.9682349630612455,
          0.0,
          0.9715820205133898,
          0.9697786864548166,
          0.9744959286842314,
          0.979078424757081,
          0.9706161321785094,
          0.9713761032658487,
          0.9700051543847551,
          0.9692684226847333,
          0.96968950301591,
          0.9719146584462401,
          0.9828540414504021,
          0.970038089459216,
          0.9777959626020654,
          0.9711767361360698,
          0.9774224812963535,
          0.9820538716478642,
          0.9691894177157518,
          0.9705761996183059,
          0.9715570178209532,
          0.9700146043335882,
          0.9704503410686831,
          0.9792338136819768,
          0.9703257367582511,
          0.971741552947573,
          1.4391228810775238,
          0.9955301966005454,
          0.9700502503095058,
          0.9700233721344783,
          0.9701154161064551,
          1.463894941693997,
          0.979349963357075,
          0.976846970692338,
          1.4449854692506183,
          0.9630703870307765,
          0.9707667183874079,
          0.9702187921931347,
          0.9702478931552744,
          0.9702730066710512
        ],
        [
          0.9725093411335061,
          0.9768238490930828,
          0.977836622270865,
          0.9706364246007048,
          0.9696294919412614,
          0.9694572622694496,
          0.9693817386760079,
          0.9696329692756048,
          0.9679629094486,
          0.9715820205133898,
          0.0,
          0.9693368373437434,
          0.9729507903071704,
          0.9784647466000084,
          0.970027922362048,
          0.9699856351433833,
          0.9694966767830964,
          0.9687751842796967,
          0.9691978105916189,
          0.9705231374279343,
          0.991414529349074,
          0.9694774345043943,
          0.971368437735298,
          0.9689546759131183,
          0.9707047214733178,
          0.9795582547375616,
          0.9688053480287154,
          0.9697708918146795,
          0.9706999035593418,
          0.9695488770190037,
          0.9699784918508515,
          0.971207408123973,
          0.9696843457491621,
          0.9696757261538743,
          1.4700826665635924,
          0.9883168728907908,
          0.969560600020121,
          0.9695488635240965,
          0.9696413937014591,
          0.9766477875664413,
          0.9705964493342312,
          0.9727156036194975,
          0.9698365369566285,
          0.9624501800860982,
          0.9701047303910256,
          0.9696938195487549,
          0.9697404610916796,
          0.9697141924550712
        ],
        [
          0.969647101416502,
          0.9753209485217543,
          0.9769413117502597,
          0.9701016204373546,
          0.9694763889014846,
          0.9693288517938213,
          0.9692417796986376,
          0.9694777620190015,
          0.9679389006723845,
          0.9697786864548166,
          0.9693368373437434,
          0.0,
          0.9727698648813914,
          0.9782455424324169,
          0.9698770509583977,
          0.9696720199940441,
          0.9693401870751548,
          0.9686564418883615,
          0.969060349912253,
          0.9696646680411662,
          0.9778786289045207,
          0.9692780376540796,
          0.9703308268860434,
          0.9686009038994675,
          0.9698256154571308,
          0.9793982650708998,
          0.9687269205130375,
          0.9695474494630973,
          0.9705567877523253,
          0.9693976310720767,
          0.9698328072851281,
          0.9701355129300122,
          0.9694720726568021,
          0.9693355004252452,
          0.9841593462547158,
          0.9873237483287235,
          0.96940416599437,
          0.9693953021662864,
          0.9694874419900533,
          0.9764994145039751,
          0.9695170303697707,
          0.9698761565769868,
          0.9695037168194829,
          1.4434576406185817,
          0.9699496724466927,
          0.9695459898722628,
          0.9695765432781462,
          0.969552416126935
        ],
        [
          0.9731411131271668,
          0.9795563623970077,
          0.980932929746435,
          0.9738011485949305,
          0.9732908143166512,
          0.9729939119540577,
          0.972814362706236,
          0.9733448619136181,
          0.9700152432221765,
          0.9744959286842314,
          0.9729507903071704,
          0.9727698648813914,
          0.0,
          0.9828464701156036,
          0.9787017521323507,
          0.9733311623015934,
          0.9732106704904132,
          0.9725561818631627,
          0.9729771893077297,
          0.9745275132590735,
          0.9824046562032517,
          0.9739837270649715,
          0.974818771528477,
          0.9739296947982257,
          1.4038636742669324,
          1.0216673202724942,
          0.971764619036292,
          0.973799193563513,
          1.0085777862245142,
          0.9731760833081614,
          0.9735824273411765,
          0.9738217705606114,
          0.9732539920314637,
          0.973046504368418,
          1.001655125572791,
          1.0028350930965821,
          0.9733003960037203,
          0.9732365151065199,
          0.9733339445233982,
          1.3893984884262776,
          0.9737950748436607,
          0.9735904236930996,
          0.9733107180286259,
          0.9662314596046436,
          0.9771502717079187,
          0.9736321278189863,
          1.0676120258477002,
          0.9791177317651626
        ],
        [
          0.9785896804429525,
          0.9865622682078067,
          2.457955071826376,
          0.9793940122818255,
          0.9791102756536618,
          0.9786201102307547,
          0.9782856874361303,
          0.9792537056283197,
          0.9733777875746853,
          0.979078424757081,
          0.9784647466000084,
          0.9782455424324169,
          0.9828464701156036,
          0.0,
          0.9794065931978944,
          0.9789632634722932,
          0.9791332682953475,
          1.4671049657425284,
          0.9790691659301156,
          0.9794845639408978,
          0.9881529550756867,
          0.9784300001930404,
          0.9794342470831046,
          0.9785902746630212,
          0.9788701659426862,
          0.9900767624105132,
          0.9765336188277798,
          0.979201796511729,
          0.9801645773653688,
          0.9801558991172412,
          0.9792747962347077,
          0.9794623003899535,
          0.9790698617346097,
          0.9782142853917877,
          0.9991878539634965,
          1.000016124709968,
          0.9793942927399728,
          0.9793972791024016,
          0.9815577541224313,
          0.9874741142706716,
          0.9788753833255235,
          0.979349417294821,
          0.9791409760436589,
          0.9725311804134351,
          0.9794550006211032,
          0.9788981058568182,
          0.9792489693759486,
          0.9792517894054579
        ],
        [
          0.9703145640468022,
          0.976294885115612,
          0.9779112126776713,
          0.9708276194903658,
          0.9702083787550337,
          0.9700149986650897,
          0.9699219132001391,
          0.9702187883678389,
          0.9682839640690264,
          0.9706161321785094,
          0.970027922362048,
          0.9698770509583977,
          0.9787017521323507,
          0.9794065931978944,
          0.0,
          0.9703808537094272,
          0.9700736811123165,
          0.9693709446787729,
          0.9697941514219011,
          0.9708490736499461,
          0.979055421772676,
          0.9708122282267145,
          0.9710428545804116,
          0.9692954391182538,
          0.9705670608750253,
          1.0032459350675549,
          0.9692715757834537,
          0.970279014954736,
          0.9730911601315309,
          0.9701210647919761,
          0.970563787669941,
          0.9708568023646704,
          0.9701966282826273,
          0.9700169835169741,
          0.985619090075838,
          0.9891157351014844,
          0.9701491598770453,
          0.9701293423922163,
          0.970225150876681,
          1.4766666039660654,
          0.9702251851222837,
          0.9705942736742574,
          0.970233453317639,
          0.9629984039545918,
          0.9774441894492853,
          0.9705939747882844,
          0.9703253125652649,
          0.9704407384271015
        ],
        [
          0.9706490683871924,
          0.9791287428883821,
          0.9781766118391225,
          0.984231974896546,
          0.9699865605291847,
          0.9698023112289123,
          0.9697166083300717,
          0.9699948568214086,
          0.9681659952429366,
          0.9713761032658487,
          0.9699856351433833,
          0.9696720199940441,
          0.9733311623015934,
          0.9789632634722932,
          0.9703808537094272,
          0.0,
          0.9698741670876402,
          0.9691494320788816,
          0.9695656527322599,
          0.9703262646316059,
          1.1355619620954474,
          0.96986976445624,
          1.0185134898289243,
          0.9694184455528759,
          0.9710972916560918,
          0.9800302994077644,
          0.9690962330950524,
          0.9701486818220701,
          0.9710580807696171,
          0.9699026814332011,
          0.9703351459542309,
          0.9730155164930953,
          1.3325230237424008,
          0.9701312092416634,
          1.5096227799430058,
          0.9898820978169802,
          0.9699220589444644,
          0.9699089458100331,
          0.9700016984550727,
          0.9771123041721378,
          0.97087099940471,
          0.9708899815547536,
          0.9701397147371016,
          0.9628388873681251,
          0.9704556245092554,
          0.9700449513599911,
          0.9700996211935472,
          0.9700729073321583
        ],
        [
          0.9698366200391231,
          0.9759982047152105,
          0.9778583150458046,
          0.9703457075879157,
          0.9696406931461893,
          0.9694636928022236,
          0.9693862002367806,
          0.9696416878360749,
          0.9679560360279797,
          0.9700051543847551,
          0.9694966767830964,
          0.9693401870751548,
          0.9732106704904132,
          0.9791332682953475,
          0.9700736811123165,
          0.9698741670876402,
          0.0,
          0.9688105535117489,
          0.9691937951900191,
          0.9698432328315114,
          0.9787475474787635,
          0.9694324679269423,
          0.9728472338185513,
          3.06728347219345,
          0.9727508261704426,
          0.9803472263365829,
          0.9688062316870023,
          1.0391280848104683,
          0.9708077949027966,
          0.9695566052540895,
          0.9700270343155966,
          0.9703909075523393,
          1.004513699240871,
          0.9696467596214996,
          0.9891414143381038,
          0.9890142464512954,
          0.9695632552111954,
          0.9695543389918307,
          0.9696526597982392,
          0.9772248981798729,
          1.0659033185342424,
          0.9700834624223652,
          0.9696744683472651,
          0.9622241788653052,
          0.9701517780640215,
          0.9697171878026527,
          0.9697681774210982,
          0.9697368194089552
        ],
        [
          0.96916260445432,
          0.9754407137428811,
          4.091848526166102,
          0.9696251745952843,
          0.9689135855764522,
          0.9687581426941131,
          0.9687030897018759,
          0.9689059056437465,
          0.9675583906857738,
          0.9692684226847333,
          0.9687751842796967,
          0.9686564418883615,
          0.9725561818631627,
          1.4671049657425284,
          0.9693709446787729,
          0.9691494320788816,
          0.9688105535117489,
          0.0,
          0.9685713813953972,
          0.9694072872176012,
          0.9782802847918112,
          0.9687207279290857,
          0.9699876273204678,
          1.4525207911274656,
          0.9694447894734329,
          0.9799108659163411,
          0.9682255155143014,
          0.9690813625612552,
          0.9701242969814444,
          1.1637408816128119,
          0.9693254222745145,
          0.9696721276271411,
          0.9689181022964934,
          0.9688049539008624,
          0.989249632634221,
          0.9887615227304526,
          0.9690240777632823,
          0.969186229136834,
          0.9690443770330339,
          0.9767005781467422,
          0.9690285864550507,
          0.9693626707982597,
          0.9689433883268186,
          0.9612389701557752,
          0.9694551816415348,
          0.9690112699849209,
          0.9690258181271167,
          0.9689975501341495
        ],
        [
          0.9697338572321648,
          0.9757617658373591,
          1.080978870484889,
          0.9700386009318009,
          1.3618290393443486,
          0.9691750391059379,
          0.9691074185624433,
          1.8147620688000814,
          0.9677900160969398,
          0.96968950301591,
          0.9691978105916189,
          0.969060349912253,
          0.9729771893077297,
          0.9790691659301156,
          0.9697941514219011,
          0.9695656527322599,
          0.9691937951900191,
          0.9685713813953972,
          0.0,
          1.765281074287343,
          0.9785849744553486,
          0.9691357451100867,
          0.9703040053774055,
          0.9684207978396504,
          0.9697484168011004,
          0.9802821180844015,
          0.9685667096426043,
          0.969423148235373,
          0.9705448619615749,
          0.9692815214569941,
          0.9697412132422337,
          0.9700826766152606,
          0.9693369950797356,
          0.9692004493777698,
          0.9859850832256536,
          0.9889460282121098,
          2.29899371865676,
          0.9693192309866493,
          1.3297564734756675,
          0.9771661463750052,
          0.969391728833664,
          0.9699217353652478,
          0.9693736261971588,
          0.9616832747954343,
          0.9698944865140594,
          0.9694305614242985,
          0.9694540632529889,
          0.9694266909826761
        ],
        [
          1.4757624608891196,
          0.9765915061342536,
          1.1885446017443757,
          0.9710163016173259,
          0.9703398227815264,
          0.9697938086001351,
          0.969710036738466,
          1.0220680784274077,
          0.9682199190292862,
          0.9719146584462401,
          0.9705231374279343,
          0.9696646680411662,
          0.9745275132590735,
          0.9794845639408978,
          0.9708490736499461,
          0.9703262646316059,
          0.9698432328315114,
          0.9694072872176012,
          1.765281074287343,
          0.0,
          0.9805712477483858,
          0.9699298992481731,
          0.9773057061167111,
          0.9693743599501676,
          0.9710502206099872,
          0.9825817278145391,
          0.9691066882565185,
          0.970109046048881,
          0.9733875518757799,
          0.9699304097018432,
          0.9703424258833826,
          0.971483126288382,
          0.9700257628171122,
          0.970096443073083,
          1.0765695126544284,
          0.9898051604362543,
          2.1905189657708317,
          0.970022978683899,
          0.9703576455546243,
          1.4629069477009704,
          0.9709860247254186,
          1.0224001170389192,
          0.9701557110697625,
          0.9734311319010339,
          0.9769365576257506,
          0.9703515497583763,
          0.9700892500561755,
          0.970142631035628
        ],
        [
          0.9842485679979793,
          0.9998917895728838,
          0.9871058678951546,
          0.9833168368668785,
          0.9787073679169205,
          0.978238205666901,
          0.977917726266196,
          0.9788486930895202,
          0.9731728113587933,
          0.9828540414504021,
          0.991414529349074,
          0.9778786289045207,
          0.9824046562032517,
          0.9881529550756867,
          0.979055421772676,
          1.1355619620954474,
          0.9787475474787635,
          0.9782802847918112,
          0.9785849744553486,
          0.9805712477483858,
          0.0,
          0.9783986889841205,
          1.0016057559836158,
          0.9787737914279613,
          0.9805091656095245,
          0.9900229456098941,
          0.9762210826193641,
          0.9790162627242321,
          0.9798230308835097,
          0.9785578570017,
          0.9788295261080174,
          0.9818384585540441,
          1.009275853981085,
          0.9788062383223481,
          1.7993663818953995,
          1.0008735064524703,
          0.9788583336218695,
          0.9787439982490189,
          0.9788097713930157,
          0.9878302956243895,
          0.9811210303727356,
          0.9850334277978481,
          0.9792008682073137,
          0.9724481058127988,
          0.9791333070065604,
          0.9785005602467007,
          0.9788654216961628,
          0.9789166506060422
        ],
        [
          0.9698753801084821,
          0.9762399324584534,
          0.977510130091844,
          0.9703118141432938,
          0.9695664784294733,
          0.9693965122269549,
          0.9693224013272359,
          0.9695691743471226,
          0.9679308208638309,
          0.970038089459216,
          0.9694774345043943,
          0.9692780376540796,
          0.9739837270649715,
          0.9784300001930404,
          0.9708122282267145,
          0.96986976445624,
          0.9694324679269423,
          0.9687207279290857,
          0.9691357451100867,
          0.9699298992481731,
          0.9783986889841205,
          0.0,
          0.9705799516784358,
          0.9694140143300057,
          0.9700512766370322,
          0.9818365149704422,
          0.9687573434493667,
          0.969675013694219,
          0.9711080658147568,
          0.9694865389293028,
          0.9699180137366386,
          0.9703914820071855,
          0.9696090884059722,
          1.2768233902476638,
          1.3086805007329458,
          0.9877342660533872,
          0.9694944508972294,
          0.969486042307433,
          0.9695781612597618,
          1.450104273931832,
          0.9697041439716897,
          0.9701221031181485,
          0.9696326929020471,
          0.9624077122767685,
          0.9718891698749537,
          0.9697535856879842,
          0.9696736828557717,
          0.969720243828631
        ],
        [
          1.47567358667908,
          0.9872587076554042,
          0.9790833093348357,
          1.0202309857544754,
          0.9706759003193246,
          0.9704910830662323,
          0.9703739722452818,
          0.97069615474128,
          0.9686498798259746,
          0.9777959626020654,
          0.971368437735298,
          0.9703308268860434,
          0.974818771528477,
          0.9794342470831046,
          0.9710428545804116,
          1.0185134898289243,
          0.9728472338185513,
          0.9699876273204678,
          0.9703040053774055,
          0.9773057061167111,
          1.0016057559836158,
          0.9705799516784358,
          0.0,
          1.188253300393995,
          1.1069133691669335,
          0.9804122714553855,
          0.9697130087578775,
          1.0460574430568976,
          0.9716972985452034,
          0.9705882071124472,
          0.9710170315611825,
          0.9819368230341231,
          0.9823741459740741,
          0.9781855724324804,
          1.7024167475128134,
          0.9994274660873089,
          0.9706429304462106,
          0.9706087038013361,
          0.9706976975653099,
          0.9776378075992739,
          1.017817129313667,
          0.9762994516384998,
          0.9714101325098085,
          1.4615003771483983,
          0.9711159660703824,
          0.9707300535110757,
          0.971701679565378,
          0.9713744950327581
        ],
        [
          0.9700246233929076,
          0.9760991972265091,
          2.158139688796334,
          0.9704293271203025,
          0.9688498846451862,
          0.9686983530082468,
          0.9686463990828512,
          0.9688432926098449,
          0.9675437452615827,
          0.9711767361360698,
          0.9689546759131183,
          0.9686009038994675,
          0.9739296947982257,
          0.9785902746630212,
          0.9692954391182538,
          0.9694184455528759,
          3.06728347219345,
          1.4525207911274656,
          0.9684207978396504,
          0.9693743599501676,
          0.9787737914279613,
          0.9694140143300057,
          1.188253300393995,
          0.0,
          1.1667472049119536,
          0.9796241489415087,
          0.9681878221484553,
          1.7502573889517652,
          0.9700292979874926,
          0.9688541446917599,
          0.9692529173754989,
          0.9712998284409328,
          1.4241136980691715,
          1.4668940661756362,
          1.2142836386055589,
          0.9946060200358032,
          0.968828400281067,
          0.9690796059556841,
          0.9688658462353106,
          0.9765284375059212,
          1.8386401301819693,
          0.9701126167820664,
          0.9690722421183655,
          0.9614043237948767,
          0.9693800962781862,
          0.9689482791296302,
          0.9705065229494854,
          0.9699716026534327
        ],
        [
          0.9731567878480845,
          0.9782043564494256,
          0.9782553220281719,
          0.9736784900797516,
          0.9701471000388086,
          0.9699598684679434,
          0.9698692719138502,
          0.9701585786751589,
          0.968262446737083,
          0.9774224812963535,
          0.9707047214733178,
          0.9698256154571308,
          1.4038636742669324,
          0.9788701659426862,
          0.9705670608750253,
          0.9710972916560918,
          0.9727508261704426,
          0.9694447894734329,
          0.9697484168011004,
          0.9710502206099872,
          0.9805091656095245,
          0.9700512766370322,
          1.1069133691669335,
          1.1667472049119536,
          0.0,
          0.980250772265743,
          0.9692291419035142,
          1.0485612864731149,
          0.9713556824547083,
          0.97006395497922,
          0.9706693563800941,
          0.976724431298282,
          0.9704208167488055,
          1.009378135782182,
          1.4787372201972844,
          1.4804516814105244,
          0.9700933708524753,
          0.9700742705139622,
          0.9701638686758459,
          0.9781835007776705,
          1.0283701042636235,
          0.9733320152086835,
          0.9708343677548549,
          0.9633085584646155,
          0.9707489622964123,
          0.9703043950589415,
          1.4027828458589184,
          1.4609491707404132
        ],
        [
          0.9795744729645776,
          0.9871879774133693,
          0.9873855599882129,
          0.9804489785024283,
          0.9803363164251235,
          0.9798097841935068,
          0.9794377048948177,
          0.9804970869885312,
          0.9740456969696967,
          0.9820538716478642,
          0.9795582547375616,
          0.9793982650708998,
          1.0216673202724942,
          0.9900767624105132,
          1.0032459350675549,
          0.9800302994077644,
          0.9803472263365829,
          0.9799108659163411,
          0.9802821180844015,
          0.9825817278145391,
          0.9900229456098941,
          0.9818365149704422,
          0.9804122714553855,
          0.9796241489415087,
          0.980250772265743,
          0.0,
          0.9775125777678626,
          0.9803772153539118,
          0.995623565419916,
          0.980164701326184,
          0.9804221081611276,
          0.9804418284231381,
          0.9802317815074685,
          0.9792171599748086,
          0.9973046622497442,
          1.0014686451323285,
          0.9805211662555333,
          0.9803565545586426,
          0.9804438470198941,
          1.5304211847438376,
          0.9799559978819318,
          0.9803930818372211,
          0.980340292594859,
          0.9740778422199055,
          0.9900150342320058,
          0.9808608519205259,
