Map from character to field name
A:	Africa
B:	Asia
C:	Europe
D:	North America
E:	Oceania
F:	South America
G:	?


Substitution rate (mu): 11.392611

Equilibrium frequencies (pi_i):
  A: 0.1246
  B: 0.1809
  C: 0.2087
  D: 0.1922
  E: 0.1505
  F: 0.1431

Symmetrized rates from j->i (W_ij):
	A	B	C	D	E	F
  A	0	3.4412	3.8661	0.5792	0.7905	0.7724
  B	3.4412	0	1.6739	0.8942	0.7287	0.9609
  C	3.8661	1.6739	0	0.5691	0.6279	0.8383
  D	0.5792	0.8942	0.5691	0	0.599	1.5207
  E	0.7905	0.7287	0.6279	0.599	0	0.6374
  F	0.7724	0.9609	0.8383	1.5207	0.6374	0

Actual rates from j->i (Q_ij):
	A	B	C	D	E	F
  A	0	0.4287	0.4816	0.0722	0.0985	0.0962
  B	0.6227	0	0.3029	0.1618	0.1319	0.1739
  C	0.8067	0.3493	0	0.1188	0.131	0.1749
  D	0.1113	0.1719	0.1094	0	0.1151	0.2923
  E	0.119	0.1097	0.0945	0.0902	0	0.0959
  F	0.1105	0.1375	0.12	0.2176	0.0912	0
