Map from character to field name
A:	CA/Contra-Costa
B:	CA/Kern
C:	CA/Los-Angeles
D:	CA/Losangeles
E:	CA/Riverside
F:	CA/Sacramento
G:	CA/San-Diego
H:	CA/Yolo
I:	CAN/QC
J:	CO/Larimer
K:	CO/Larimer/LV
L:	CO/Larimer/NE
M:	CO/Larimer/NW
N:	CO/Larimer/SE
O:	CO/Weld
P:	CT
Q:	DC/District-Of-Columbia
R:	ID/Unknown
S:	IL/Unknown
T:	ISR/D/Eilat
U:	MD
V:	MEX/BCN/Unknown
W:	MN
X:	NJ/Unknown
Y:	NY
Z:	OH
[:	OR/Umatilla
\:	PA/Bucks
]:	PA/Unknown
^:	TX/El-Paso
_:	TX/Fort-Bend
`:	TX/Harris
a:	TX/Jefferson
b:	VA
c:	WA
d:	?


Substitution rate (mu): 301.527445

Equilibrium frequencies (pi_i):
  A: 0.0284
  B: 0.0307
  C: 0.0291
  D: 0.029
  E: 0.0284
  F: 0.029
  G: 0.0305
  H: 0.0289
  I: 0.0276
  J: 0.0271
  K: 0.028
  L: 0.0256
  M: 0.0264
  N: 0.031
  O: 0.0286
  P: 0.0286
  Q: 0.0284
  R: 0.0285
  S: 0.029
  T: 0.0289
  U: 0.0288
  V: 0.0287
  W: 0.0289
  X: 0.0287
  Y: 0.0258
  Z: 0.0291
  [: 0.0292
  \: 0.0289
  ]: 0.0289
  ^: 0.0288
  _: 0.0282
  `: 0.0278
  a: 0.0284
  b: 0.0291
  c: 0.0291

Symmetrized rates from j->i (W_ij):
	A	B	C	D	E	F	G	H	I	J	K	L	M	N	O	P	Q	R	S	T	U	V	W	X	Y	Z	[	\	]	^	_	`	a	b	c
  A	0	1.4912	0.9855	0.988	0.9869	0.9853	0.9873	0.9878	0.9866	0.9874	0.9859	0.9869	0.9852	0.9889	0.9853	0.9898	0.9859	0.988	0.9871	0.9879	0.9872	0.9886	0.9878	0.9853	0.9949	0.9866	0.9873	0.9862	0.9862	0.9887	0.9859	0.9895	0.9851	0.9866	0.9875
  B	1.4912	0	0.9931	1.0211	1.4246	0.9931	1.2536	1.0232	0.9938	1.0966	0.9927	0.994	0.9916	1.0027	0.993	0.9993	0.9931	1.4462	1.0971	0.9955	0.9949	1.2727	1.0654	0.9926	1.0721	0.9939	1.1007	0.9933	0.9933	1.192	0.9927	1.0796	0.9919	0.9939	1.1327
  C	0.9855	0.9931	0	1.5196	0.9866	0.986	1.0221	0.9986	0.987	0.9875	0.9863	0.9874	0.9855	0.9897	0.9857	0.9904	0.9864	0.9874	0.9872	0.9883	0.9877	0.9884	0.9886	0.9858	0.9987	0.987	0.9873	0.9866	0.9866	0.9888	0.9863	0.9905	0.9855	0.987	0.9874
  D	0.988	1.0211	1.5196	0	0.9898	1.0012	1.4912	1.3749	0.99	0.993	0.9886	0.9908	0.9877	1.0025	0.9898	0.9966	0.989	0.99	0.9928	0.9916	0.9914	1.001	1.0314	0.9885	1.1698	0.9899	0.9897	0.9891	0.9891	1.0175	0.9886	1.0441	0.9878	0.9899	0.9899
  E	0.9869	1.4246	0.9866	0.9898	0	0.9865	1.2574	0.9896	0.9877	0.9891	0.987	0.9879	0.9862	0.9902	0.9864	0.9909	0.987	0.9892	0.9889	0.989	0.9883	0.9917	0.9894	0.9864	0.9964	0.9877	0.9885	0.9873	0.9873	0.991	0.9869	0.9911	0.9862	0.9877	0.9887
  F	0.9853	0.9931	0.986	1.0012	0.9865	0	1.0006	1.5057	0.9869	0.9874	0.9862	0.9872	0.9854	0.9897	0.9856	0.9903	0.9862	0.9873	0.9871	0.9882	0.9876	0.9883	0.9889	0.9856	1.0012	0.9869	0.9871	0.9865	0.9865	0.989	0.9861	0.991	0.9853	0.9869	0.9873
  G	0.9873	1.2536	1.0221	1.4912	1.2574	1.0006	0	1.506	0.9884	0.9895	0.9876	0.9887	0.9867	0.9919	0.9871	0.9922	0.9877	0.9896	0.9893	0.9898	0.9892	0.9916	0.9924	0.9871	1.01	0.9884	0.9891	0.988	0.988	0.9925	0.9876	0.995	0.9867	0.9884	0.9893
  H	0.9878	1.0232	0.9986	1.3749	0.9896	1.5057	1.506	0	0.9898	0.9931	0.9884	0.9907	0.9876	1.0034	0.9898	0.9968	0.9888	0.9898	0.9929	0.9915	0.9914	1.0018	1.0352	0.9884	1.1905	0.9898	0.9895	0.9889	0.9889	1.0199	0.9884	1.049	0.9876	0.9898	0.9897
  I	0.9866	0.9938	0.987	0.99	0.9877	0.9869	0.9884	0.9898	0	0.9906	0.9881	1.4287	1.0005	1.5681	0.9878	0.9936	0.9877	0.9885	0.9882	0.9898	0.9895	0.9894	0.9895	0.9872	1.0899	0.9884	0.9883	0.9878	0.9878	0.9897	0.9881	1.0224	0.9866	0.9884	0.9885
  J	0.9874	1.0966	0.9875	0.993	0.9891	0.9874	0.9895	0.9931	0.9906	0	0.9966	1.0069	0.989	2.0494	0.9874	0.992	0.9879	0.9893	1.3995	0.9898	0.9892	1.2084	0.9989	0.9873	1.007	0.9885	0.9889	0.9881	0.9881	1.0165	0.9953	1.0034	0.987	0.9885	0.9891
  K	0.9859	0.9927	0.9863	0.9886	0.987	0.9862	0.9876	0.9884	0.9881	0.9966	0	0.9891	0.9868	1.3319	0.9861	0.9906	0.9867	0.9878	0.9875	0.9887	0.9881	0.9885	0.9882	0.9862	0.996	0.9874	0.9876	0.987	0.987	0.9887	1.3204	0.9903	0.9859	0.9874	0.9878
  L	0.9869	0.994	0.9874	0.9908	0.9879	0.9872	0.9887	0.9907	1.4287	1.0069	0.9891	0	0.9885	2.75	0.9891	0.9953	0.9881	0.9887	0.9886	0.9905	0.9905	0.9897	0.9901	0.9876	1.1588	0.989	0.9886	0.9881	0.9881	0.9902	0.9891	1.0494	0.9869	0.989	0.9887
  M	0.9852	0.9916	0.9855	0.9877	0.9862	0.9854	0.9867	0.9876	1.0005	0.989	0.9868	0.9885	0	2.0075	0.9854	0.9897	0.986	0.9869	0.9867	0.9878	0.9872	0.9876	0.9873	0.9854	0.9952	0.9866	0.9868	0.9862	0.9862	0.9878	0.9867	0.9897	0.9851	0.9866	0.9869
  N	0.9889	1.0027	0.9897	1.0025	0.9902	0.9897	0.9919	1.0034	1.5681	2.0494	1.3319	2.75	2.0075	0	1.0049	1.0124	0.9906	0.9911	0.9927	0.9989	1.0032	0.9953	0.9989	0.99	1.8116	0.9956	0.9909	0.9906	0.9906	0.9978	1.2907	1.4223	0.9889	0.9956	0.9911
  O	0.9853	0.993	0.9857	0.9898	0.9864	0.9856	0.9871	0.9898	0.9878	0.9874	0.9861	0.9891	0.9854	1.0049	0	0.995	0.9864	0.9872	0.987	0.9896	0.9897	0.9883	0.9888	0.9857	1.4806	0.9877	0.987	0.9866	0.9866	0.9889	0.9861	0.9988	0.9853	0.9877	0.9872
  P	0.9898	0.9993	0.9904	0.9966	0.9909	0.9903	0.9922	0.9968	0.9936	0.992	0.9906	0.9953	0.9897	1.0124	0.995	0	1.2981	0.9918	0.9919	1.3364	1.1163	0.9935	0.995	1.0832	2.7987	1.0418	0.9917	1.2329	1.2329	0.9949	0.9906	1.0058	1.493	1.0418	0.9919
  Q	0.9859	0.9931	0.9864	0.989	0.987	0.9862	0.9877	0.9888	0.9877	0.9879	0.9867	0.9881	0.986	0.9906	0.9864	1.2981	0	0.9878	0.9876	0.9898	0.9888	0.9887	0.9885	0.9943	1.2431	0.9878	0.9877	1.0301	1.0301	0.989	0.9867	0.9905	0.9862	0.9878	0.9879
  R	0.988	1.4462	0.9874	0.99	0.9892	0.9873	0.9896	0.9898	0.9885	0.9893	0.9878	0.9887	0.9869	0.9911	0.9872	0.9918	0.9878	0	0.9892	0.9898	0.9892	0.9908	0.9898	0.9873	0.9968	0.9885	1.104	0.9881	0.9881	0.9908	0.9878	0.9914	0.987	0.9885	1.1386
  S	0.9871	1.0971	0.9872	0.9928	0.9889	0.9871	0.9893	0.9929	0.9882	1.3995	0.9875	0.9886	0.9867	0.9927	0.987	0.9919	0.9876	0.9892	0	0.9896	0.989	1.2084	0.9988	0.987	1.0057	0.9883	0.9887	0.9879	0.9879	1.0165	0.9875	1.0024	0.9867	0.9883	0.9889
  T	0.9879	0.9955	0.9883	0.9916	0.989	0.9882	0.9898	0.9915	0.9898	0.9898	0.9887	0.9905	0.9878	0.9989	0.9896	1.3364	0.9898	0.9898	0.9896	0	1.0324	0.9907	0.9908	0.9889	1.1308	1.0053	0.9897	0.9899	0.9899	0.9911	0.9887	0.9961	0.9887	1.0053	0.9899
  U	0.9872	0.9949	0.9877	0.9914	0.9883	0.9876	0.9892	0.9914	0.9895	0.9892	0.9881	0.9905	0.9872	1.0032	0.9897	1.1163	0.9888	0.9892	0.989	1.0324	0	0.9902	0.9905	0.9881	1.2178	1.1916	0.989	0.9888	0.9888	0.9907	0.988	0.9983	0.9876	1.1916	0.9892
  V	0.9886	1.2727	0.9884	1.001	0.9917	0.9883	0.9916	1.0018	0.9894	1.2084	0.9885	0.9897	0.9876	0.9953	0.9883	0.9935	0.9887	0.9908	1.2084	0.9907	0.9902	0	1.0198	0.9882	1.0268	0.9894	0.99	0.9889	0.9889	1.0728	0.9885	1.0272	0.9877	0.9894	0.9902
  W	0.9878	1.0654	0.9886	1.0314	0.9894	0.9889	0.9924	1.0352	0.9895	0.9989	0.9882	0.9901	0.9873	0.9989	0.9888	0.995	0.9885	0.9898	0.9988	0.9908	0.9905	1.0198	0	0.988	1.1062	0.9893	0.9894	0.9886	0.9886	1.0673	0.9882	1.4355	0.9874	0.9893	0.9896
  X	0.9853	0.9926	0.9858	0.9885	0.9864	0.9856	0.9871	0.9884	0.9872	0.9873	0.9862	0.9876	0.9854	0.99	0.9857	1.0832	0.9943	0.9873	0.987	0.9889	0.9881	0.9882	0.988	0	1.4621	0.9872	0.9871	0.9879	0.9879	0.9885	0.9861	0.9901	0.9854	0.9872	0.9873
  Y	0.9949	1.0721	0.9987	1.1698	0.9964	1.0012	1.01	1.1905	1.0899	1.007	0.996	1.1588	0.9952	1.8116	1.4806	2.7987	1.2431	0.9968	1.0057	1.1308	1.2178	1.0268	1.1062	1.4621	0	1.0874	0.9964	1.0482	1.0482	1.0741	0.996	1.3078	0.9953	1.0874	0.9966
  Z	0.9866	0.9939	0.987	0.9899	0.9877	0.9869	0.9884	0.9898	0.9884	0.9885	0.9874	0.989	0.9866	0.9956	0.9877	1.0418	0.9878	0.9885	0.9883	1.0053	1.1916	0.9894	0.9893	0.9872	1.0874	0	0.9884	0.988	0.988	0.9897	0.9874	0.9935	0.9868	1.4023	0.9886
  [	0.9873	1.1007	0.9873	0.9897	0.9885	0.9871	0.9891	0.9895	0.9883	0.9889	0.9876	0.9886	0.9868	0.9909	0.987	0.9917	0.9877	1.104	0.9887	0.9897	0.989	0.99	0.9894	0.9871	0.9964	0.9884	0	0.988	0.988	0.9901	0.9876	0.991	0.9868	0.9884	1.4346
  \	0.9862	0.9933	0.9866	0.9891	0.9873	0.9865	0.988	0.9889	0.9878	0.9881	0.987	0.9881	0.9862	0.9906	0.9866	1.2329	1.0301	0.9881	0.9879	0.9899	0.9888	0.9889	0.9886	0.9879	1.0482	0.988	0.988	0	1.3691	0.9891	0.987	0.9904	0.9866	0.988	0.9882
  ]	0.9862	0.9933	0.9866	0.9891	0.9873	0.9865	0.988	0.9889	0.9878	0.9881	0.987	0.9881	0.9862	0.9906	0.9866	1.2329	1.0301	0.9881	0.9879	0.9899	0.9888	0.9889	0.9886	0.9879	1.0482	0.988	0.988	1.3691	0	0.9891	0.987	0.9904	0.9866	0.988	0.9882
  ^	0.9887	1.192	0.9888	1.0175	0.991	0.989	0.9925	1.0199	0.9897	1.0165	0.9887	0.9902	0.9878	0.9978	0.9889	0.9949	0.989	0.9908	1.0165	0.9911	0.9907	1.0728	1.0673	0.9885	1.0741	0.9897	0.9901	0.9891	0.9891	0	0.9887	1.084	0.9878	0.9897	0.9903
  _	0.9859	0.9927	0.9863	0.9886	0.9869	0.9861	0.9876	0.9884	0.9881	0.9953	1.3204	0.9891	0.9867	1.2907	0.9861	0.9906	0.9867	0.9878	0.9875	0.9887	0.988	0.9885	0.9882	0.9861	0.996	0.9874	0.9876	0.987	0.987	0.9887	0	0.9903	0.9859	0.9874	0.9878
  `	0.9895	1.0796	0.9905	1.0441	0.9911	0.991	0.995	1.049	1.0224	1.0034	0.9903	1.0494	0.9897	1.4223	0.9988	1.0058	0.9905	0.9914	1.0024	0.9961	0.9983	1.0272	1.4355	0.9901	1.3078	0.9935	0.991	0.9904	0.9904	1.084	0.9903	0	0.989	0.9935	0.9912
  a	0.9851	0.9919	0.9855	0.9878	0.9862	0.9853	0.9867	0.9876	0.9866	0.987	0.9859	0.9869	0.9851	0.9889	0.9853	1.493	0.9862	0.987	0.9867	0.9887	0.9876	0.9877	0.9874	0.9854	0.9953	0.9868	0.9868	0.9866	0.9866	0.9878	0.9859	0.989	0	0.9868	0.987
  b	0.9866	0.9939	0.987	0.9899	0.9877	0.9869	0.9884	0.9898	0.9884	0.9885	0.9874	0.989	0.9866	0.9956	0.9877	1.0418	0.9878	0.9885	0.9883	1.0053	1.1916	0.9894	0.9893	0.9872	1.0874	1.4023	0.9884	0.988	0.988	0.9897	0.9874	0.9935	0.9868	0	0.9886
  c	0.9875	1.1327	0.9874	0.9899	0.9887	0.9873	0.9893	0.9897	0.9885	0.9891	0.9878	0.9887	0.9869	0.9911	0.9872	0.9919	0.9879	1.1386	0.9889	0.9899	0.9892	0.9902	0.9896	0.9873	0.9966	0.9886	1.4346	0.9882	0.9882	0.9903	0.9878	0.9912	0.987	0.9886	0

Actual rates from j->i (Q_ij):
	A	B	C	D	E	F	G	H	I	J	K	L	M	N	O	P	Q	R	S	T	U	V	W	X	Y	Z	[	\	]	^	_	`	a	b	c
  A	0	0.0423	0.028	0.028	0.028	0.028	0.028	0.028	0.028	0.028	0.028	0.028	0.028	0.0281	0.028	0.0281	0.028	0.028	0.028	0.028	0.028	0.0281	0.028	0.028	0.0282	0.028	0.028	0.028	0.028	0.0281	0.028	0.0281	0.028	0.028	0.028
  B	0.0458	0	0.0305	0.0314	0.0438	0.0305	0.0385	0.0315	0.0305	0.0337	0.0305	0.0306	0.0305	0.0308	0.0305	0.0307	0.0305	0.0445	0.0337	0.0306	0.0306	0.0391	0.0327	0.0305	0.033	0.0306	0.0338	0.0305	0.0305	0.0366	0.0305	0.0332	0.0305	0.0306	0.0348
  C	0.0286	0.0288	0	0.0441	0.0287	0.0286	0.0297	0.029	0.0287	0.0287	0.0287	0.0287	0.0286	0.0287	0.0286	0.0288	0.0287	0.0287	0.0287	0.0287	0.0287	0.0287	0.0287	0.0286	0.029	0.0287	0.0287	0.0287	0.0287	0.0287	0.0287	0.0288	0.0286	0.0287	0.0287
  D	0.0287	0.0296	0.0441	0	0.0287	0.029	0.0432	0.0399	0.0287	0.0288	0.0287	0.0287	0.0286	0.0291	0.0287	0.0289	0.0287	0.0287	0.0288	0.0288	0.0288	0.029	0.0299	0.0287	0.0339	0.0287	0.0287	0.0287	0.0287	0.0295	0.0287	0.0303	0.0286	0.0287	0.0287
  E	0.028	0.0404	0.028	0.0281	0	0.028	0.0357	0.0281	0.028	0.0281	0.028	0.028	0.028	0.0281	0.028	0.0281	0.028	0.0281	0.028	0.0281	0.028	0.0281	0.0281	0.028	0.0283	0.028	0.028	0.028	0.028	0.0281	0.028	0.0281	0.028	0.028	0.028
  F	0.0286	0.0288	0.0286	0.029	0.0286	0	0.029	0.0437	0.0286	0.0286	0.0286	0.0286	0.0286	0.0287	0.0286	0.0287	0.0286	0.0286	0.0286	0.0287	0.0286	0.0287	0.0287	0.0286	0.029	0.0286	0.0286	0.0286	0.0286	0.0287	0.0286	0.0287	0.0286	0.0286	0.0286
  G	0.0301	0.0382	0.0312	0.0454	0.0383	0.0305	0	0.0459	0.0301	0.0302	0.0301	0.0301	0.0301	0.0302	0.0301	0.0302	0.0301	0.0302	0.0301	0.0302	0.0301	0.0302	0.0302	0.0301	0.0308	0.0301	0.0301	0.0301	0.0301	0.0302	0.0301	0.0303	0.0301	0.0301	0.0302
  H	0.0286	0.0296	0.0289	0.0398	0.0286	0.0436	0.0436	0	0.0287	0.0287	0.0286	0.0287	0.0286	0.029	0.0287	0.0289	0.0286	0.0287	0.0287	0.0287	0.0287	0.029	0.03	0.0286	0.0345	0.0287	0.0286	0.0286	0.0286	0.0295	0.0286	0.0304	0.0286	0.0287	0.0286
  I	0.0272	0.0274	0.0273	0.0273	0.0273	0.0273	0.0273	0.0273	0	0.0274	0.0273	0.0395	0.0276	0.0433	0.0273	0.0274	0.0273	0.0273	0.0273	0.0273	0.0273	0.0273	0.0273	0.0273	0.0301	0.0273	0.0273	0.0273	0.0273	0.0273	0.0273	0.0282	0.0272	0.0273	0.0273
  J	0.0268	0.0297	0.0268	0.0269	0.0268	0.0267	0.0268	0.0269	0.0268	0	0.027	0.0273	0.0268	0.0555	0.0267	0.0269	0.0268	0.0268	0.0379	0.0268	0.0268	0.0327	0.0271	0.0267	0.0273	0.0268	0.0268	0.0268	0.0268	0.0275	0.027	0.0272	0.0267	0.0268	0.0268
  K	0.0276	0.0278	0.0276	0.0277	0.0277	0.0276	0.0277	0.0277	0.0277	0.0279	0	0.0277	0.0276	0.0373	0.0276	0.0278	0.0276	0.0277	0.0277	0.0277	0.0277	0.0277	0.0277	0.0276	0.0279	0.0277	0.0277	0.0277	0.0277	0.0277	0.037	0.0277	0.0276	0.0277	0.0277
  L	0.0253	0.0255	0.0253	0.0254	0.0253	0.0253	0.0253	0.0254	0.0366	0.0258	0.0253	0	0.0253	0.0704	0.0253	0.0255	0.0253	0.0253	0.0253	0.0254	0.0254	0.0254	0.0254	0.0253	0.0297	0.0253	0.0253	0.0253	0.0253	0.0254	0.0253	0.0269	0.0253	0.0253	0.0253
  M	0.026	0.0262	0.026	0.0261	0.026	0.026	0.0261	0.0261	0.0264	0.0261	0.0261	0.0261	0	0.053	0.026	0.0261	0.026	0.0261	0.0261	0.0261	0.0261	0.0261	0.0261	0.026	0.0263	0.0261	0.0261	0.026	0.026	0.0261	0.0261	0.0261	0.026	0.0261	0.0261
  N	0.0307	0.0311	0.0307	0.0311	0.0307	0.0307	0.0308	0.0311	0.0487	0.0636	0.0413	0.0854	0.0623	0	0.0312	0.0314	0.0308	0.0308	0.0308	0.031	0.0311	0.0309	0.031	0.0307	0.0562	0.0309	0.0308	0.0308	0.0308	0.031	0.0401	0.0442	0.0307	0.0309	0.0308
  O	0.0281	0.0284	0.0282	0.0283	0.0282	0.0282	0.0282	0.0283	0.0282	0.0282	0.0282	0.0283	0.0282	0.0287	0	0.0284	0.0282	0.0282	0.0282	0.0283	0.0283	0.0282	0.0282	0.0282	0.0423	0.0282	0.0282	0.0282	0.0282	0.0283	0.0282	0.0285	0.0281	0.0282	0.0282
  P	0.0283	0.0286	0.0283	0.0285	0.0283	0.0283	0.0284	0.0285	0.0284	0.0284	0.0283	0.0285	0.0283	0.029	0.0285	0	0.0371	0.0284	0.0284	0.0382	0.0319	0.0284	0.0285	0.031	0.0801	0.0298	0.0284	0.0353	0.0353	0.0285	0.0283	0.0288	0.0427	0.0298	0.0284
  Q	0.028	0.0282	0.028	0.0281	0.0281	0.028	0.0281	0.0281	0.0281	0.0281	0.028	0.0281	0.028	0.0282	0.028	0.0369	0	0.0281	0.0281	0.0281	0.0281	0.0281	0.0281	0.0283	0.0353	0.0281	0.0281	0.0293	0.0293	0.0281	0.028	0.0281	0.028	0.0281	0.0281
  R	0.0282	0.0412	0.0281	0.0282	0.0282	0.0281	0.0282	0.0282	0.0282	0.0282	0.0281	0.0282	0.0281	0.0282	0.0281	0.0283	0.0281	0	0.0282	0.0282	0.0282	0.0282	0.0282	0.0281	0.0284	0.0282	0.0315	0.0282	0.0282	0.0282	0.0281	0.0282	0.0281	0.0282	0.0324
  S	0.0286	0.0318	0.0286	0.0288	0.0286	0.0286	0.0287	0.0288	0.0286	0.0405	0.0286	0.0286	0.0286	0.0288	0.0286	0.0287	0.0286	0.0287	0	0.0287	0.0286	0.035	0.0289	0.0286	0.0291	0.0286	0.0286	0.0286	0.0286	0.0294	0.0286	0.029	0.0286	0.0286	0.0286
  T	0.0286	0.0288	0.0286	0.0287	0.0286	0.0286	0.0286	0.0287	0.0286	0.0286	0.0286	0.0286	0.0286	0.0289	0.0286	0.0386	0.0286	0.0286	0.0286	0	0.0298	0.0286	0.0286	0.0286	0.0327	0.0291	0.0286	0.0286	0.0286	0.0287	0.0286	0.0288	0.0286	0.0291	0.0286
  U	0.0284	0.0286	0.0284	0.0285	0.0284	0.0284	0.0284	0.0285	0.0285	0.0284	0.0284	0.0285	0.0284	0.0289	0.0285	0.0321	0.0284	0.0284	0.0284	0.0297	0	0.0285	0.0285	0.0284	0.035	0.0343	0.0284	0.0284	0.0284	0.0285	0.0284	0.0287	0.0284	0.0343	0.0284
  V	0.0283	0.0365	0.0283	0.0287	0.0284	0.0283	0.0284	0.0287	0.0284	0.0346	0.0283	0.0284	0.0283	0.0285	0.0283	0.0285	0.0283	0.0284	0.0346	0.0284	0.0284	0	0.0292	0.0283	0.0294	0.0284	0.0284	0.0283	0.0283	0.0308	0.0283	0.0294	0.0283	0.0284	0.0284
  W	0.0286	0.0308	0.0286	0.0298	0.0286	0.0286	0.0287	0.0299	0.0286	0.0289	0.0286	0.0286	0.0285	0.0289	0.0286	0.0288	0.0286	0.0286	0.0289	0.0286	0.0286	0.0295	0	0.0286	0.032	0.0286	0.0286	0.0286	0.0286	0.0309	0.0286	0.0415	0.0285	0.0286	0.0286
  X	0.0282	0.0284	0.0282	0.0283	0.0283	0.0282	0.0283	0.0283	0.0283	0.0283	0.0283	0.0283	0.0282	0.0284	0.0282	0.031	0.0285	0.0283	0.0283	0.0283	0.0283	0.0283	0.0283	0	0.0419	0.0283	0.0283	0.0283	0.0283	0.0283	0.0283	0.0284	0.0282	0.0283	0.0283
  Y	0.0257	0.0277	0.0258	0.0302	0.0257	0.0259	0.0261	0.0307	0.0281	0.026	0.0257	0.0299	0.0257	0.0468	0.0382	0.0723	0.0321	0.0257	0.026	0.0292	0.0315	0.0265	0.0286	0.0378	0	0.0281	0.0257	0.0271	0.0271	0.0277	0.0257	0.0338	0.0257	0.0281	0.0257
  Z	0.0287	0.0289	0.0287	0.0288	0.0288	0.0287	0.0288	0.0288	0.0288	0.0288	0.0288	0.0288	0.0287	0.029	0.0288	0.0303	0.0288	0.0288	0.0288	0.0293	0.0347	0.0288	0.0288	0.0288	0.0317	0	0.0288	0.0288	0.0288	0.0288	0.0288	0.0289	0.0287	0.0408	0.0288
  [	0.0288	0.0321	0.0288	0.0289	0.0288	0.0288	0.0288	0.0289	0.0288	0.0288	0.0288	0.0288	0.0288	0.0289	0.0288	0.0289	0.0288	0.0322	0.0288	0.0289	0.0288	0.0289	0.0289	0.0288	0.0291	0.0288	0	0.0288	0.0288	0.0289	0.0288	0.0289	0.0288	0.0288	0.0418
  \	0.0285	0.0287	0.0285	0.0285	0.0285	0.0285	0.0285	0.0285	0.0285	0.0285	0.0285	0.0285	0.0285	0.0286	0.0285	0.0356	0.0297	0.0285	0.0285	0.0286	0.0285	0.0285	0.0285	0.0285	0.0302	0.0285	0.0285	0	0.0395	0.0285	0.0285	0.0286	0.0285	0.0285	0.0285
  ]	0.0285	0.0287	0.0285	0.0285	0.0285	0.0285	0.0285	0.0285	0.0285	0.0285	0.0285	0.0285	0.0285	0.0286	0.0285	0.0356	0.0297	0.0285	0.0285	0.0286	0.0285	0.0285	0.0285	0.0285	0.0302	0.0285	0.0285	0.0395	0	0.0285	0.0285	0.0286	0.0285	0.0285	0.0285
  ^	0.0285	0.0343	0.0285	0.0293	0.0285	0.0285	0.0286	0.0294	0.0285	0.0293	0.0285	0.0285	0.0284	0.0287	0.0285	0.0287	0.0285	0.0285	0.0293	0.0285	0.0285	0.0309	0.0307	0.0285	0.0309	0.0285	0.0285	0.0285	0.0285	0	0.0285	0.0312	0.0285	0.0285	0.0285
  _	0.0278	0.028	0.0278	0.0278	0.0278	0.0278	0.0278	0.0278	0.0278	0.028	0.0372	0.0279	0.0278	0.0364	0.0278	0.0279	0.0278	0.0278	0.0278	0.0279	0.0278	0.0278	0.0278	0.0278	0.0281	0.0278	0.0278	0.0278	0.0278	0.0279	0	0.0279	0.0278	0.0278	0.0278
  `	0.0276	0.0301	0.0276	0.0291	0.0276	0.0276	0.0277	0.0292	0.0285	0.0279	0.0276	0.0292	0.0276	0.0396	0.0278	0.028	0.0276	0.0276	0.0279	0.0277	0.0278	0.0286	0.04	0.0276	0.0364	0.0277	0.0276	0.0276	0.0276	0.0302	0.0276	0	0.0275	0.0277	0.0276
  a	0.028	0.0282	0.028	0.0281	0.028	0.028	0.028	0.0281	0.028	0.028	0.028	0.028	0.028	0.0281	0.028	0.0424	0.028	0.028	0.028	0.0281	0.0281	0.0281	0.028	0.028	0.0283	0.028	0.028	0.028	0.028	0.0281	0.028	0.0281	0	0.028	0.028
  b	0.0287	0.0289	0.0287	0.0288	0.0288	0.0287	0.0288	0.0288	0.0288	0.0288	0.0288	0.0288	0.0287	0.029	0.0288	0.0303	0.0288	0.0288	0.0288	0.0293	0.0347	0.0288	0.0288	0.0288	0.0317	0.0408	0.0288	0.0288	0.0288	0.0288	0.0288	0.0289	0.0287	0	0.0288
  c	0.0288	0.033	0.0288	0.0288	0.0288	0.0288	0.0288	0.0288	0.0288	0.0288	0.0288	0.0288	0.0287	0.0289	0.0288	0.0289	0.0288	0.0332	0.0288	0.0288	0.0288	0.0288	0.0288	0.0288	0.029	0.0288	0.0418	0.0288	0.0288	0.0288	0.0288	0.0289	0.0287	0.0288	0
