{
  "generated_by": {
    "program": "augur",
    "version": "13.1.0"
  },
  "models": {
    "country": {
      "alphabet": [
        "Argentina",
        "Australia",
        "Austria",
        "Azerbaijan",
        "Belgium",
        "Brazil",
        "British Virgin Islands",
        "Bulgaria",
        "Canada",
        "Central African Republic",
        "China",
        "Colombia",
        "Cyprus",
        "Czech Republic",
        "Democratic Republic of the Congo",
        "Egypt",
        "France",
        "Germany",
        "Greece",
        "Hungary",
        "India",
        "Israel",
        "Italy",
        "Kenya",
        "Madagascar",
        "Mexico",
        "Morocco",
        "Namibia",
        "Netherlands",
        "Nigeria",
        "Romania",
        "Russia",
        "Senegal",
        "Serbia",
        "Slovakia",
        "Slovenia",
        "South Africa",
        "Spain",
        "Tunisia",
        "USA",
        "Uganda",
        "Ukraine",
        "United Arab Emirates",
        "Zambia",
        "?"
      ],
      "equilibrium_probabilities": [
        0.021098977839895304,
        0.0241663067589142,
        0.02124796582403587,
        0.023189849573319623,
        0.02327980473481974,
        0.020928375910932814,
        0.020901348618302496,
        0.023552499020869432,
        0.009298508748459038,
        0.02302542083370728,
        0.023111277742556013,
        0.020923263603602676,
        0.023371013287562845,
        0.02385216647364664,
        0.02283913897501951,
        0.022899148448385188,
        0.022851411232014274,
        0.025066077274580267,
        0.024200117709790744,
        0.022720025497573362,
        0.024496567350950387,
        0.020558059766424865,
        0.024730428404502916,
        0.023177407370890007,
        0.02300094804851006,
        0.015900902495000986,
        0.02356745225447039,
        0.022818081440625724,
        0.02320271501769087,
        0.02322467267989536,
        0.022734623500262844,
        0.023716905581478518,
        0.023701829374414847,
        0.0239425943544963,
        0.02371585915604252,
        0.023560414194496976,
        0.0245793127076225,
        0.023969280681945516,
        0.023133666438935732,
        0.027143124826489184,
        0.02269677203689479,
        0.02319348717260272,
        0.0233697932231788,
        0.023342403814189942
      ],
      "rate": 49.68470688039198,
      "transition_matrix": [
        [
          0.0,
          0.9800340917919854,
          0.9709754953573198,
          0.9728314627823772,
          0.9718886475279069,
          0.9716818881597923,
          0.9717161598722368,
          0.9718561018463805,
          0.9710837943636254,
          0.9723231787529221,
          0.972028406424772,
          0.9721831175389282,
          0.9721173217487525,
          0.9718062376663825,
          0.9723218960595756,
          0.9723180701055323,
          0.9718523906133176,
          0.970826723968934,
          0.9713412645420649,
          0.9721892654957267,
          0.9814942257288568,
          1.4657796022275236,
          0.9710704124814203,
          0.9725372563046428,
          0.9741914284026523,
          0.9713358210291332,
          0.9719555482039314,
          0.9734301466909211,
          0.9717693440022586,
          0.973170849701377,
          0.9722099038678402,
          0.9743726752715266,
          0.9729352175322746,
          0.9717286256358122,
          0.9717713041270362,
          0.9718849272491209,
          0.9814624378317119,
          0.9720418952525678,
          0.9722102451821938,
          1.444951250886634,
          0.9725265858060317,
          0.9718602849904122,
          0.9721197740038571,
          0.9720449217975851
        ],
        [
          0.9800340917919854,
          0.0,
          0.9784473554391141,
          0.9868509336554271,
          0.9800628155069576,
          0.9790420641117821,
          0.9790767117709442,
          0.9801410761236857,
          0.9745097753969074,
          0.982372592434189,
          0.9806058211955159,
          0.9790347593200375,
          0.9803683062633036,
          0.9802104090916912,
          0.9803910541197669,
          0.9825574396014094,
          0.9807531370887697,
          0.9795073289955621,
          0.9797729566891339,
          0.9808573916166312,
          0.995238019580059,
          1.0560513902566973,
          0.9797306901053953,
          0.9820680660750968,
          0.9828891727045699,
          0.9769909300386751,
          0.9806955608810977,
          0.9817789493900243,
          0.9799042264612963,
          0.9848022545090637,
          0.9812712910409455,
          1.0027811583708817,
          0.9833610892851307,
          0.9801595490572192,
          0.9801032320161367,
          0.980164096093261,
          0.9939112132917469,
          0.9815030150586498,
          0.981294688340878,
          0.9719308782778334,
          0.980591445185411,
          0.9799712325007078,
          0.9803708029976274,
          0.9802547837832456
        ],
        [
          0.9709754953573198,
          0.9784473554391141,
          0.0,
          0.9718785300347695,
          0.9711752800459317,
          0.9709412931829373,
          0.97097756225018,
          0.9715514165221357,
          0.9707175309950475,
          0.9714468176158421,
          0.9711527143632382,
          0.9709335360102879,
          0.9712814014688469,
          2.4488731074906576,
          0.9715282423978148,
          0.9714305703576859,
          0.9711160051534501,
          3.9780249311069804,
          1.1784565389529007,
          1.3495166277861845,
          0.980592717099252,
          0.978144368177864,
          1.9443088655582055,
          0.9716089625869856,
          0.9734297472684188,
          0.9707650380751142,
          0.9710887702279996,
          0.9726634088445747,
          1.4541836755855335,
          0.9721213577620761,
          0.9713632425393692,
          0.9731550197421344,
          0.9718941909677908,
          1.4595676227947059,
          2.429206244019741,
          1.4514940347227498,
          0.9808246280249362,
          0.9712185964350641,
          0.9712709789873796,
          0.9618460625762961,
          0.971754579566803,
          0.9710459020664688,
          0.9712837561565316,
          0.971213551864939
        ],
        [
          0.9728314627823772,
          0.9868509336554271,
          0.9718785300347695,
          0.0,
          0.9729533239628605,
          0.9726266993284751,
          0.9726646199980941,
          0.9729315553913493,
          0.9714599986165993,
          0.9787277709778738,
          0.973402373847642,
          0.9726181661082062,
          0.973226198501825,
          0.9728917096596782,
          0.9734008633408948,
          0.9911601140771905,
          0.973692584681974,
          0.9718648003503364,
          0.9723943606492803,
          0.9734372520500846,
          0.9889462138409199,
          1.3596762586822002,
          0.9721589351620961,
          0.9761137419677668,
          0.9754588721160543,
          0.9720352403483363,
          0.9732139104815772,
          0.974605177762302,
          0.9728195676155746,
          0.9853785967657275,
          0.9741203902000029,
          1.073990712815111,
          0.9805665383239867,
          0.9728127168435452,
          0.9728453912178621,
          0.9729619469172831,
          0.983829894242887,
          0.9748524893780788,
          0.9743539264118115,
          0.9633471936943767,
          0.9736171370246429,
          0.9729121833477906,
          0.9732292791003598,
          0.9731369944542587
        ],
        [
          0.9718886475279069,
          0.9800628155069576,
          0.9711752800459317,
          0.9729533239628605,
          0.0,
          0.9718443473302719,
          0.97188302088798,
          0.9723107426855574,
          0.9710931937396593,
          0.9724728687312159,
          0.9721650706974807,
          0.9718356353298548,
          0.9723186082144989,
          0.9719995243601581,
          0.972558833768555,
          0.972458634024849,
          0.9719492270285736,
          0.9709234926201407,
          1.349126562883632,
          0.9726549953809419,
          0.9823957725402676,
          0.9795360224140115,
          0.9711848409855917,
          0.972658648769529,
          0.9746181857901088,
          0.9714323303361962,
          0.9721033515708748,
          0.9737778432825647,
          0.9719546060747234,
          0.973216632948015,
          0.9723651148067366,
          0.9743028403091054,
          0.972993005881021,
          0.9720247732193492,
          0.971959890742387,
          1.2602384768462442,
          0.9825968149055015,
          0.9721842405004864,
          0.9722655700821898,
          0.9621340405385923,
          0.9727830748837456,
          0.9720536695969577,
          0.9723211262159707,
          0.9722428482510844
        ],
        [
          0.9716818881597923,
          0.9790420641117821,
          0.9709412931829373,
          0.9726266993284751,
          0.9718443473302719,
          0.0,
          0.9716770764637825,
          0.971811450261433,
          0.971074513539773,
          0.9721957338216897,
          0.9719169447161516,
          0.9716349804995693,
          0.9720528478153166,
          0.9717613050973364,
          0.9722740592850362,
          0.9721826775748118,
          0.971723408055987,
          0.9707877880469387,
          0.9712995058691295,
          0.9718892274259909,
          0.9811367871062339,
          0.9785829894791536,
          0.9710250662372629,
          0.9723602529796461,
          0.9741292610895274,
          0.9733574554677533,
          0.9718583447070422,
          0.9733745397077995,
          0.971725843760677,
          0.9728634771672947,
          0.972100773741197,
          0.9738431652525675,
          0.9726588607080674,
          0.9716838350547925,
          0.9717269154613631,
          0.9718401885305176,
          0.9813062431824985,
          0.971929160953466,
          0.9720072574275235,
          1.4428423235637409,
          0.9724773052957636,
          0.9718161564860994,
          0.9720551193114927,
          0.9719860457829504
        ],
        [
          0.9717161598722368,
          0.9790767117709442,
          0.97097756225018,
          0.9726646199980941,
          0.97188302088798,
          0.9716770764637825,
          0.0,
          0.9718506118364245,
          0.9712008745717595,
          0.9722337095655406,
          0.9719553046521995,
          0.9716690020111873,
          0.9720915365416906,
          0.971801001838971,
          0.9723116702596203,
          0.9722204578108267,
          0.9717615862410288,
          0.9708307259633367,
          0.971340428554267,
          0.9719269935889208,
          0.9811700580749695,
          0.97861063251565,
          0.9710672086247883,
          0.9723983350170664,
          0.974165675069389,
          0.9713314864482027,
          0.9718975213220996,
          0.9734113031808839,
          0.971764482572606,
          0.9729012626215902,
          0.9721384309822606,
          0.9738812279902587,
          0.9726976209551779,
          0.9717237872264108,
          0.9717664240576884,
          0.9718793444607194,
          0.9813396832294765,
          0.971969026428117,
          0.9720455702596921,
          1.4445838001639506,
          0.972514529540058,
          0.9718547404993872,
          0.9720938036213491,
          0.9720247603789592
        ],
        [
          0.9718561018463805,
          0.9801410761236857,
          0.9715514165221357,
          0.9729315553913493,
          0.9723107426855574,
          0.971811450261433,
          0.9718506118364245,
          0.0,
          0.9710745729886426,
          0.9724467259134822,
          0.972132892980711,
          0.9718026343557263,
          0.9722870838222163,
          0.971962325696266,
          0.9725328589251097,
          0.9724303777597123,
          0.9719144315728588,
          0.9708730802346993,
          1.8073279024691447,
          1.0386717051950414,
          0.982505770406386,
          0.9796293724934009,
          0.971137244281847,
          0.9726327177818391,
          0.974620778740075,
          0.9714045836905569,
          0.9720687261165695,
          0.9737703607957716,
          0.9719186515266006,
          0.9731987496503048,
          0.9723368006294113,
          0.9743089220392519,
          0.9729706892448835,
          1.2473043648668476,
          0.9719228184023294,
          0.9722820338632618,
          0.9827278841930056,
          0.9721509037434966,
          0.9722414309041771,
          0.9619780402167014,
          0.972763662244801,
          0.9720196374501545,
          0.9722896354888311,
          0.9722108085134956
        ],
        [
          0.9710837943636254,
          0.9745097753969074,
          0.9707175309950475,
          0.9714599986165993,
          0.9710931937396593,
          0.971074513539773,
          0.9712008745717595,
          0.9710745729886426,
          0.0,
          0.9712603555585537,
          0.9711310747827973,
          0.9710655500250965,
          0.9711889783887244,
          0.9710472308041157,
          0.9712980806309411,
          0.9712556883508009,
          0.9710494337906311,
          0.9705992681710963,
          0.9708398392593984,
          0.9711268623933424,
          0.9754108793729338,
          0.9743277278805829,
          0.9707114454164432,
          0.9713319240861027,
          0.9721539554378085,
          0.9710088192132126,
          0.971097071040762,
          0.9718095968944831,
          0.9710398333375163,
          0.9715687360337245,
          0.9712230484463292,
          0.972027040052583,
          0.9714669972344548,
          0.9710116836627902,
          0.9710336975147461,
          0.9710877563033373,
          0.9754610933293874,
          0.9711278184386776,
          0.9711747183863969,
          11.392234218561825,
          0.9713935853023568,
          0.9710823759964662,
          0.9711900160153298,
          0.9711591059791929
        ],
        [
          0.9723231787529221,
          0.982372592434189,
          0.9714468176158421,
          0.9787277709778738,
          0.9724728687312159,
          0.9721957338216897,
          0.9722337095655406,
          0.9724467259134822,
          0.9712603555585537,
          0.0,
          0.9750224019082525,
          0.9721871532937493,
          0.9728141877000436,
          0.9723992219146954,
          0.9731064157539908,
          0.9744933161276942,
          0.9764129093815246,
          0.9713559761239862,
          0.9719190631635256,
          0.9758274285564151,
          0.9881457288075549,
          1.3367855562396471,
          0.9717769136444893,
          0.9863766737651063,
          0.9758597190368802,
          0.9717047639521635,
          0.973316139531501,
          0.974782588763223,
          0.9723429916297361,
          0.9905072124283734,
          0.9766609263848747,
          1.092331322200037,
          0.9851238634303389,
          0.9723330214606736,
          0.972357228746308,
          0.9724752935461771,
          1.471839077503927,
          0.9860184334815605,
          0.9836908911466031,
          0.962795376978238,
          0.9735014794767685,
          0.9725022963383605,
          0.9728196977185175,
          0.9728105327266358
        ],
        [
          0.972028406424772,
          0.9806058211955159,
          0.9711527143632382,
          0.973402373847642,
          0.9721650706974807,
          0.9719169447161516,
          0.9719553046521995,
          0.972132892980711,
          0.9711310747827973,
          0.9750224019082525,
          0.0,
          0.9719083205712854,
          0.972407277413831,
          0.9720811198573345,
          0.9726314124444013,
          0.972839507517687,
          0.9723420895508121,
          0.9710176102405549,
          0.9715789788393681,
          0.9731784173262155,
          1.053032958522209,
          1.0417578198908632,
          0.9712889187215589,
          0.9735793214728521,
          0.9746672286852532,
          0.9714904605189877,
          0.9722810401954202,
          0.9738322683849063,
          0.9720344225086023,
          0.9743227090892131,
          0.9729803708544458,
          1.405820602009649,
          0.9738674641574634,
          0.9720013235531331,
          0.9720412739992734,
          0.9721635102049264,
          0.9829003650152678,
          0.9729495829939495,
          0.9753935448027433,
          0.9623786257204061,
          0.9728539371010166,
          0.9721315415430273,
          0.9724099787021099,
          0.9723285028166513
        ],
        [
          0.9721831175389282,
          0.9790347593200375,
          0.9709335360102879,
          0.9726181661082062,
          0.9718356353298548,
          0.9716349804995693,
          0.9716690020111873,
          0.9718026343557263,
          0.9710655500250965,
          0.9721871532937493,
          0.9719083205712854,
          0.0,
          0.9720441461131328,
          0.9717523635676457,
          0.9722656010957107,
          0.9721741693105457,
          0.97171495387179,
          0.9707786577275125,
          0.971290608295517,
          0.9718807828807382,
          0.9811295863957024,
          0.9785764267804841,
          0.9710160500411003,
          0.972351586227015,
          0.9741210638742127,
          0.9713018767689362,
          0.971849544338637,
          0.9733663325015378,
          0.9717171513114313,
          0.972854924245982,
          0.972092378132249,
          0.9738347587383278,
          0.9726500969891027,
          0.9716748811296526,
          0.9717180334782616,
          0.971831374764295,
          0.9812988971847892,
          0.971920273692419,
          0.9719986251354915,
          1.4448046459615593,
          0.9724689264390132,
          0.9718074997572251,
          0.9720464177596863,
          0.97197735916204
        ],
        [
          0.9721173217487525,
          0.9803683062633036,
          0.9712814014688469,
          0.973226198501825,
          0.9723186082144989,
          0.9720528478153166,
          0.9720915365416906,
          0.9722870838222163,
          0.9711889783887244,
          0.9728141877000436,
          0.972407277413831,
          0.9720441461131328,
          0.0,
          0.9722370363358437,
          0.9727845074323018,
          0.9727062022194213,
          0.9736610984219612,
          0.9711685262147702,
          0.9717243914764944,
          0.9723807088922498,
          0.9827173989270698,
          0.9952012426850492,
          0.9714764767621149,
          1.3711873175467593,
          0.9748541201637324,
          0.9715917722301722,
          0.9727118174792382,
          0.9740052018357933,
          0.9721852611625483,
          0.9735483466801057,
          0.9730136543366622,
          0.9773705315497915,
          0.9880622408066388,
          0.9721515514051822,
          0.9721955750107499,
          0.9723188604254099,
          0.9829207874027505,
          0.9726204928550048,
          0.972538606669017,
          0.96237694190192,
          0.973012301981083,
          0.972282414915856,
          1.0856054318388233,
          0.9788078120370658
        ],
        [
          0.9718062376663825,
          0.9802104090916912,
          2.4488731074906576,
          0.9728917096596782,
          0.9719995243601581,
          0.9717613050973364,
          0.971801001838971,
          0.971962325696266,
          0.9710472308041157,
          0.9723992219146954,
          0.9720811198573345,
          0.9717523635676457,
          0.9722370363358437,
          0.0,
          0.9724887053168602,
          0.9723842890706903,
          0.9718613247542238,
          1.4693602481922985,
          0.9714596198743788,
          0.9721485494692951,
          0.9826093189741302,
          0.9796774887239587,
          0.9710893327926641,
          0.9725873684830323,
          0.9746074917644846,
          0.971363164221527,
          0.9720152019835038,
          0.9737453776866698,
          0.9741030116831921,
          0.9731619148657017,
          0.9722907479721197,
          0.9742822351381693,
          0.9729291320464452,
          0.9718270401740666,
          0.9740767237044613,
          0.9778860125221314,
          0.98281146064175,
          0.9720972029410253,
          0.9721840881137005,
          0.9617897863456936,
          0.9727207376009843,
          0.9719664235769767,
          0.9722396257114049,
          0.9721606098623943
        ],
        [
          0.9723218960595756,
          0.9803910541197669,
          0.9715282423978148,
          0.9734008633408948,
          0.972558833768555,
          0.9722740592850362,
          0.9723116702596203,
          0.9725328589251097,
          0.9712980806309411,
          0.9731064157539908,
          0.9726314124444013,
          0.9722656010957107,
          0.9727845074323018,
          0.9724887053168602,
          0.0,
          0.9729128675498953,
          0.9724174761852188,
          0.9714588775117762,
          0.9719954281036234,
          0.9734759571841655,
          0.9830495588390697,
          0.9798102994805729,
          0.9717119590602304,
          0.9731152990134109,
          0.9917496087725958,
          0.9717666641065608,
          0.9725796869301694,
          0.9766979763585476,
          0.9724294713144366,
          0.9736541373460846,
          0.9736560295260537,
          0.9755897949062495,
          0.9734475250208398,
          0.9724108429689698,
          0.9724460860487205,
          0.9725625732815497,
          1.4636182544750405,
          0.9726670750744928,
          0.9727297952119688,
          0.962866507301722,
          0.9904396119167995,
          0.9735417678004961,
          0.9727869402233795,
          0.9729231885438202
        ],
        [
          0.9723180701055323,
          0.9825574396014094,
          0.9714305703576859,
          0.9911601140771905,
          0.972458634024849,
          0.9721826775748118,
          0.9722204578108267,
          0.9724303777597123,
          0.9712556883508009,
          0.9744933161276942,
          0.972839507517687,
          0.9721741693105457,
          0.9727062022194213,
          0.9723842890706903,
          0.9729128675498953,
          0.0,
          0.9726632552334539,
          0.971345987135271,
          0.9718844501098117,
          0.9727154224136803,
          1.3088251326074574,
          1.3006369746920339,
          0.9716139058556144,
          0.9739029964317634,
          0.9749351986333213,
          0.9716960833191212,
          0.9725988090854882,
          0.9741018205562402,
          0.9723283466956302,
          0.976970931146965,
          0.9732260209234678,
          1.2258318736130558,
          0.9754337024071045,
          0.9723022336869173,
          0.9723424117126446,
          0.9724610044095386,
          0.9831160001301303,
          0.9731854602829075,
          0.9731259939791612,
          0.9628292591554347,
          0.9731301006819935,
          0.9724226493550551,
          0.9727089173080778,
          0.9726246921449403
        ],
        [
          0.9718523906133176,
          0.9807531370887697,
          0.9711160051534501,
          0.973692584681974,
          0.9719492270285736,
          0.971723408055987,
          0.9717615862410288,
          0.9719144315728588,
          0.9710494337906311,
          0.9764129093815246,
          0.9723420895508121,
          0.97171495387179,
          0.9736610984219612,
          0.9718613247542238,
          0.9724174761852188,
          0.9726632552334539,
          0.0,
          0.9708850602607031,
          0.9713581944698307,
          0.9723953963669492,
          0.9829621929615341,
          1.3900687922273463,
          2.513042707604657,
          1.0867997495892714,
          0.9744534974703601,
          0.971346323225922,
          1.8274530655758834,
          0.9736215133619998,
          0.9718197554262901,
          0.975777110466189,
          0.9882913553246611,
          1.032154885398838,
          0.9801713864016992,
          0.9717778909781231,
          0.971823650842624,
          0.9719455791753211,
          0.982498870228967,
          1.874510477137626,
          0.9732564498436874,
          0.9622591326650868,
          0.9726400478594615,
          0.9719163417035155,
          0.9736984895982297,
          0.9730052659499665
        ],
        [
          0.970826723968934,
          0.9795073289955621,
          3.9780249311069804,
          0.9718648003503364,
          0.9709234926201407,
          0.9707877880469387,
          0.9708307259633367,
          0.9708730802346993,
          0.9705992681710963,
          0.9713559761239862,
          0.9710176102405549,
          0.9707786577275125,
          0.9711685262147702,
          1.4693602481922985,
          0.9714588775117762,
          0.971345987135271,
          0.9708850602607031,
          0.0,
          0.9705659748813622,
          0.9715951780712215,
          0.9820124381243793,
          0.9791235428457984,
          1.4556348828775274,
          0.9715474599501529,
          0.9736744816705356,
          0.970612508183606,
          0.9709343236723319,
          0.9727787388949213,
          0.9735211379304998,
          0.9721456817782049,
          0.9712605555847104,
          0.9733012341869907,
          0.9718783426535418,
          0.9712470430396263,
          0.9711480041012343,
          0.9713030502754565,
          0.982214281207247,
          0.9710402051898153,
          0.9711247785996331,
          0.9600427247894555,
          0.9717088991257876,
          0.9708936136092612,
          0.9711712990520043,
          0.9710898662774553
        ],
        [
          0.9713412645420649,
          0.9797729566891339,
          1.1784565389529007,
          0.9723943606492803,
          1.349126562883632,
          0.9712995058691295,
          0.971340428554267,
          1.8073279024691447,
          0.9708398392593984,
          0.9719190631635256,
          0.9715789788393681,
          0.971290608295517,
          0.9717243914764944,
          0.9714596198743788,
          0.9719954281036234,
          0.9718844501098117,
          0.9713581944698307,
          0.9705659748813622,
          0.0,
          1.9649648325281976,
          0.9821968932023123,
          0.9794557124749497,
          0.9705634001280214,
          0.9720915639585587,
          0.9741349855452429,
          0.9710101578721914,
          0.9714960977347649,
          0.9732709681138734,
          0.971376604251581,
          0.9726737853678985,
          0.9717938746881692,
          0.9738903886074944,
          0.9724247742027025,
          1.7445062178621513,
          0.971419785908034,
          1.3163338077610418,
          0.9825389397125892,
          0.9715768896794361,
          0.9717530198738338,
          0.9610508747205417,
          0.9722735385644001,
          0.9714583217538958,
          0.9717270406634105,
          0.9716465892290275
        ],
        [
          0.9721892654957267,
          0.9808573916166312,
          1.3495166277861845,
          0.9734372520500846,
          0.9726549953809419,
          0.9718892274259909,
          0.9719269935889208,
          1.0386717051950414,
          0.9711268623933424,
          0.9758274285564151,
          0.9731784173262155,
          0.9718807828807382,
          0.9723807088922498,
          0.9721485494692951,
          0.9734759571841655,
          0.9727154224136803,
          0.9723953963669492,
          0.9715951780712215,
          1.9649648325281976,
          0.0,
          0.984346608832314,
          1.4647378937450852,
          0.9713418509191236,
          0.9737842857290158,
          0.9756932755313557,
          0.9714741789832483,
          0.9722749444359479,
          0.9769643732415522,
          0.9720345685809877,
          0.9746514765201498,
          0.973005719114928,
          1.0018893928560624,
          0.9741296579764651,
          1.6104666837024584,
          0.9721055884969736,
          0.9726310106763986,
          1.4640520429604331,
          0.9731094019318063,
          0.990571655555656,
          0.9629635700076615,
          0.9850572232986402,
          0.972736429085887,
          0.9723835060401252,
          0.9724490667497547
        ],
        [
          0.9814942257288568,
          0.995238019580059,
          0.980592717099252,
          0.9889462138409199,
          0.9823957725402676,
          0.9811367871062339,
          0.9811700580749695,
          0.982505770406386,
          0.9754108793729338,
          0.9881457288075549,
          1.053032958522209,
          0.9811295863957024,
          0.9827173989270698,
          0.9826093189741302,
          0.9830495588390697,
          1.3088251326074574,
          0.9829621929615341,
          0.9820124381243793,
          0.9821968932023123,
          0.984346608832314,
          0.0,
          1.2273438823533163,
          0.9821965471460867,
          0.9850248206254822,
          0.9860785693175229,
          0.978574064412042,
          0.9827951049566896,
          0.9849249332777168,
          0.9822296841399977,
          0.9866989940332848,
          0.9837864801009036,
          1.508593092231532,
          0.9857892468252442,
          0.9825701384431755,
          0.9824839043305227,
          0.98252672903222,
          1.0019289676333758,
          0.9846132005054365,
          0.9885137477765312,
          0.9737701723029182,
          0.9834103408911471,
          0.9824275649176234,
          0.9827200587977868,
          0.9828148848921603
        ],
        [
          1.4657796022275236,
          1.0560513902566973,
          0.978144368177864,
          1.3596762586822002,
          0.9795360224140115,
          0.9785829894791536,
          0.97861063251565,
          0.9796293724934009,
          0.9743277278805829,
          1.3367855562396471,
          1.0417578198908632,
          0.9785764267804841,
          0.9952012426850492,
          0.9796774887239587,
          0.9798102994805729,
          1.3006369746920339,
          1.3900687922273463,
          0.9791235428457984,
          0.9794557124749497,
          1.4647378937450852,
          1.2273438823533163,
          0.0,
          0.994500208554412,
          1.3997648364494122,
          0.9819135958923136,
          0.9766606455537874,
          1.1475711193545872,
          0.9809764590629866,
          0.9793962140018517,
          1.2586978593264606,
          1.1594274854268973,
          2.071061459757355,
          1.1911169000708264,
          0.9797154564806283,
          0.9795827283956569,
          0.9796316922336711,
          0.9921613964108273,
          1.306370647034133,
          1.3849830786882276,
          1.4566342389301703,
          0.980005331685878,
          0.9794581363424116,
          0.9954795521357499,
          0.988784735457921
        ],
        [
          0.9710704124814203,
          0.9797306901053953,
          1.9443088655582055,
          0.9721589351620961,
          0.9711848409855917,
          0.9710250662372629,
          0.9710672086247883,
          0.971137244281847,
          0.9707114454164432,
          0.9717769136444893,
          0.9712889187215589,
          0.9710160500411003,
          0.9714764767621149,
          0.9710893327926641,
          0.9717119590602304,
          0.9716139058556144,
          2.513042707604657,
          1.4556348828775274,
          0.9705634001280214,
          0.9713418509191236,
          0.9821965471460867,
          0.994500208554412,
          0.0,
          0.9758196009203688,
          0.9739031343824902,
          0.9707969639005788,
          1.0045075584304344,
          0.97301225223308,
          0.971054562119054,
          0.9725064850449064,
          1.4603720257035853,
          0.9776230077442309,
          0.9724012568310224,
          0.9709782288668889,
          0.972511240149986,
          0.9711764639599404,
          0.9830740205920271,
          1.0705645211890067,
          0.9714307196057274,
          0.9604877125073081,
          0.971962557476173,
          0.9711542980273632,
          0.9714803496100295,
          0.97137987156485
        ],
        [
          0.9725372563046428,
          0.9820680660750968,
          0.9716089625869856,
          0.9761137419677668,
          0.972658648769529,
          0.9723602529796461,
          0.9723983350170664,
          0.9726327177818391,
          0.9713319240861027,
          0.9863766737651063,
          0.9735793214728521,
          0.972351586227015,
          1.3711873175467593,
          0.9725873684830323,
          0.9731152990134109,
          0.9739029964317634,
          1.0867997495892714,
          0.9715474599501529,
          0.9720915639585587,
          0.9737842857290158,
          0.9850248206254822,
          1.3997648364494122,
          0.9758196009203688,
          0.0,
          0.97517282110789,
          0.9718283817667939,
          1.007918340104778,
          0.9743247320636309,
          0.9725255462523645,
          0.9823977485040326,
          1.0236942756803706,
          1.1047758500302103,
          1.446966268696425,
          0.9725104153534325,
          0.9725438449903347,
          0.9726632611296028,
          0.9836003891110491,
          0.9978108927804556,
          0.9763087653503655,
          0.9629732892811496,
          0.9734324716486416,
          0.9726211177072749,
          1.3740135585529158,
          1.4573745354326533
        ],
        [
          0.9741914284026523,
          0.9828891727045699,
          0.9734297472684188,
          0.9754588721160543,
          0.9746181857901088,
          0.9741292610895274,
          0.974165675069389,
          0.974620778740075,
          0.9721539554378085,
          0.9758597190368802,
          0.9746672286852532,
          0.9741210638742127,
          0.9748541201637324,
          0.9746074917644846,
          0.9917496087725958,
          0.9749351986333213,
          0.9744534974703601,
          0.9736744816705356,
          0.9741349855452429,
          0.9756932755313557,
          0.9860785693175229,
          0.9819135958923136,
          0.9739031343824902,
          0.97517282110789,
          0.0,
          0.973189927689133,
          0.9746572417067487,
          0.985804080196213,
          0.9744818903210809,
          0.9757143223041008,
          0.9755423941338767,
          0.9776866920130483,
          0.975551491405016,
          0.9745388734958907,
          0.9745480404173439,
          0.9746485085112568,
          1.3960184292603697,
          0.9747853915767072,
          0.9747726774019078,
          0.965147520165164,
          0.9868774327436695,
          0.975348744661753,
          0.9748564637341508,
          0.9755962420606775
        ],
        [
          0.9713358210291332,
          0.9769909300386751,
          0.9707650380751142,
          0.9720352403483363,
          0.9714323303361962,
          0.9733574554677533,
          0.9713314864482027,
          0.9714045836905569,
          0.9710088192132126,
          0.9717047639521635,
          0.9714904605189877,
          0.9713018767689362,
          0.9715917722301722,
          0.971363164221527,
          0.9717666641065608,
          0.9716960833191212,
          0.971346323225922,
          0.970612508183606,
          0.9710101578721914,
          0.9714741789832483,
          0.978574064412042,
          0.9766606455537874,
          0.9707969639005788,
          0.9718283817667939,
          0.973189927689133,
          0.0,
          0.9714408502580135,
          0.9726131598869389,
          0.9713422785534979,
          0.9722162765568267,
          0.9716361434130814,
          0.9729683822517332,
          0.9720544117250258,
          0.9713034837034734,
          0.9713383116489888,
          0.9714265692546504,
          0.9786883056487163,
          0.9714928066651278,
          0.9715602073484986,
          3.388744998422525,
          0.9719238482504605,
          0.9714120227570078,
          0.9715935139903579,
          0.9715410924690879
        ],
        [
          0.9719555482039314,
          0.9806955608810977,
          0.9710887702279996,
          0.9732139104815772,
          0.9721033515708748,
          0.9718583447070422,
          0.9718975213220996,
          0.9720687261165695,
          0.971097071040762,
          0.973316139531501,
          0.9722810401954202,
          0.971849544338637,
          0.9727118174792382,
          0.9720152019835038,
          0.9725796869301694,
          0.9725988090854882,
          1.8274530655758834,
          0.9709343236723319,
          0.9714960977347649,
          0.9722749444359479,
          0.9827951049566896,
          1.1475711193545872,
          1.0045075584304344,
          1.007918340104778,
          0.9746572417067487,
          0.9714408502580135,
          0.0,
          0.9738081410391551,
          0.971970184117646,
          0.9738494746656542,
          0.9761874595107578,
          0.9926839315255389,
          0.9750760930200061,
          0.9719287754785247,
          0.9719752384457815,
          0.9721007010244417,
          0.9827718201629456,
          0.993577294644849,
          0.972555531993022,
          0.9620925235719164,
          0.9728059556802077,
          0.9720696664941993,
          0.9727234135832492,
          0.9724910477553615
        ],
        [
          0.9734301466909211,
          0.9817789493900243,
          0.9726634088445747,
          0.974605177762302,
          0.9737778432825647,
          0.9733745397077995,
          0.9734113031808839,
          0.9737703607957716,
          0.9718095968944831,
          0.974782588763223,
          0.9738322683849063,
          0.9733663325015378,
          0.9740052018357933,
          0.9737453776866698,
          0.9766979763585476,
          0.9741018205562402,
          0.9736215133619998,
          0.9727787388949213,
          0.9732709681138734,
          0.9769643732415522,
          0.9849249332777168,
          0.9809764590629866,
          0.97301225223308,
          0.9743247320636309,
          0.985804080196213,
          0.9726131598869389,
          0.9738081410391551,
          0.0,
          0.9736464212000117,
          0.9748554558830308,
          0.9745505485703381,
          0.9765955999703977,
          0.9746786072061204,
          0.9736781474078772,
          0.9736927207671574,
          0.973797498670661,
          1.9475267150114222,
          0.97391677658952,
          0.9739355337085104,
          0.9642683703484268,
          0.9801344149252061,
          0.97430870495268,
          0.9740075580824251,
          0.9746673728648186
        ],
        [
          0.9717693440022586,
          0.9799042264612963,
          1.4541836755855335,
          0.9728195676155746,
          0.9719546060747234,
          0.971725843760677,
          0.971764482572606,
          0.9719186515266006,
          0.9710398333375163,
          0.9723429916297361,
          0.9720344225086023,
          0.9717171513114313,
          0.9721852611625483,
          0.9741030116831921,
          0.9724294713144366,
          0.9723283466956302,
          0.9718197554262901,
          0.9735211379304998,
          0.971376604251581,
          0.9720345685809877,
