Map from character to field name
A:	AL
B:	AR
C:	ARG/B
D:	AZ
E:	BRA/ES
F:	CA
G:	CAN/QC
H:	CO
I:	COL/ANT
J:	CT
K:	DC
L:	FL
M:	GA
N:	IA
O:	ID
P:	IL
Q:	IN
R:	ISR/D
S:	KS
T:	KY
U:	LA
V:	MA
W:	MD
X:	MEX/BCN
Y:	MEX/CHH
Z:	MEX/SON
[:	MEX/TAM
\:	MI
]:	MN
^:	MO
_:	MS
`:	MT
a:	NC
b:	ND
c:	NE
d:	NH
e:	NJ
f:	NM
g:	NV
h:	NY
i:	OH
j:	OK
k:	OR
l:	PA
m:	SD
n:	TN
o:	TX
p:	US-VI
q:	UT
r:	VA
s:	WA
t:	WI
u:	WY
v:	?


Substitution rate (mu): 81.808538

Equilibrium frequencies (pi_i):
  A: 0.0233
  B: 0.0248
  C: 0.0243
  D: 0.0133
  E: 0.0238
  F: 0.0034
  G: 0.0197
  H: 0.0036
  I: 0.0255
  J: 0.0076
  K: 0.019
  L: 0.0185
  M: 0.016
  N: 0.0263
  O: 0.0193
  P: 0.0088
  Q: 0.0244
  R: 0.026
  S: 0.0217
  T: 0.0264
  U: 0.0094
  V: 0.0267
  W: 0.0207
  X: 0.0223
  Y: 0.0243
  Z: 0.0259
  [: 0.0259
  \: 0.0205
  ]: 0.0066
  ^: 0.0168
  _: 0.0175
  `: 0.0225
  a: 0.0182
  b: 0.0246
  c: 0.0191
  d: 0.0103
  e: 0.0245
  f: 0.0232
  g: 0.0199
  h: 0.0039
  i: 0.0101
  j: 0.0228
  k: 0.0152
  l: 0.0205
  m: 0.019
  n: 0.0263
  o: 0.0076
  p: 0.0234
  q: 0.026
  r: 0.0164
  s: 0.0127
  t: 0.0179
  u: 0.0231

Symmetrized rates from j->i (W_ij):
	A	B	C	D	E	F	G	H	I	J	K	L	M	N	O	P	Q	R	S	T	U	V	W	X	Y	Z	[	\	]	^	_	`	a	b	c	d	e	f	g	h	i	j	k	l	m	n	o	p	q	r	s	t	u
  A	0	0.946	0.9446	0.9452	0.9446	1.3744	0.945	0.9287	0.9449	0.943	0.9518	0.945	0.9449	0.9446	0.9447	0.945	0.9447	0.9447	0.9447	0.9446	0.9446	0.9452	0.9461	0.9447	0.9446	0.9448	0.9447	0.9598	0.9747	0.9496	0.9451	1.086	1.0566	0.949	0.9504	0.9441	0.9461	1.2583	0.9448	1.3844	1.4249	1.3634	0.9447	0.9469	0.9467	1.1861	1.7167	0.9446	0.9449	0.9451	0.9451	2.0247	0.9446
  B	0.946	0	0.9441	0.9443	0.9441	0.988	0.9443	1.211	0.9443	0.9412	1.0356	1.4154	2.3664	0.9441	0.9442	0.9451	0.9442	0.9442	0.9442	0.9441	0.9446	0.9442	0.9504	0.9442	0.9441	0.9443	0.9443	0.9443	1.4168	1.416	0.9445	0.9453	0.9461	1.2507	0.9448	0.9437	0.9456	0.945	0.9442	0.9319	0.9514	1.2316	0.9441	0.9458	0.948	1.4133	1.027	0.9442	0.9444	0.9444	0.9445	0.966	0.9441
  C	0.9446	0.9441	0	0.9438	0.944	0.9251	0.944	0.9258	0.9441	0.9408	0.9443	0.944	0.944	0.944	0.9439	0.9439	0.944	0.944	0.9439	0.9439	0.9437	0.944	0.9447	0.944	0.944	0.9441	0.9441	0.9441	0.9426	0.9443	0.9442	0.9446	0.9443	0.9447	0.9444	0.9434	0.9445	0.9443	0.944	1.395	0.9446	0.9448	0.9439	0.9443	0.9445	0.9444	0.9421	0.944	0.9441	0.9436	0.9441	0.9445	0.944
  D	0.9452	0.9443	0.9438	0	0.9439	5.2787	0.9525	1.0075	0.9826	2.2352	0.945	0.9448	0.9451	0.9437	0.9443	0.9731	0.9442	0.9438	0.9441	0.9437	0.9449	0.9437	0.9472	0.9445	0.9438	0.944	0.9439	0.9444	1.8533	1.0349	1.2277	0.9454	0.9786	0.9447	0.9454	0.944	1.0102	0.9453	0.9442	1.8895	0.968	0.9458	0.9441	0.9446	1.8243	0.9444	6.9527	0.9438	0.9443	2.5352	1.1037	1.0383	0.9438
  E	0.9446	0.9441	0.944	0.9439	0	1.1243	0.9441	0.9266	0.9441	0.9412	0.9443	0.944	0.944	0.944	0.9439	0.9441	0.944	0.944	0.9439	0.9439	0.9437	0.944	0.9447	0.944	0.944	0.9441	0.9441	0.9441	0.9432	0.9443	0.9442	0.9446	0.9444	0.9447	0.9444	0.9434	0.9445	0.9443	0.944	1.1933	0.9447	0.9448	0.944	0.9444	0.9445	0.9444	0.9432	0.944	0.9441	0.9436	0.9442	0.9445	0.944
  F	1.3744	0.988	0.9251	5.2787	1.1243	0	1.8365	60.4207	0.9364	10.8792	2.9625	2.3932	2.4459	0.9211	1.6512	8.2516	1.143	0.9479	1.8457	0.9232	8.0419	0.921	2.2519	1.3941	0.9235	0.9222	0.9224	1.8921	25.0381	2.065	2.4837	1.456	3.0556	1.3257	2.5727	8.0916	1.4596	1.0683	2.2896	42.8206	9.0097	1.5694	3.1208	2.2847	2.9081	0.9295	20.1249	1.1415	0.9478	2.8193	4.9462	2.9909	1.3826
  G	0.945	0.9443	0.944	0.9525	0.9441	1.8365	0	0.9314	1.2467	2.4766	0.9448	0.9451	0.9445	0.944	0.9442	1.3619	0.9441	0.9441	0.9442	0.944	0.9442	0.944	0.9452	0.9446	0.9441	0.9444	1.218	0.9444	1.5662	0.9446	0.9445	0.9449	0.9449	0.9448	0.9451	0.9437	0.9448	0.945	0.9451	1.8942	0.9453	0.9451	0.9441	0.9446	1.418	0.9445	2.0072	0.944	0.9444	0.9445	0.9445	0.9449	0.944
  H	0.9287	1.211	0.9258	1.0075	0.9266	60.4207	0.9314	0	0.9252	1.581	0.9329	1.0377	3.1353	0.9243	1.6796	8.3433	0.9263	0.9248	0.9288	0.9243	5.8896	0.9241	0.9345	0.9278	0.9258	0.9247	0.9247	0.9299	1.8523	2.3408	1.3917	1.3934	0.9337	1.3124	1.0883	2.4704	0.9274	0.9286	0.9313	2.7171	1.2907	0.9297	0.9334	1.0263	0.9439	0.9248	2.0106	1.1745	0.9254	1.8858	0.9377	0.9912	0.9269
  I	0.9449	0.9443	0.9441	0.9826	0.9441	0.9364	1.2467	0.9252	0	0.9892	0.9446	0.9442	0.9443	0.9441	0.9442	0.9443	0.9442	0.9444	0.9441	0.9441	0.9439	0.9441	0.9449	0.9834	0.9441	0.9443	0.9443	0.9443	0.9439	0.9444	0.9443	0.9448	0.9446	0.9449	0.9446	0.9435	0.9447	0.9449	0.9442	0.9904	0.945	0.9452	0.944	0.9445	0.945	0.9447	2.1195	0.9441	0.9443	0.9441	0.9443	0.9448	0.9441
  J	0.943	0.9412	0.9408	2.2352	0.9412	10.8792	2.4766	1.581	0.9892	0	0.9838	0.943	0.9433	0.9404	1.9002	5.3523	0.9414	0.9465	0.9418	0.9405	0.9447	0.9404	0.9439	2.3125	1.4075	1.2435	1.219	0.951	8.4923	0.9433	0.944	1.3919	0.9436	0.9417	1.25	0.9431	1.3977	1.2489	0.9422	11.7512	0.9455	0.9426	0.9423	0.9422	1.1349	0.9408	5.7256	0.9409	0.9509	1.4565	0.9432	0.9437	0.9409
  K	0.9518	1.0356	0.9443	0.945	0.9443	2.9625	0.9448	0.9329	0.9446	0.9838	0	0.9448	0.9457	0.9444	0.9445	1.7625	0.9444	0.9444	1.1159	0.9444	0.9448	0.9444	1.2812	0.9445	0.9443	0.9445	0.9445	1.1262	1.0346	1.9758	1.4062	0.954	0.9487	0.9467	0.9454	0.9443	0.9462	0.9495	0.9445	1.0286	1.1555	1.7518	0.9445	0.9455	0.9472	0.9453	1.0382	0.9443	0.9446	1.0042	0.9448	1.9876	0.9444
  L	0.945	1.4154	0.944	0.9448	0.944	2.3932	0.9451	1.0377	0.9442	0.943	0.9448	0	0.9457	0.944	0.9441	0.9443	0.9441	0.9441	0.9441	0.944	0.9441	0.9441	0.945	0.9441	0.944	0.9441	0.9441	0.9443	0.9439	0.9446	0.9443	0.9448	0.9447	0.9448	0.9446	0.9438	0.9446	0.9445	0.9442	1.4004	0.9453	0.945	0.9441	0.9445	0.945	0.9452	1.0523	0.944	0.9442	0.9444	0.9443	1.2088	0.944
  M	0.9449	2.3664	0.944	0.9451	0.944	2.4459	0.9445	3.1353	0.9443	0.9433	0.9457	0.9457	0	0.944	0.9444	1.1325	0.9442	0.9441	0.9442	0.944	0.9935	0.9441	0.9453	0.9442	0.944	0.9441	0.9441	0.9443	0.9452	0.945	0.9444	0.9451	0.9553	1.2257	0.9448	0.9442	1.5838	0.9957	0.949	0.9485	1.4926	0.9476	0.9441	0.9448	1.5953	0.9459	1.5413	0.9441	0.9442	1.4236	1.7517	1.1235	0.9441
  N	0.9446	0.9441	0.944	0.9437	0.944	0.9211	0.944	0.9243	0.9441	0.9404	0.9444	0.944	0.944	0	0.9439	0.9439	0.944	0.944	1.4171	0.9439	0.9437	0.944	0.9447	0.944	0.944	0.9441	0.9441	0.9441	0.9424	0.9443	0.9441	0.9446	0.9444	0.9447	0.9444	0.9433	0.9446	0.9443	0.944	0.9305	0.9446	0.9448	0.9439	0.9444	0.9445	0.9444	0.9419	0.944	0.9441	0.9436	0.9441	0.9445	0.944
  O	0.9447	0.9442	0.9439	0.9443	0.9439	1.6512	0.9442	1.6796	0.9442	1.9002	0.9445	0.9441	0.9444	0.9439	0	0.9447	0.944	0.944	0.944	0.9439	0.9443	0.9439	0.9448	0.9441	0.9439	0.9442	0.9441	0.9441	0.9439	0.9445	0.9442	0.9447	1.4157	0.9448	0.9446	0.9438	0.9446	0.9445	0.9441	0.9361	1.185	0.945	0.9441	0.9445	0.9447	0.9444	1.7065	0.944	1.4152	0.9444	0.9442	0.9449	0.9439
  P	0.945	0.9451	0.9439	0.9731	0.9441	8.2516	1.3619	8.3433	0.9443	5.3523	1.7625	0.9443	1.1325	0.9439	0.9447	0	0.9441	0.944	0.9446	0.9439	1.0372	0.9439	1.1904	0.9449	0.944	0.9443	0.9445	0.9448	3.0202	0.9479	0.9447	0.9458	1.2947	0.9454	0.9456	1.0327	1.0587	0.9449	0.9444	4.9511	0.9746	0.9474	0.9442	0.9448	1.0353	0.9441	1.3413	0.9441	0.9443	0.9452	0.9445	0.9472	0.9439
  Q	0.9447	0.9442	0.944	0.9442	0.944	1.143	0.9441	0.9263	0.9442	0.9414	0.9444	0.9441	0.9442	0.944	0.944	0.9441	0	0.944	0.944	0.944	0.9439	0.944	0.9448	0.9441	0.944	0.9442	0.9441	0.9441	0.9438	0.9443	0.9442	0.9446	0.9445	0.9448	0.9445	0.9435	0.9446	0.9445	0.9441	0.9328	0.9448	0.945	0.944	0.9444	0.9447	0.9445	1.1929	0.944	0.9442	0.9438	0.9442	0.9446	0.944
  R	0.9447	0.9442	0.944	0.9438	0.944	0.9479	0.9441	0.9248	0.9444	0.9465	0.9444	0.9441	0.9441	0.944	0.944	0.944	0.944	0	0.944	0.944	0.9437	0.944	0.9448	1.3916	0.944	0.9442	0.9441	0.9441	0.9427	0.9443	0.9442	0.9446	0.9444	0.9448	0.9445	0.9434	0.9446	0.9444	0.944	0.9434	0.9447	0.9449	0.944	0.9444	0.9446	0.9445	0.9504	0.944	0.9442	0.9436	0.9442	0.9445	0.944
  S	0.9447	0.9442	0.9439	0.9441	0.9439	1.8457	0.9442	0.9288	0.9441	0.9418	1.1159	0.9441	0.9442	1.4171	0.944	0.9446	0.944	0.944	0	1.4159	0.944	0.9439	0.9452	0.944	0.9439	0.9441	0.944	1.1263	1.691	0.9447	1.4038	0.9447	0.9448	0.9448	0.9452	0.9437	0.9446	0.9443	0.9441	0.9345	0.9451	0.9451	0.9441	0.9447	0.9447	0.9444	0.9439	0.944	0.9446	0.9455	0.9443	0.9449	0.944
  T	0.9446	0.9441	0.9439	0.9437	0.9439	0.9232	0.944	0.9243	0.9441	0.9405	0.9444	0.944	0.944	0.9439	0.9439	0.9439	0.944	0.944	1.4159	0	0.9437	0.9439	0.9448	0.944	0.9439	0.9441	0.9441	0.9453	1.414	0.9443	0.9442	0.9446	0.9444	0.9447	0.9445	0.9433	0.9446	0.9443	0.944	0.9305	0.9447	0.9448	0.9439	0.9444	0.9445	0.9444	0.9419	0.9439	0.9442	0.9436	0.9441	0.9445	0.9439
  U	0.9446	0.9446	0.9437	0.9449	0.9437	8.0419	0.9442	5.8896	0.9439	0.9447	0.9448	0.9441	0.9935	0.9437	0.9443	1.0372	0.9439	0.9437	0.944	0.9437	0	0.9437	0.9451	0.9439	0.9437	0.9438	0.9437	0.9442	1.0848	0.9449	0.9442	0.9445	0.9448	0.9449	0.9549	5.4869	0.9443	1.2724	1.1413	1.0347	1.173	0.9454	0.944	0.9445	1.0011	0.9439	1.2957	0.9439	0.9439	0.9451	0.9442	0.9453	0.9437
  V	0.9452	0.9442	0.944	0.9437	0.944	0.921	0.944	0.9241	0.9441	0.9404	0.9444	0.9441	0.9441	0.944	0.9439	0.9439	0.944	0.944	0.9439	0.9439	0.9437	0	0.9449	0.944	0.944	0.9441	0.9441	0.9441	0.9424	0.9444	0.9441	0.9457	0.9446	0.9448	0.9445	0.9433	0.9447	0.9443	0.944	0.9306	0.9447	0.9449	0.9439	0.9445	0.9476	0.9446	0.9419	0.944	0.9441	0.9436	0.9441	1.8902	0.944
  W	0.9461	0.9504	0.9447	0.9472	0.9447	2.2519	0.9452	0.9345	0.9449	0.9439	1.2812	0.945	0.9453	0.9447	0.9448	1.1904	0.9448	0.9448	0.9452	0.9448	0.9451	0.9449	0	0.9448	0.9447	0.945	0.9448	0.9465	2.4113	1.4982	0.9454	1.1258	0.9917	0.9844	1.2766	0.9447	0.9462	0.9455	0.9451	0.9396	1.4592	1.2485	0.9449	0.9521	0.9999	0.9512	1.059	0.9447	0.9453	1.1091	0.9453	1.122	0.9448
  X	0.9447	0.9442	0.944	0.9445	0.944	1.3941	0.9446	0.9278	0.9834	2.3125	0.9445	0.9441	0.9442	0.944	0.9441	0.9449	0.9441	1.3916	0.944	0.944	0.9439	0.944	0.9448	0	0.944	0.9444	0.9443	0.9442	0.9449	0.9444	0.9442	0.9447	0.9445	0.9447	0.9448	0.9436	0.9446	0.9447	0.9441	1.1028	0.9449	0.945	0.9441	0.9444	0.9449	0.9444	1.312	0.944	0.9442	0.944	0.9443	0.9447	0.944
  Y	0.9446	0.9441	0.944	0.9438	0.944	0.9235	0.9441	0.9258	0.9441	1.4075	0.9443	0.944	0.944	0.944	0.9439	0.944	0.944	0.944	0.9439	0.9439	0.9437	0.944	0.9447	0.944	0	0.945	0.9441	0.9441	0.9485	0.9443	0.9442	0.9446	0.9443	0.9447	0.9453	0.9434	0.9445	0.9444	0.944	1.3956	0.9446	0.9448	0.9439	0.9443	0.9445	0.9444	0.9422	0.944	0.9441	0.9436	0.9441	0.9445	0.944
  Z	0.9448	0.9443	0.9441	0.944	0.9441	0.9222	0.9444	0.9247	0.9443	1.2435	0.9445	0.9441	0.9441	0.9441	0.9442	0.9443	0.9442	0.9442	0.9441	0.9441	0.9438	0.9441	0.945	0.9444	0.945	0	0.9443	0.9443	0.9449	0.9444	0.9443	0.945	0.9446	0.9449	1.2605	0.9434	0.9449	0.9446	0.9442	0.9314	0.9447	0.945	0.944	0.9445	0.9448	0.9446	0.9426	0.9441	0.9444	0.9439	0.9442	0.9446	0.9441
  [	0.9447	0.9443	0.9441	0.9439	0.9441	0.9224	1.218	0.9247	0.9443	1.219	0.9445	0.9441	0.9441	0.9441	0.9441	0.9445	0.9441	0.9441	0.944	0.9441	0.9437	0.9441	0.9448	0.9443	0.9441	0.9443	0	0.9442	0.9433	0.9444	0.9442	0.9447	0.9445	0.9448	0.9446	0.9434	0.9448	0.9445	0.9441	0.9315	0.9447	0.9449	0.944	0.9445	0.9447	0.9445	0.9526	0.9441	0.9443	0.9437	0.9442	0.9446	0.9441
  \	0.9598	0.9443	0.9441	0.9444	0.9441	1.8921	0.9444	0.9299	0.9443	0.951	1.1262	0.9443	0.9443	0.9441	0.9441	0.9448	0.9441	0.9441	1.1263	0.9453	0.9442	0.9441	0.9465	0.9442	0.9441	0.9443	0.9442	0	1.9039	0.9448	0.9454	0.9494	0.9449	0.9448	1.4444	0.9438	0.9447	0.9468	0.9443	1.5035	0.9455	0.9453	0.9442	0.9455	0.9451	0.9445	1.0134	0.9441	0.9461	0.9446	0.9445	0.952	0.9441
  ]	0.9747	1.4168	0.9426	1.8533	0.9432	25.0381	1.5662	1.8523	0.9439	8.4923	1.0346	0.9439	0.9452	0.9424	0.9439	3.0202	0.9438	0.9427	1.691	1.414	1.0848	0.9424	2.4113	0.9449	0.9485	0.9449	0.9433	1.9039	0	1.6412	1.2495	1.2971	2.0162	1.4245	1.4822	0.9447	0.9723	0.9692	0.9508	7.1522	1.1174	1.4099	0.9436	1.7608	1.4289	0.9436	6.9536	0.9427	1.2447	1.1626	0.9443	0.9596	0.9427
  ^	0.9496	1.416	0.9443	1.0349	0.9443	2.065	0.9446	2.3408	0.9444	0.9433	1.9758	0.9446	0.945	0.9443	0.9445	0.9479	0.9443	0.9443	0.9447	0.9443	0.9449	0.9444	1.4982	0.9444	0.9443	0.9444	0.9444	0.9448	1.6412	0	0.9449	1.249	0.9504	1.7199	0.9454	0.9445	0.9508	0.949	0.9446	0.9377	0.9522	1.4996	0.9445	0.9453	2.1423	0.9449	1.0096	0.9443	0.9445	0.9501	0.9449	1.1002	0.9444
  _	0.9451	0.9445	0.9442	1.2277	0.9442	2.4837	0.9445	1.3917	0.9443	0.944	1.4062	0.9443	0.9444	0.9441	0.9442	0.9447	0.9442	0.9442	1.4038	0.9442	0.9442	0.9441	0.9454	0.9442	0.9442	0.9443	0.9442	0.9454	1.2495	0.9449	0	0.9452	0.9451	0.9452	0.9448	0.9438	0.9448	0.9447	0.9442	1.2864	0.9457	0.9454	0.9442	1.2354	0.9453	0.9447	1.1707	0.9441	0.9444	1.4139	0.9446	0.9464	0.9441
  `	1.086	0.9453	0.9446	0.9454	0.9446	1.456	0.9449	1.3934	0.9448	1.3919	0.954	0.9448	0.9451	0.9446	0.9447	0.9458	0.9446	0.9446	0.9447	0.9446	0.9445	0.9457	1.1258	0.9447	0.9446	0.945	0.9447	0.9494	1.2971	1.249	0.9452	0	0.9959	1.4124	1.4215	0.9441	0.9465	0.9453	0.9453	1.0102	1.5371	0.9505	0.9447	1.1696	0.9524	1.1605	1.0065	0.9446	0.945	1.6674	0.9451	1.9815	0.9446
  a	1.0566	0.9461	0.9443	0.9786	0.9444	3.0556	0.9449	0.9337	0.9446	0.9436	0.9487	0.9447	0.9553	0.9444	1.4157	1.2947	0.9445	0.9444	0.9448	0.9444	0.9448	0.9446	0.9917	0.9445	0.9443	0.9446	0.9445	0.9449	2.0162	0.9504	0.9451	0.9959	0	1.6455	1.4177	0.9442	1.874	0.9457	1.3869	0.9376	2.2729	1.1828	0.9447	1.3713	3.0542	0.9454	1.4236	0.9444	0.948	1.0433	0.945	1.4576	0.9459
  b	0.949	1.2507	0.9447	0.9447	0.9447	1.3257	0.9448	1.3124	0.9449	0.9417	0.9467	0.9448	1.2257	0.9447	0.9448	0.9454	0.9448	0.9448	0.9448	0.9447	0.9449	0.9448	0.9844	0.9447	0.9447	0.9449	0.9448	0.9448	1.4245	1.7199	0.9452	1.4124	1.6455	0	0.9454	0.944	1.7643	1.8927	0.9488	0.9338	1.2204	1.1745	0.9445	0.9484	1.2063	0.9456	0.9671	0.9447	0.945	0.9594	0.9451	1.0274	0.9447
  c	0.9504	0.9448	0.9444	0.9454	0.9444	2.5727	0.9451	1.0883	0.9446	1.25	0.9454	0.9446	0.9448	0.9444	0.9446	0.9456	0.9445	0.9445	0.9452	0.9445	0.9549	0.9445	1.2766	0.9448	0.9453	1.2605	0.9446	1.4444	1.4822	0.9454	0.9448	1.4215	1.4177	0.9454	0	0.9472	0.9453	0.9451	1.4169	1.0569	0.9492	0.9459	0.9445	0.9452	1.0025	0.9449	1.2664	0.9444	1.2505	1.0943	0.9448	0.9483	0.9444
  d	0.9441	0.9437	0.9434	0.944	0.9434	8.0916	0.9437	2.4704	0.9435	0.9431	0.9443	0.9438	0.9442	0.9433	0.9438	1.0327	0.9435	0.9434	0.9437	0.9433	5.4869	0.9433	0.9447	0.9436	0.9434	0.9434	0.9434	0.9438	0.9447	0.9445	0.9438	0.9441	0.9442	0.944	0.9472	0	0.9438	0.9443	0.9442	0.9403	1.0435	0.9444	0.9438	0.944	0.9452	0.9436	1.1005	0.9435	0.9435	0.9443	0.9439	0.9445	0.9434
  e	0.9461	0.9456	0.9445	1.0102	0.9445	1.4596	0.9448	0.9274	0.9447	1.3977	0.9462	0.9446	1.5838	0.9446	0.9446	1.0587	0.9446	0.9446	0.9446	0.9446	0.9443	0.9447	0.9462	0.9446	0.9445	0.9449	0.9448	0.9447	0.9723	0.9508	0.9448	0.9465	1.874	1.7643	0.9453	0.9438	0	0.9457	1.4158	0.9476	2.261	1.2281	0.9445	0.9458	1.1715	0.9455	0.9625	0.9445	0.9448	0.9875	0.9453	1.312	0.9445
  f	1.2583	0.945	0.9443	0.9453	0.9443	1.0683	0.945	0.9286	0.9449	1.2489	0.9495	0.9445	0.9957	0.9443	0.9445	0.9449	0.9445	0.9444	0.9443	0.9443	1.2724	0.9443	0.9455	0.9447	0.9444	0.9446	0.9445	0.9468	0.9692	0.949	0.9447	0.9453	0.9457	1.8927	0.9451	0.9443	0.9457	0	0.9445	1.6009	1.1987	1.1934	0.9443	0.9449	1.0032	0.9452	2.3554	0.9443	0.9466	0.945	0.9447	0.9462	0.9443
  g	0.9448	0.9442	0.944	0.9442	0.944	2.2896	0.9451	0.9313	0.9442	0.9422	0.9445	0.9442	0.949	0.944	0.9441	0.9444	0.9441	0.944	0.9441	0.944	1.1413	0.944	0.9451	0.9441	0.944	0.9442	0.9441	0.9443	0.9508	0.9446	0.9442	0.9453	1.3869	0.9488	1.4169	0.9442	1.4158	0.9445	0	1.2338	0.9478	0.9451	0.9441	0.9464	0.9783	0.9444	0.9911	0.944	0.9442	0.945	0.9443	0.945	0.944
  h	1.3844	0.9319	1.395	1.8895	1.1933	42.8206	1.8942	2.7171	0.9904	11.7512	1.0286	1.4004	0.9485	0.9305	0.9361	4.9511	0.9328	0.9434	0.9345	0.9305	1.0347	0.9306	0.9396	1.1028	1.3956	0.9314	0.9315	1.5035	7.1522	0.9377	1.2864	1.0102	0.9376	0.9338	1.0569	0.9403	0.9476	1.6009	1.2338	0	4.2269	0.9345	2.8185	0.9359	1.8075	0.9311	6.6165	0.9322	1.0419	0.9411	3.8671	1.0482	0.9323
  i	1.4249	0.9514	0.9446	0.968	0.9447	9.0097	0.9453	1.2907	0.945	0.9455	1.1555	0.9453	1.4926	0.9446	1.185	0.9746	0.9448	0.9447	0.9451	0.9447	1.173	0.9447	1.4592	0.9449	0.9446	0.9447	0.9447	0.9455	1.1174	0.9522	0.9457	1.5371	2.2729	1.2204	0.9492	1.0435	2.261	1.1987	0.9478	4.2269	0	1.2335	1.1	1.2623	0.9598	1.5078	1.7809	0.9446	0.945	2.7497	1.1369	2.4562	0.9466
  j	1.3634	1.2316	0.9448	0.9458	0.9448	1.5694	0.9451	0.9297	0.9452	0.9426	1.7518	0.945	0.9476	0.9448	0.945	0.9474	0.945	0.9449	0.9451	0.9448	0.9454	0.9449	1.2485	0.945	0.9448	0.945	0.9449	0.9453	1.4099	1.4996	0.9454	0.9505	1.1828	1.1745	0.9459	0.9444	1.2281	1.1934	0.9451	0.9345	1.2335	0	0.9448	0.9461	0.9532	1.0452	1.425	0.9448	0.9452	0.9479	0.945	0.9885	0.9448
  k	0.9447	0.9441	0.9439	0.9441	0.944	3.1208	0.9441	0.9334	0.944	0.9423	0.9445	0.9441	0.9441	0.9439	0.9441	0.9442	0.944	0.944	0.9441	0.9439	0.944	0.9439	0.9449	0.9441	0.9439	0.944	0.944	0.9442	0.9436	0.9445	0.9442	0.9447	0.9447	0.9445	0.9445	0.9438	0.9445	0.9443	0.9441	2.8185	1.1	0.9448	0	0.9444	0.9446	0.9442	0.9436	0.944	0.9441	0.9442	0.9442	0.9448	0.944
  l	0.9469	0.9458	0.9443	0.9446	0.9444	2.2847	0.9446	1.0263	0.9445	0.9422	0.9455	0.9445	0.9448	0.9444	0.9445	0.9448	0.9444	0.9444	0.9447	0.9444	0.9445	0.9445	0.9521	0.9444	0.9443	0.9445	0.9445	0.9455	1.7608	0.9453	1.2354	1.1696	1.3713	0.9484	0.9452	0.944	0.9458	0.9449	0.9464	0.9359	1.2623	0.9461	0.9444	0	0.9965	1.6384	1.1483	0.9444	0.9447	0.9469	0.9445	1.2694	0.9444
  m	0.9467	0.948	0.9445	1.8243	0.9445	2.9081	1.418	0.9439	0.945	1.1349	0.9472	0.945	1.5953	0.9445	0.9447	1.0353	0.9447	0.9446	0.9447	0.9445	1.0011	0.9476	0.9999	0.9449	0.9445	0.9448	0.9447	0.9451	1.4289	2.1423	0.9453	0.9524	3.0542	1.2063	1.0025	0.9452	1.1715	1.0032	0.9783	1.8075	0.9598	0.9532	0.9446	0.9965	0	0.9452	2.0074	0.9445	0.9449	1.3052	1.2204	2.4081	0.9445
  n	1.1861	1.4133	0.9444	0.9444	0.9444	0.9295	0.9445	0.9248	0.9447	0.9408	0.9453	0.9452	0.9459	0.9444	0.9444	0.9441	0.9445	0.9445	0.9444	0.9444	0.9439	0.9446	0.9512	0.9444	0.9444	0.9446	0.9445	0.9445	0.9436	0.9449	0.9447	1.1605	0.9454	0.9456	0.9449	0.9436	0.9455	0.9452	0.9444	0.9311	1.5078	1.0452	0.9442	1.6384	0.9452	0	1.186	0.9444	0.9446	0.946	0.9444	1.2218	0.9444
  o	1.7167	1.027	0.9421	6.9527	0.9432	20.1249	2.0072	2.0106	2.1195	5.7256	1.0382	1.0523	1.5413	0.9419	1.7065	1.3413	1.1929	0.9504	0.9439	0.9419	1.2957	0.9419	1.059	1.312	0.9422	0.9426	0.9526	1.0134	6.9536	1.0096	1.1707	1.0065	1.4236	0.9671	1.2664	1.1005	0.9625	2.3554	0.9911	6.6165	1.7809	1.425	0.9436	1.1483	2.0074	1.186	0	0.9422	1.2823	3.6868	1.0416	2.6927	0.9422
  p	0.9446	0.9442	0.944	0.9438	0.944	1.1415	0.944	1.1745	0.9441	0.9409	0.9443	0.944	0.9441	0.944	0.944	0.9441	0.944	0.944	0.944	0.9439	0.9439	0.944	0.9447	0.944	0.944	0.9441	0.9441	0.9441	0.9427	0.9443	0.9441	0.9446	0.9444	0.9447	0.9444	0.9435	0.9445	0.9443	0.944	0.9322	0.9446	0.9448	0.944	0.9444	0.9445	0.9444	0.9422	0	0.9441	0.9437	0.9441	0.9445	0.944
  q	0.9449	0.9444	0.9441	0.9443	0.9441	0.9478	0.9444	0.9254	0.9443	0.9509	0.9446	0.9442	0.9442	0.9441	1.4152	0.9443	0.9442	0.9442	0.9446	0.9442	0.9439	0.9441	0.9453	0.9442	0.9441	0.9444	0.9443	0.9461	1.2447	0.9445	0.9444	0.945	0.948	0.945	1.2505	0.9435	0.9448	0.9466	0.9442	1.0419	0.945	0.9452	0.9441	0.9447	0.9449	0.9446	1.2823	0.9441	0	0.944	0.9443	0.9447	0.9441
  r	0.9451	0.9444	0.9436	2.5352	0.9436	2.8193	0.9445	1.8858	0.9441	1.4565	1.0042	0.9444	1.4236	0.9436	0.9444	0.9452	0.9438	0.9436	0.9455	0.9436	0.9451	0.9436	1.1091	0.944	0.9436	0.9439	0.9437	0.9446	1.1626	0.9501	1.4139	1.6674	1.0433	0.9594	1.0943	0.9443	0.9875	0.945	0.945	0.9411	2.7497	0.9479	0.9442	0.9469	1.3052	0.946	3.6868	0.9437	0.944	0	1.1889	1.5093	0.9437
  s	0.9451	0.9445	0.9441	1.1037	0.9442	4.9462	0.9445	0.9377	0.9443	0.9432	0.9448	0.9443	1.7517	0.9441	0.9442	0.9445	0.9442	0.9442	0.9443	0.9441	0.9442	0.9441	0.9453	0.9443	0.9441	0.9442	0.9442	0.9445	0.9443	0.9449	0.9446	0.9451	0.945	0.9451	0.9448	0.9439	0.9453	0.9447	0.9443	3.8671	1.1369	0.945	0.9442	0.9445	1.2204	0.9444	1.0416	0.9441	0.9443	1.1889	0	0.9456	0.9441
  t	2.0247	0.966	0.9445	1.0383	0.9445	2.9909	0.9449	0.9912	0.9448	0.9437	1.9876	1.2088	1.1235	0.9445	0.9449	0.9472	0.9446	0.9445	0.9449	0.9445	0.9453	1.8902	1.122	0.9447	0.9445	0.9446	0.9446	0.952	0.9596	1.1002	0.9464	1.9815	1.4576	1.0274	0.9483	0.9445	1.312	0.9462	0.945	1.0482	2.4562	0.9885	0.9448	1.2694	2.4081	1.2218	2.6927	0.9445	0.9447	1.5093	0.9456	0	0.9445
  u	0.9446	0.9441	0.944	0.9438	0.944	1.3826	0.944	0.9269	0.9441	0.9409	0.9444	0.944	0.9441	0.944	0.9439	0.9439	0.944	0.944	0.944	0.9439	0.9437	0.944	0.9448	0.944	0.944	0.9441	0.9441	0.9441	0.9427	0.9444	0.9441	0.9446	0.9459	0.9447	0.9444	0.9434	0.9445	0.9443	0.944	0.9323	0.9466	0.9448	0.944	0.9444	0.9445	0.9444	0.9422	0.944	0.9441	0.9437	0.9441	0.9445	0

Actual rates from j->i (Q_ij):
	A	B	C	D	E	F	G	H	I	J	K	L	M	N	O	P	Q	R	S	T	U	V	W	X	Y	Z	[	\	]	^	_	`	a	b	c	d	e	f	g	h	i	j	k	l	m	n	o	p	q	r	s	t	u
  A	0	0.0221	0.022	0.022	0.022	0.0321	0.022	0.0217	0.022	0.022	0.0222	0.022	0.022	0.022	0.022	0.022	0.022	0.022	0.022	0.022	0.022	0.022	0.0221	0.022	0.022	0.022	0.022	0.0224	0.0227	0.0221	0.022	0.0253	0.0246	0.0221	0.0222	0.022	0.0221	0.0293	0.022	0.0323	0.0332	0.0318	0.022	0.0221	0.0221	0.0277	0.04	0.022	0.022	0.022	0.022	0.0472	0.022
  B	0.0235	0	0.0235	0.0235	0.0235	0.0245	0.0235	0.0301	0.0235	0.0234	0.0257	0.0352	0.0588	0.0235	0.0235	0.0235	0.0235	0.0235	0.0235	0.0235	0.0235	0.0235	0.0236	0.0235	0.0235	0.0235	0.0235	0.0235	0.0352	0.0352	0.0235	0.0235	0.0235	0.0311	0.0235	0.0234	0.0235	0.0235	0.0235	0.0232	0.0236	0.0306	0.0235	0.0235	0.0236	0.0351	0.0255	0.0235	0.0235	0.0235	0.0235	0.024	0.0235
  C	0.023	0.023	0	0.023	0.023	0.0225	0.023	0.0225	0.023	0.0229	0.023	0.023	0.023	0.023	0.023	0.023	0.023	0.023	0.023	0.023	0.023	0.023	0.023	0.023	0.023	0.023	0.023	0.023	0.0229	0.023	0.023	0.023	0.023	0.023	0.023	0.023	0.023	0.023	0.023	0.034	0.023	0.023	0.023	0.023	0.023	0.023	0.0229	0.023	0.023	0.023	0.023	0.023	0.023
  D	0.0126	0.0126	0.0126	0	0.0126	0.0704	0.0127	0.0134	0.0131	0.0298	0.0126	0.0126	0.0126	0.0126	0.0126	0.013	0.0126	0.0126	0.0126	0.0126	0.0126	0.0126	0.0126	0.0126	0.0126	0.0126	0.0126	0.0126	0.0247	0.0138	0.0164	0.0126	0.0131	0.0126	0.0126	0.0126	0.0135	0.0126	0.0126	0.0252	0.0129	0.0126	0.0126	0.0126	0.0243	0.0126	0.0928	0.0126	0.0126	0.0338	0.0147	0.0139	0.0126
  E	0.0225	0.0225	0.0225	0.0225	0	0.0267	0.0225	0.022	0.0225	0.0224	0.0225	0.0225	0.0225	0.0225	0.0225	0.0225	0.0225	0.0225	0.0225	0.0225	0.0225	0.0225	0.0225	0.0225	0.0225	0.0225	0.0225	0.0225	0.0224	0.0225	0.0225	0.0225	0.0225	0.0225	0.0225	0.0224	0.0225	0.0225	0.0225	0.0284	0.0225	0.0225	0.0225	0.0225	0.0225	0.0225	0.0224	0.0225	0.0225	0.0225	0.0225	0.0225	0.0225
  F	0.0047	0.0034	0.0032	0.0181	0.0039	0	0.0063	0.207	0.0032	0.0373	0.0101	0.0082	0.0084	0.0032	0.0057	0.0283	0.0039	0.0032	0.0063	0.0032	0.0275	0.0032	0.0077	0.0048	0.0032	0.0032	0.0032	0.0065	0.0858	0.0071	0.0085	0.005	0.0105	0.0045	0.0088	0.0277	0.005	0.0037	0.0078	0.1467	0.0309	0.0054	0.0107	0.0078	0.01	0.0032	0.0689	0.0039	0.0032	0.0097	0.0169	0.0102	0.0047
  G	0.0187	0.0186	0.0186	0.0188	0.0186	0.0363	0	0.0184	0.0246	0.0489	0.0187	0.0187	0.0186	0.0186	0.0186	0.0269	0.0186	0.0186	0.0186	0.0186	0.0186	0.0186	0.0187	0.0186	0.0186	0.0186	0.024	0.0186	0.0309	0.0186	0.0186	0.0187	0.0187	0.0187	0.0187	0.0186	0.0187	0.0187	0.0187	0.0374	0.0187	0.0187	0.0186	0.0186	0.028	0.0186	0.0396	0.0186	0.0186	0.0186	0.0186	0.0187	0.0186
  H	0.0033	0.0043	0.0033	0.0036	0.0033	0.2165	0.0033	0	0.0033	0.0057	0.0033	0.0037	0.0112	0.0033	0.006	0.0299	0.0033	0.0033	0.0033	0.0033	0.0211	0.0033	0.0033	0.0033	0.0033	0.0033	0.0033	0.0033	0.0066	0.0084	0.005	0.005	0.0033	0.0047	0.0039	0.0089	0.0033	0.0033	0.0033	0.0097	0.0046	0.0033	0.0033	0.0037	0.0034	0.0033	0.0072	0.0042	0.0033	0.0068	0.0034	0.0036	0.0033
  I	0.0241	0.0241	0.0241	0.025	0.0241	0.0239	0.0318	0.0236	0	0.0252	0.0241	0.0241	0.0241	0.0241	0.0241	0.0241	0.0241	0.0241	0.0241	0.0241	0.0241	0.0241	0.0241	0.0251	0.0241	0.0241	0.0241	0.0241	0.0241	0.0241	0.0241	0.0241	0.0241	0.0241	0.0241	0.024	0.0241	0.0241	0.0241	0.0252	0.0241	0.0241	0.0241	0.0241	0.0241	0.0241	0.054	0.0241	0.0241	0.0241	0.0241	0.0241	0.0241
  J	0.0072	0.0072	0.0072	0.017	0.0072	0.0829	0.0189	0.012	0.0075	0	0.0075	0.0072	0.0072	0.0072	0.0145	0.0408	0.0072	0.0072	0.0072	0.0072	0.0072	0.0072	0.0072	0.0176	0.0107	0.0095	0.0093	0.0072	0.0647	0.0072	0.0072	0.0106	0.0072	0.0072	0.0095	0.0072	0.0106	0.0095	0.0072	0.0895	0.0072	0.0072	0.0072	0.0072	0.0086	0.0072	0.0436	0.0072	0.0072	0.0111	0.0072	0.0072	0.0072
  K	0.0181	0.0197	0.0179	0.018	0.0179	0.0563	0.018	0.0177	0.0179	0.0187	0	0.018	0.018	0.0179	0.0179	0.0335	0.0179	0.0179	0.0212	0.0179	0.018	0.0179	0.0243	0.0179	0.0179	0.0179	0.0179	0.0214	0.0197	0.0375	0.0267	0.0181	0.018	0.018	0.018	0.0179	0.018	0.018	0.0179	0.0195	0.022	0.0333	0.0179	0.018	0.018	0.018	0.0197	0.0179	0.0179	0.0191	0.018	0.0378	0.0179
  L	0.0175	0.0262	0.0175	0.0175	0.0175	0.0443	0.0175	0.0192	0.0175	0.0174	0.0175	0	0.0175	0.0175	0.0175	0.0175	0.0175	0.0175	0.0175	0.0175	0.0175	0.0175	0.0175	0.0175	0.0175	0.0175	0.0175	0.0175	0.0175	0.0175	0.0175	0.0175	0.0175	0.0175	0.0175	0.0175	0.0175	0.0175	0.0175	0.0259	0.0175	0.0175	0.0175	0.0175	0.0175	0.0175	0.0195	0.0175	0.0175	0.0175	0.0175	0.0224	0.0175
  M	0.0151	0.0379	0.0151	0.0151	0.0151	0.0392	0.0151	0.0502	0.0151	0.0151	0.0152	0.0152	0	0.0151	0.0151	0.0181	0.0151	0.0151	0.0151	0.0151	0.0159	0.0151	0.0151	0.0151	0.0151	0.0151	0.0151	0.0151	0.0151	0.0151	0.0151	0.0151	0.0153	0.0196	0.0151	0.0151	0.0254	0.016	0.0152	0.0152	0.0239	0.0152	0.0151	0.0151	0.0256	0.0152	0.0247	0.0151	0.0151	0.0228	0.0281	0.018	0.0151
  N	0.0249	0.0248	0.0248	0.0248	0.0248	0.0242	0.0248	0.0243	0.0248	0.0247	0.0249	0.0248	0.0248	0	0.0248	0.0248	0.0248	0.0248	0.0373	0.0248	0.0248	0.0248	0.0249	0.0248	0.0248	0.0248	0.0248	0.0248	0.0248	0.0248	0.0248	0.0249	0.0249	0.0249	0.0249	0.0248	0.0249	0.0249	0.0248	0.0245	0.0249	0.0249	0.0248	0.0249	0.0249	0.0249	0.0248	0.0248	0.0248	0.0248	0.0248	0.0249	0.0248
  O	0.0183	0.0183	0.0183	0.0183	0.0183	0.0319	0.0183	0.0325	0.0183	0.0368	0.0183	0.0183	0.0183	0.0183	0	0.0183	0.0183	0.0183	0.0183	0.0183	0.0183	0.0183	0.0183	0.0183	0.0183	0.0183	0.0183	0.0183	0.0183	0.0183	0.0183	0.0183	0.0274	0.0183	0.0183	0.0183	0.0183	0.0183	0.0183	0.0181	0.0229	0.0183	0.0183	0.0183	0.0183	0.0183	0.033	0.0183	0.0274	0.0183	0.0183	0.0183	0.0183
  P	0.0083	0.0083	0.0083	0.0086	0.0083	0.0726	0.012	0.0734	0.0083	0.0471	0.0155	0.0083	0.01	0.0083	0.0083	0	0.0083	0.0083	0.0083	0.0083	0.0091	0.0083	0.0105	0.0083	0.0083	0.0083	0.0083	0.0083	0.0266	0.0083	0.0083	0.0083	0.0114	0.0083	0.0083	0.0091	0.0093	0.0083	0.0083	0.0436	0.0086	0.0083	0.0083	0.0083	0.0091	0.0083	0.0118	0.0083	0.0083	0.0083	0.0083	0.0083	0.0083
  Q	0.0231	0.0231	0.0231	0.0231	0.0231	0.0279	0.0231	0.0226	0.0231	0.023	0.0231	0.0231	0.0231	0.0231	0.0231	0.0231	0	0.0231	0.0231	0.0231	0.0231	0.0231	0.0231	0.0231	0.0231	0.0231	0.0231	0.0231	0.0231	0.0231	0.0231	0.0231	0.0231	0.0231	0.0231	0.023	0.0231	0.0231	0.0231	0.0228	0.0231	0.0231	0.0231	0.0231	0.0231	0.0231	0.0291	0.0231	0.0231	0.0231	0.0231	0.0231	0.0231
  R	0.0246	0.0246	0.0246	0.0246	0.0246	0.0247	0.0246	0.0241	0.0246	0.0246	0.0246	0.0246	0.0246	0.0246	0.0246	0.0246	0.0246	0	0.0246	0.0246	0.0246	0.0246	0.0246	0.0362	0.0246	0.0246	0.0246	0.0246	0.0245	0.0246	0.0246	0.0246	0.0246	0.0246	0.0246	0.0246	0.0246	0.0246	0.0246	0.0246	0.0246	0.0246	0.0246	0.0246	0.0246	0.0246	0.0247	0.0246	0.0246	0.0246	0.0246	0.0246	0.0246
  S	0.0205	0.0205	0.0205	0.0205	0.0205	0.0401	0.0205	0.0202	0.0205	0.0205	0.0243	0.0205	0.0205	0.0308	0.0205	0.0205	0.0205	0.0205	0	0.0308	0.0205	0.0205	0.0205	0.0205	0.0205	0.0205	0.0205	0.0245	0.0368	0.0205	0.0305	0.0205	0.0205	0.0205	0.0205	0.0205	0.0205	0.0205	0.0205	0.0203	0.0205	0.0205	0.0205	0.0205	0.0205	0.0205	0.0205	0.0205	0.0205	0.0206	0.0205	0.0205	0.0205
  T	0.025	0.025	0.025	0.0249	0.025	0.0244	0.025	0.0244	0.025	0.0249	0.025	0.025	0.025	0.025	0.0249	0.0249	0.025	0.025	0.0374	0	0.0249	0.025	0.025	0.025	0.025	0.025	0.025	0.025	0.0374	0.025	0.025	0.025	0.025	0.025	0.025	0.0249	0.025	0.025	0.025	0.0246	0.025	0.025	0.0249	0.025	0.025	0.025	0.0249	0.025	0.025	0.0249	0.025	0.025	0.025
  U	0.0089	0.0089	0.0088	0.0089	0.0088	0.0754	0.0089	0.0552	0.0089	0.0089	0.0089	0.0089	0.0093	0.0088	0.0089	0.0097	0.0089	0.0088	0.0089	0.0088	0	0.0088	0.0089	0.0089	0.0088	0.0088	0.0088	0.0089	0.0102	0.0089	0.0089	0.0089	0.0089	0.0089	0.009	0.0514	0.0089	0.0119	0.0107	0.0097	0.011	0.0089	0.0089	0.0089	0.0094	0.0089	0.0121	0.0088	0.0089	0.0089	0.0089	0.0089	0.0088
  V	0.0252	0.0252	0.0252	0.0252	0.0252	0.0246	0.0252	0.0246	0.0252	0.0251	0.0252	0.0252	0.0252	0.0252	0.0252	0.0252	0.0252	0.0252	0.0252	0.0252	0.0252	0	0.0252	0.0252	0.0252	0.0252	0.0252	0.0252	0.0251	0.0252	0.0252	0.0252	0.0252	0.0252	0.0252	0.0252	0.0252	0.0252	0.0252	0.0248	0.0252	0.0252	0.0252	0.0252	0.0253	0.0252	0.0251	0.0252	0.0252	0.0252	0.0252	0.0504	0.0252
  W	0.0196	0.0197	0.0196	0.0196	0.0196	0.0466	0.0196	0.0194	0.0196	0.0195	0.0265	0.0196	0.0196	0.0196	0.0196	0.0247	0.0196	0.0196	0.0196	0.0196	0.0196	0.0196	0	0.0196	0.0196	0.0196	0.0196	0.0196	0.0499	0.031	0.0196	0.0233	0.0205	0.0204	0.0264	0.0196	0.0196	0.0196	0.0196	0.0195	0.0302	0.0259	0.0196	0.0197	0.0207	0.0197	0.0219	0.0196	0.0196	0.023	0.0196	0.0232	0.0196
  X	0.021	0.021	0.021	0.021	0.021	0.031	0.021	0.0206	0.0219	0.0515	0.021	0.021	0.021	0.021	0.021	0.021	0.021	0.031	0.021	0.021	0.021	0.021	0.021	0	0.021	0.021	0.021	0.021	0.021	0.021	0.021	0.021	0.021	0.021	0.021	0.021	0.021	0.021	0.021	0.0245	0.021	0.021	0.021	0.021	0.021	0.021	0.0292	0.021	0.021	0.021	0.021	0.021	0.021
  Y	0.0229	0.0229	0.0229	0.0229	0.0229	0.0224	0.0229	0.0225	0.0229	0.0342	0.0229	0.0229	0.0229	0.0229	0.0229	0.0229	0.0229	0.0229	0.0229	0.0229	0.0229	0.0229	0.0229	0.0229	0	0.0229	0.0229	0.0229	0.023	0.0229	0.0229	0.0229	0.0229	0.0229	0.023	0.0229	0.0229	0.0229	0.0229	0.0339	0.0229	0.0229	0.0229	0.0229	0.0229	0.0229	0.0229	0.0229	0.0229	0.0229	0.0229	0.0229	0.0229
  Z	0.0245	0.0245	0.0245	0.0245	0.0245	0.0239	0.0245	0.024	0.0245	0.0322	0.0245	0.0245	0.0245	0.0245	0.0245	0.0245	0.0245	0.0245	0.0245	0.0245	0.0245	0.0245	0.0245	0.0245	0.0245	0	0.0245	0.0245	0.0245	0.0245	0.0245	0.0245	0.0245	0.0245	0.0327	0.0244	0.0245	0.0245	0.0245	0.0241	0.0245	0.0245	0.0245	0.0245	0.0245	0.0245	0.0244	0.0245	0.0245	0.0245	0.0245	0.0245	0.0245
  [	0.0245	0.0245	0.0245	0.0245	0.0245	0.0239	0.0316	0.024	0.0245	0.0316	0.0245	0.0245	0.0245	0.0245	0.0245	0.0245	0.0245	0.0245	0.0245	0.0245	0.0245	0.0245	0.0245	0.0245	0.0245	0.0245	0	0.0245	0.0244	0.0245	0.0245	0.0245	0.0245	0.0245	0.0245	0.0245	0.0245	0.0245	0.0245	0.0241	0.0245	0.0245	0.0245	0.0245	0.0245	0.0245	0.0247	0.0245	0.0245	0.0245	0.0245	0.0245	0.0245
  \	0.0197	0.0194	0.0194	0.0194	0.0194	0.0389	0.0194	0.0191	0.0194	0.0195	0.0231	0.0194	0.0194	0.0194	0.0194	0.0194	0.0194	0.0194	0.0231	0.0194	0.0194	0.0194	0.0194	0.0194	0.0194	0.0194	0.0194	0	0.0391	0.0194	0.0194	0.0195	0.0194	0.0194	0.0297	0.0194	0.0194	0.0194	0.0194	0.0309	0.0194	0.0194	0.0194	0.0194	0.0194	0.0194	0.0208	0.0194	0.0194	0.0194	0.0194	0.0196	0.0194
  ]	0.0064	0.0093	0.0062	0.0122	0.0062	0.1648	0.0103	0.0122	0.0062	0.0559	0.0068	0.0062	0.0062	0.0062	0.0062	0.0199	0.0062	0.0062	0.0111	0.0093	0.0071	0.0062	0.0159	0.0062	0.0062	0.0062	0.0062	0.0125	0	0.0108	0.0082	0.0085	0.0133	0.0094	0.0098	0.0062	0.0064	0.0064	0.0063	0.0471	0.0074	0.0093	0.0062	0.0116	0.0094	0.0062	0.0458	0.0062	0.0082	0.0077	0.0062	0.0063	0.0062
  ^	0.016	0.0238	0.0159	0.0174	0.0159	0.0347	0.0159	0.0393	0.0159	0.0159	0.0332	0.0159	0.0159	0.0159	0.0159	0.0159	0.0159	0.0159	0.0159	0.0159	0.0159	0.0159	0.0252	0.0159	0.0159	0.0159	0.0159	0.0159	0.0276	0	0.0159	0.021	0.016	0.0289	0.0159	0.0159	0.016	0.0159	0.0159	0.0158	0.016	0.0252	0.0159	0.0159	0.036	0.0159	0.017	0.0159	0.0159	0.016	0.0159	0.0185	0.0159
  _	0.0165	0.0165	0.0165	0.0215	0.0165	0.0435	0.0165	0.0244	0.0165	0.0165	0.0246	0.0165	0.0165	0.0165	0.0165	0.0165	0.0165	0.0165	0.0246	0.0165	0.0165	0.0165	0.0165	0.0165	0.0165	0.0165	0.0165	0.0165	0.0219	0.0165	0	0.0165	0.0165	0.0165	0.0165	0.0165	0.0165	0.0165	0.0165	0.0225	0.0166	0.0165	0.0165	0.0216	0.0165	0.0165	0.0205	0.0165	0.0165	0.0247	0.0165	0.0166	0.0165
  `	0.0245	0.0213	0.0213	0.0213	0.0213	0.0328	0.0213	0.0314	0.0213	0.0314	0.0215	0.0213	0.0213	0.0213	0.0213	0.0213	0.0213	0.0213	0.0213	0.0213	0.0213	0.0213	0.0254	0.0213	0.0213	0.0213	0.0213	0.0214	0.0292	0.0282	0.0213	0	0.0225	0.0318	0.0321	0.0213	0.0213	0.0213	0.0213	0.0228	0.0347	0.0214	0.0213	0.0264	0.0215	0.0262	0.0227	0.0213	0.0213	0.0376	0.0213	0.0447	0.0213
  a	0.0192	0.0172	0.0172	0.0178	0.0172	0.0555	0.0172	0.017	0.0172	0.0172	0.0172	0.0172	0.0174	0.0172	0.0257	0.0235	0.0172	0.0172	0.0172	0.0172	0.0172	0.0172	0.018	0.0172	0.0172	0.0172	0.0172	0.0172	0.0367	0.0173	0.0172	0.0181	0	0.0299	0.0258	0.0172	0.0341	0.0172	0.0252	0.017	0.0413	0.0215	0.0172	0.0249	0.0555	0.0172	0.0259	0.0172	0.0172	0.019	0.0172	0.0265	0.0172
  b	0.0234	0.0308	0.0232	0.0232	0.0232	0.0326	0.0232	0.0323	0.0233	0.0232	0.0233	0.0232	0.0302	0.0232	0.0233	0.0233	0.0232	0.0232	0.0232	0.0232	0.0233	0.0232	0.0242	0.0232	0.0232	0.0233	0.0233	0.0233	0.0351	0.0423	0.0233	0.0348	0.0405	0	0.0233	0.0232	0.0434	0.0466	0.0233	0.023	0.03	0.0289	0.0232	0.0233	0.0297	0.0233	0.0238	0.0232	0.0233	0.0236	0.0233	0.0253	0.0232
  c	0.0182	0.0181	0.0181	0.0181	0.0181	0.0492	0.0181	0.0208	0.0181	0.0239	0.0181	0.0181	0.0181	0.0181	0.0181	0.0181	0.0181	0.0181	0.0181	0.0181	0.0183	0.0181	0.0244	0.0181	0.0181	0.0241	0.0181	0.0276	0.0284	0.0181	0.0181	0.0272	0.0271	0.0181	0	0.0181	0.0181	0.0181	0.0271	0.0202	0.0182	0.0181	0.0181	0.0181	0.0192	0.0181	0.0242	0.0181	0.0239	0.0209	0.0181	0.0181	0.0181
  d	0.0098	0.0098	0.0098	0.0098	0.0098	0.0837	0.0098	0.0256	0.0098	0.0098	0.0098	0.0098	0.0098	0.0098	0.0098	0.0107	0.0098	0.0098	0.0098	0.0098	0.0568	0.0098	0.0098	0.0098	0.0098	0.0098	0.0098	0.0098	0.0098	0.0098	0.0098	0.0098	0.0098	0.0098	0.0098	0	0.0098	0.0098	0.0098	0.0097	0.0108	0.0098	0.0098	0.0098	0.0098	0.0098	0.0114	0.0098	0.0098	0.0098	0.0098	0.0098	0.0098
  e	0.0232	0.0232	0.0232	0.0248	0.0232	0.0358	0.0232	0.0227	0.0232	0.0343	0.0232	0.0232	0.0388	0.0232	0.0232	0.026	0.0232	0.0232	0.0232	0.0232	0.0232	0.0232	0.0232	0.0232	0.0232	0.0232	0.0232	0.0232	0.0238	0.0233	0.0232	0.0232	0.046	0.0433	0.0232	0.0231	0	0.0232	0.0347	0.0232	0.0554	0.0301	0.0232	0.0232	0.0287	0.0232	0.0236	0.0232	0.0232	0.0242	0.0232	0.0322	0.0232
  f	0.0292	0.0219	0.0219	0.0219	0.0219	0.0248	0.0219	0.0215	0.0219	0.029	0.022	0.0219	0.0231	0.0219	0.0219	0.0219	0.0219	0.0219	0.0219	0.0219	0.0295	0.0219	0.0219	0.0219	0.0219	0.0219	0.0219	0.0219	0.0225	0.022	0.0219	0.0219	0.0219	0.0439	0.0219	0.0219	0.0219	0	0.0219	0.0371	0.0278	0.0277	0.0219	0.0219	0.0233	0.0219	0.0546	0.0219	0.0219	0.0219	0.0219	0.0219	0.0219
  g	0.0188	0.0188	0.0188	0.0188	0.0188	0.0456	0.0188	0.0185	0.0188	0.0187	0.0188	0.0188	0.0189	0.0188	0.0188	0.0188	0.0188	0.0188	0.0188	0.0188	0.0227	0.0188	0.0188	0.0188	0.0188	0.0188	0.0188	0.0188	0.0189	0.0188	0.0188	0.0188	0.0276	0.0189	0.0282	0.0188	0.0282	0.0188	0	0.0245	0.0189	0.0188	0.0188	0.0188	0.0195	0.0188	0.0197	0.0188	0.0188	0.0188	0.0188	0.0188	0.0188
  h	0.0053	0.0036	0.0054	0.0073	0.0046	0.1651	0.0073	0.0105	0.0038	0.0453	0.004	0.0054	0.0037	0.0036	0.0036	0.0191	0.0036	0.0036	0.0036	0.0036	0.004	0.0036	0.0036	0.0043	0.0054	0.0036	0.0036	0.0058	0.0276	0.0036	0.005	0.0039	0.0036	0.0036	0.0041	0.0036	0.0037	0.0062	0.0048	0	0.0163	0.0036	0.0109	0.0036	0.007	0.0036	0.0255	0.0036	0.004	0.0036	0.0149	0.004	0.0036
  i	0.0145	0.0097	0.0096	0.0098	0.0096	0.0914	0.0096	0.0131	0.0096	0.0096	0.0117	0.0096	0.0151	0.0096	0.012	0.0099	0.0096	0.0096	0.0096	0.0096	0.0119	0.0096	0.0148	0.0096	0.0096	0.0096	0.0096	0.0096	0.0113	0.0097	0.0096	0.0156	0.0231	0.0124	0.0096	0.0106	0.0229	0.0122	0.0096	0.0429	0	0.0125	0.0112	0.0128	0.0097	0.0153	0.0181	0.0096	0.0096	0.0279	0.0115	0.0249	0.0096
  j	0.0311	0.0281	0.0216	0.0216	0.0216	0.0358	0.0216	0.0212	0.0216	0.0215	0.04	0.0216	0.0216	0.0216	0.0216	0.0216	0.0216	0.0216	0.0216	0.0216	0.0216	0.0216	0.0285	0.0216	0.0216	0.0216	0.0216	0.0216	0.0322	0.0342	0.0216	0.0217	0.027	0.0268	0.0216	0.0216	0.028	0.0273	0.0216	0.0213	0.0282	0	0.0216	0.0216	0.0218	0.0239	0.0325	0.0216	0.0216	0.0216	0.0216	0.0226	0.0216
  k	0.0144	0.0144	0.0144	0.0144	0.0144	0.0476	0.0144	0.0142	0.0144	0.0144	0.0144	0.0144	0.0144	0.0144	0.0144	0.0144	0.0144	0.0144	0.0144	0.0144	0.0144	0.0144	0.0144	0.0144	0.0144	0.0144	0.0144	0.0144	0.0144	0.0144	0.0144	0.0144	0.0144	0.0144	0.0144	0.0144	0.0144	0.0144	0.0144	0.0429	0.0168	0.0144	0	0.0144	0.0144	0.0144	0.0144	0.0144	0.0144	0.0144	0.0144	0.0144	0.0144
  l	0.0194	0.0194	0.0194	0.0194	0.0194	0.0468	0.0194	0.021	0.0194	0.0193	0.0194	0.0194	0.0194	0.0194	0.0194	0.0194	0.0194	0.0194	0.0194	0.0194	0.0194	0.0194	0.0195	0.0194	0.0194	0.0194	0.0194	0.0194	0.0361	0.0194	0.0253	0.024	0.0281	0.0194	0.0194	0.0194	0.0194	0.0194	0.0194	0.0192	0.0259	0.0194	0.0194	0	0.0204	0.0336	0.0235	0.0194	0.0194	0.0194	0.0194	0.026	0.0194
  m	0.018	0.018	0.018	0.0347	0.018	0.0553	0.027	0.018	0.018	0.0216	0.018	0.018	0.0303	0.018	0.018	0.0197	0.018	0.018	0.018	0.018	0.019	0.018	0.019	0.018	0.018	0.018	0.018	0.018	0.0272	0.0407	0.018	0.0181	0.0581	0.0229	0.0191	0.018	0.0223	0.0191	0.0186	0.0344	0.0183	0.0181	0.018	0.019	0	0.018	0.0382	0.018	0.018	0.0248	0.0232	0.0458	0.018
  n	0.0312	0.0372	0.0248	0.0248	0.0248	0.0244	0.0248	0.0243	0.0248	0.0247	0.0249	0.0249	0.0249	0.0248	0.0248	0.0248	0.0248	0.0248	0.0248	0.0248	0.0248	0.0248	0.025	0.0248	0.0248	0.0248	0.0248	0.0248	0.0248	0.0248	0.0248	0.0305	0.0249	0.0249	0.0248	0.0248	0.0249	0.0249	0.0248	0.0245	0.0396	0.0275	0.0248	0.0431	0.0249	0	0.0312	0.0248	0.0248	0.0249	0.0248	0.0321	0.0248
  o	0.013	0.0078	0.0071	0.0526	0.0071	0.1522	0.0152	0.0152	0.016	0.0433	0.0079	0.008	0.0117	0.0071	0.0129	0.0101	0.009	0.0072	0.0071	0.0071	0.0098	0.0071	0.008	0.0099	0.0071	0.0071	0.0072	0.0077	0.0526	0.0076	0.0089	0.0076	0.0108	0.0073	0.0096	0.0083	0.0073	0.0178	0.0075	0.05	0.0135	0.0108	0.0071	0.0087	0.0152	0.009	0	0.0071	0.0097	0.0279	0.0079	0.0204	0.0071
  p	0.0221	0.022	0.022	0.022	0.022	0.0267	0.022	0.0274	0.022	0.022	0.0221	0.022	0.022	0.022	0.022	0.022	0.022	0.022	0.022	0.022	0.022	0.022	0.0221	0.022	0.022	0.022	0.022	0.022	0.022	0.0221	0.022	0.0221	0.0221	0.0221	0.0221	0.022	0.0221	0.0221	0.022	0.0218	0.0221	0.0221	0.022	0.0221	0.0221	0.0221	0.022	0	0.022	0.022	0.022	0.0221	0.022
  q	0.0245	0.0245	0.0245	0.0245	0.0245	0.0246	0.0245	0.024	0.0245	0.0247	0.0245	0.0245	0.0245	0.0245	0.0367	0.0245	0.0245	0.0245	0.0245	0.0245	0.0245	0.0245	0.0245	0.0245	0.0245	0.0245	0.0245	0.0246	0.0323	0.0245	0.0245	0.0245	0.0246	0.0245	0.0325	0.0245	0.0245	0.0246	0.0245	0.0271	0.0245	0.0245	0.0245	0.0245	0.0245	0.0245	0.0333	0.0245	0	0.0245	0.0245	0.0245	0.0245
  r	0.0155	0.0155	0.0155	0.0417	0.0155	0.0463	0.0155	0.031	0.0155	0.0239	0.0165	0.0155	0.0234	0.0155	0.0155	0.0155	0.0155	0.0155	0.0155	0.0155	0.0155	0.0155	0.0182	0.0155	0.0155	0.0155	0.0155	0.0155	0.0191	0.0156	0.0232	0.0274	0.0171	0.0158	0.018	0.0155	0.0162	0.0155	0.0155	0.0155	0.0452	0.0156	0.0155	0.0156	0.0215	0.0155	0.0606	0.0155	0.0155	0	0.0195	0.0248	0.0155
  s	0.012	0.012	0.012	0.014	0.012	0.0629	0.012	0.0119	0.012	0.012	0.012	0.012	0.0223	0.012	0.012	0.012	0.012	0.012	0.012	0.012	0.012	0.012	0.012	0.012	0.012	0.012	0.012	0.012	0.012	0.012	0.012	0.012	0.012	0.012	0.012	0.012	0.012	0.012	0.012	0.0492	0.0145	0.012	0.012	0.012	0.0155	0.012	0.0133	0.012	0.012	0.0151	0	0.012	0.012
  t	0.0362	0.0173	0.0169	0.0185	0.0169	0.0534	0.0169	0.0177	0.0169	0.0169	0.0355	0.0216	0.0201	0.0169	0.0169	0.0169	0.0169	0.0169	0.0169	0.0169	0.0169	0.0338	0.02	0.0169	0.0169	0.0169	0.0169	0.017	0.0171	0.0197	0.0169	0.0354	0.026	0.0184	0.0169	0.0169	0.0234	0.0169	0.0169	0.0187	0.0439	0.0177	0.0169	0.0227	0.043	0.0218	0.0481	0.0169	0.0169	0.027	0.0169	0	0.0169
  u	0.0218	0.0218	0.0218	0.0218	0.0218	0.032	0.0218	0.0214	0.0218	0.0218	0.0218	0.0218	0.0218	0.0218	0.0218	0.0218	0.0218	0.0218	0.0218	0.0218	0.0218	0.0218	0.0218	0.0218	0.0218	0.0218	0.0218	0.0218	0.0218	0.0218	0.0218	0.0218	0.0219	0.0218	0.0218	0.0218	0.0218	0.0218	0.0218	0.0216	0.0219	0.0218	0.0218	0.0218	0.0218	0.0218	0.0218	0.0218	0.0218	0.0218	0.0218	0.0218	0
