Map from character to field name
A:	Argentina
B:	Brazil
C:	Canada
D:	Israel
E:	Mexico
F:	US-Virgin-Islands
G:	USA
H:	?


Substitution rate (mu): 5.415154

Equilibrium frequencies (pi_i):
  A: 0.0895
  B: 0.0896
  C: 0.0459
  D: 0.0941
  E: 0.059
  F: 0.0894
  G: 0.5324

Symmetrized rates from j->i (W_ij):
	A	B	C	D	E	F	G
  A	0	0.7729	0.7723	0.773	0.7724	0.773	0.8905
  B	0.7729	0	0.7722	0.773	0.7724	0.7729	0.8897
  C	0.7723	0.7722	0	0.7726	0.7723	0.7723	8.0359
  D	0.773	0.773	0.7726	0	0.7725	0.7731	0.9107
  E	0.7724	0.7724	0.7723	0.7725	0	0.7724	1.948
  F	0.773	0.7729	0.7723	0.7731	0.7724	0	0.8917
  G	0.8905	0.8897	8.0359	0.9107	1.948	0.8917	0

Actual rates from j->i (Q_ij):
	A	B	C	D	E	F	G
  A	0	0.0692	0.0691	0.0692	0.0691	0.0692	0.0797
  B	0.0692	0	0.0692	0.0693	0.0692	0.0693	0.0797
  C	0.0354	0.0354	0	0.0354	0.0354	0.0354	0.3685
  D	0.0728	0.0728	0.0727	0	0.0727	0.0728	0.0857
  E	0.0456	0.0456	0.0456	0.0456	0	0.0456	0.115
  F	0.0691	0.0691	0.0691	0.0691	0.0691	0	0.0797
  G	0.4741	0.4737	4.2787	0.4849	1.0372	0.4748	0
