Map from character to field name
A:	Argentina
B:	Brazil
C:	Canada
D:	Colombia
E:	Israel
F:	Mexico
G:	US-Virgin-Islands
H:	USA
I:	?


Substitution rate (mu): 6.687774

Equilibrium frequencies (pi_i):
  A: 0.0668
  B: 0.0718
  C: 0.027
  D: 0.0508
  E: 0.097
  F: 0.0286
  G: 0.0615
  H: 0.5965

Symmetrized rates from j->i (W_ij):
	A	B	C	D	E	F	G	H
  A	0	1.2579	0.9403	0.941	0.9411	0.9407	0.941	1.0774
  B	1.2579	0	0.9402	0.941	0.9411	0.9407	0.941	0.987
  C	0.9403	0.9402	0	1.1401	0.9398	0.9509	0.9402	7.0276
  D	0.941	0.941	1.1401	0	0.941	0.9451	0.941	1.8887
  E	0.9411	0.9411	0.9398	0.941	0	1.4283	0.941	0.7413
  F	0.9407	0.9407	0.9509	0.9451	1.4283	0	0.9406	5.3313
  G	0.941	0.941	0.9402	0.941	0.941	0.9406	0	1.1842
  H	1.0774	0.987	7.0276	1.8887	0.7413	5.3313	1.1842	0

Actual rates from j->i (Q_ij):
	A	B	C	D	E	F	G	H
  A	0	0.084	0.0628	0.0628	0.0628	0.0628	0.0628	0.0719
  B	0.0903	0	0.0675	0.0676	0.0676	0.0675	0.0676	0.0709
  C	0.0254	0.0254	0	0.0308	0.0254	0.0257	0.0254	0.1898
  D	0.0478	0.0478	0.0579	0	0.0478	0.048	0.0478	0.096
  E	0.0913	0.0913	0.0911	0.0913	0	0.1385	0.0913	0.0719
  F	0.0269	0.0269	0.0272	0.027	0.0409	0	0.0269	0.1525
  G	0.0579	0.0579	0.0578	0.0579	0.0579	0.0578	0	0.0728
  H	0.6427	0.5888	4.1923	1.1267	0.4422	3.1804	0.7064	0
