Map from character to field name
A:	Argentina
B:	Brazil
C:	Colombia
D:	Israel
E:	Mexico
F:	US-Virgin-Islands
G:	USA
H:	?


Substitution rate (mu): 63.646746

Equilibrium frequencies (pi_i):
  A: 0.1329
  B: 0.1405
  C: 0.1281
  D: 0.1325
  E: 0.1213
  F: 0.123
  G: 0.2218

Symmetrized rates from j->i (W_ij):
	A	B	C	D	E	F	G
  A	0	1.3083	1.1942	0.972	0.9707	0.9704	1.2461
  B	1.3083	0	1.0716	0.9715	0.97	0.9699	1.0997
  C	1.1942	1.0716	0	0.9718	0.9702	0.97	1.335
  D	0.972	0.9715	0.9718	0	0.9705	0.9702	1.4511
  E	0.9707	0.97	0.9702	0.9705	0	0.9681	1.9389
  F	0.9704	0.9699	0.97	0.9702	0.9681	0	1.4509
  G	1.2461	1.0997	1.335	1.4511	1.9389	1.4509	0

Actual rates from j->i (Q_ij):
	A	B	C	D	E	F	G
  A	0	0.1738	0.1587	0.1291	0.129	0.1289	0.1656
  B	0.1838	0	0.1505	0.1365	0.1363	0.1362	0.1545
  C	0.1529	0.1372	0	0.1244	0.1243	0.1242	0.171
  D	0.1288	0.1287	0.1288	0	0.1286	0.1285	0.1923
  E	0.1178	0.1177	0.1177	0.1178	0	0.1175	0.2353
  F	0.1193	0.1193	0.1193	0.1193	0.119	0	0.1784
  G	0.2764	0.244	0.2962	0.3219	0.4301	0.3218	0
