Map from character to field name
A:	CA/Contra-Costa
B:	CA/Kern
C:	CA/Los-Angeles
D:	CA/Losangeles
E:	CA/Riverside
F:	CA/Sacramento
G:	CA/San-Diego
H:	CA/Yolo
I:	CAN/QC
J:	CO/Larimer
K:	CO/Weld
L:	CT
M:	DC/District-Of-Columbia
N:	FC-019
O:	FC-029GR
P:	FC-031
Q:	FC-036
R:	FC-039
S:	FC-047
T:	FC-060
U:	FC-064
V:	FC-066GR
W:	FC-069
X:	FC-075
Y:	FC-075GR
Z:	FC-088GR
[:	FC-092GR
\:	ID/Unknown
]:	IL/Unknown
^:	ISR/D/Eilat
_:	LV-117
`:	MD
a:	MEX/BCN/Unknown
b:	MN
c:	NJ/Unknown
d:	NY
e:	OH
f:	OR/Umatilla
g:	PA/Bucks
h:	PA/Unknown
i:	TX/El-Paso
j:	TX/Fort-Bend
k:	TX/Harris
l:	TX/Jefferson
m:	VA
n:	WA
o:	?


Substitution rate (mu): 481.959641

Equilibrium frequencies (pi_i):
  A: 0.0213
  B: 0.0228
  C: 0.0218
  D: 0.0219
  E: 0.0213
  F: 0.0217
  G: 0.0226
  H: 0.0215
  I: 0.0221
  J: 0.0223
  K: 0.0214
  L: 0.0208
  M: 0.0214
  N: 0.0219
  O: 0.0216
  P: 0.0219
  Q: 0.0219
  R: 0.0219
  S: 0.0218
  T: 0.0218
  U: 0.0218
  V: 0.0218
  W: 0.0219
  X: 0.0218
  Y: 0.0218
  Z: 0.0221
  [: 0.0221
  \: 0.0214
  ]: 0.0215
  ^: 0.0217
  _: 0.0218
  `: 0.0216
  a: 0.0214
  b: 0.0216
  c: 0.0215
  d: 0.0212
  e: 0.0219
  f: 0.0219
  g: 0.0217
  h: 0.0217
  i: 0.0218
  j: 0.0218
  k: 0.0214
  l: 0.0214
  m: 0.0219
  n: 0.0219

Symmetrized rates from j->i (W_ij):
	A	B	C	D	E	F	G	H	I	J	K	L	M	N	O	P	Q	R	S	T	U	V	W	X	Y	Z	[	\	]	^	_	`	a	b	c	d	e	f	g	h	i	j	k	l	m	n
  A	0	1.4919	0.9897	0.9909	0.9911	0.9896	0.9918	0.9924	0.9944	1.0003	0.9895	0.9965	0.9897	0.991	0.9905	0.9932	0.9914	0.9914	0.999	0.9911	0.9909	0.9906	0.991	0.9908	0.9907	0.9935	0.9924	0.9923	0.9905	0.9908	0.9908	0.9917	0.9905	0.9911	0.9896	1.0006	0.9909	0.9917	0.9902	0.9902	0.9913	0.9907	0.9963	0.9892	0.9909	0.9919
  B	1.4919	0	0.9956	0.9979	1.4181	0.9956	1.2474	1.0105	1.0011	1.2498	0.9953	1.0031	0.9953	0.997	0.9964	1.0	0.9976	0.9975	1.0069	0.9971	0.9972	0.9967	0.9969	0.9967	0.9966	1.0001	0.9988	1.4444	1.2281	0.9966	0.9969	0.9977	1.2359	1.0337	0.9953	1.0204	0.9967	1.0951	0.996	0.996	1.0731	0.9968	1.0627	0.9948	0.9967	1.122
  C	0.9897	0.9956	0	1.5411	0.9911	0.9906	1.0358	1.0174	0.9951	1.0008	0.9901	0.9972	0.9902	0.9916	0.9911	0.9939	0.992	0.992	0.9998	0.9917	0.9915	0.9912	0.9916	0.9913	0.9913	0.9941	0.993	0.9921	0.9907	0.9914	0.9914	0.9924	0.9907	0.9916	0.9902	1.0018	0.9914	0.9918	0.9908	0.9908	0.9917	0.9912	0.997	0.9897	0.9914	0.992
  D	0.9909	0.9979	1.5411	0	0.9928	1.0115	1.4931	1.4603	0.9964	1.0026	0.9914	0.999	0.9914	0.9929	0.9924	0.9951	0.9932	0.9932	1.0012	0.9928	0.9928	0.9923	0.9928	0.9925	0.9924	0.9953	0.9942	0.9933	0.9924	0.9926	0.9926	0.9936	0.9924	0.9983	0.9913	1.0213	0.9926	0.993	0.992	0.992	0.9939	0.9924	1.0101	0.9909	0.9926	0.9932
  E	0.9911	1.4181	0.9911	0.9928	0	0.9909	1.2546	0.9943	0.9957	1.0035	0.9908	0.9978	0.9909	0.9923	0.9918	0.9945	0.9927	0.9927	1.0004	0.9924	0.9922	0.9919	0.9923	0.992	0.992	0.9948	0.9937	0.9938	0.9935	0.9921	0.9921	0.993	0.9936	0.9926	0.9909	1.002	0.9921	0.993	0.9915	0.9915	0.993	0.9919	0.998	0.9904	0.9921	0.9933
  F	0.9896	0.9956	0.9906	1.0115	0.9909	0	1.0077	1.5142	0.995	1.0008	0.99	0.9974	0.9901	0.9915	0.991	0.9937	0.9919	0.9919	0.9997	0.9915	0.9914	0.991	0.9915	0.9912	0.9911	0.9939	0.9928	0.992	0.9908	0.9913	0.9912	0.9922	0.9909	0.9943	0.99	1.0118	0.9913	0.9917	0.9907	0.9907	0.992	0.9911	1.0035	0.9896	0.9913	0.9919
  G	0.9918	1.2474	1.0358	1.4931	1.2546	1.0077	0	1.5475	0.9969	1.0039	0.9916	0.9992	0.9918	0.9932	0.9927	0.9956	0.9937	0.9937	1.0018	0.9933	0.9932	0.9928	0.9932	0.993	0.9929	0.9958	0.9947	0.9946	0.9934	0.993	0.993	0.994	0.9934	0.9945	0.9917	1.0073	0.9931	0.9939	0.9924	0.9924	0.9939	0.9929	1.0014	0.9912	0.9931	0.9941
  H	0.9924	1.0105	1.0174	1.4603	0.9943	1.5142	1.5475	0	1.0005	1.0162	0.9965	1.008	0.993	0.9959	0.9968	0.9985	0.9947	0.9947	1.0049	0.9944	0.9967	0.9942	0.9959	0.994	0.9939	0.997	0.9958	0.9948	1.0049	0.9941	0.9941	0.9969	1.0055	1.108	0.9932	1.2809	0.9948	0.9945	0.9936	0.9936	1.0194	0.994	1.2031	0.9924	0.9948	0.9947
  I	0.9944	1.0011	0.9951	0.9964	0.9957	0.995	0.9969	1.0005	0	1.2038	0.9969	1.0071	0.9952	1.1988	0.9973	1.0186	1.1658	1.1651	1.091	1.0005	1.0117	0.9997	1.1975	0.9984	0.9977	1.0206	1.0068	0.9969	0.9959	0.9963	1.0132	0.9981	0.996	0.9975	0.9955	1.1943	0.9966	0.9967	0.9958	0.9958	0.997	1.0099	1.0336	0.9945	0.9966	0.9969
  J	1.0003	1.2498	1.0008	1.0026	1.0035	1.0008	1.0039	1.0162	1.2038	0	1.001	1.0093	1.0005	1.0029	1.002	1.2946	1.1024	1.1019	1.6478	1.1354	1.2314	1.136	1.0029	1.0718	1.0549	1.3555	1.2476	1.003	1.2396	1.0019	1.2657	1.0031	1.2476	1.0406	1.0007	1.0587	1.0021	1.0027	1.0013	1.0013	1.0811	1.2276	1.1097	1.0	1.0021	1.0029
  K	0.9895	0.9953	0.9901	0.9914	0.9908	0.99	0.9916	0.9965	0.9969	1.001	0	1.0032	0.9901	0.9926	0.993	0.9949	0.9918	0.9918	1.0012	0.9914	0.9928	0.9912	0.9926	0.9911	0.991	0.9939	0.9928	0.9919	0.9906	0.9912	0.9911	0.9936	0.9907	0.9928	0.9902	1.4836	0.9917	0.9916	0.9907	0.9907	0.9918	0.991	1.0386	0.9895	0.9917	0.9918
  L	0.9965	1.0031	0.9972	0.999	0.9978	0.9974	0.9992	1.008	1.0071	1.0093	1.0032	0	1.4092	1.0017	1.1266	1.0041	0.999	0.999	1.0106	0.9987	1.0026	0.9987	1.0017	0.9983	0.9982	1.0014	1.0001	0.9989	0.998	1.5171	0.9983	1.2414	0.998	1.002	1.1524	2.8654	1.0958	0.9988	1.2284	1.2284	0.9995	0.9982	1.0511	1.4942	1.0958	0.999
  M	0.9897	0.9953	0.9902	0.9914	0.9909	0.9901	0.9918	0.993	0.9952	1.0005	0.9901	1.4092	0	0.9917	0.9915	0.9939	0.9919	0.9919	0.9998	0.9916	0.9916	0.9911	0.9917	0.9913	0.9912	0.994	0.9929	0.992	0.9906	0.992	0.9913	0.9929	0.9907	0.9915	0.995	1.1178	0.9917	0.9917	1.0343	1.0343	0.9916	0.9912	0.9971	0.9898	0.9917	0.9919
  N	0.991	0.997	0.9916	0.9929	0.9923	0.9915	0.9932	0.9959	1.1988	1.0029	0.9926	1.0017	0.9917	0	0.9932	0.9959	0.9938	0.9938	1.0022	0.993	0.9937	0.9926	1.452	0.9927	0.9926	0.9956	0.9944	0.9934	0.9921	0.9928	0.9928	0.9942	0.9921	0.9935	0.9918	1.1214	0.993	0.9932	0.9922	0.9922	0.9931	0.9926	1.0173	0.991	0.993	0.9934
  O	0.9905	0.9964	0.9911	0.9924	0.9918	0.991	0.9927	0.9968	0.9973	1.002	0.993	1.1266	0.9915	0.9932	0	0.9955	0.9928	0.9928	1.0018	0.9925	0.9934	0.9921	0.9932	0.9921	0.9921	0.995	0.9938	0.9929	0.9916	0.9928	0.9922	1.023	0.9917	0.9934	0.9916	1.2569	1.0021	0.9926	0.992	0.992	0.9927	0.992	1.0361	0.9909	1.0021	0.9928
  P	0.9932	1.0	0.9939	0.9951	0.9945	0.9937	0.9956	0.9985	1.0186	1.2946	0.9949	1.0041	0.9939	0.9959	0.9955	0	1.0046	1.0046	1.2296	1.0008	1.4082	1.0173	0.9959	0.9981	0.9973	1.0187	1.0064	0.9957	0.9949	0.995	1.0351	0.9965	0.9949	0.9963	0.9941	1.1214	0.9952	0.9954	0.9945	0.9945	0.996	1.0284	1.1384	0.9932	0.9952	0.9956
  Q	0.9914	0.9976	0.992	0.9932	0.9927	0.9919	0.9937	0.9947	1.1658	1.1024	0.9918	0.999	0.9919	0.9938	0.9928	1.0046	0	1.3598	1.0432	0.9952	0.9999	0.9945	0.9938	0.9941	0.9937	1.0064	0.9991	0.9939	0.9926	0.9932	1.0011	0.9941	0.9927	0.9933	0.9919	1.0045	0.9932	0.9936	0.9926	0.9926	0.9935	0.9995	0.9995	0.9914	0.9932	0.9938
  R	0.9914	0.9975	0.992	0.9932	0.9927	0.9919	0.9937	0.9947	1.1651	1.1019	0.9918	0.999	0.9919	0.9938	0.9928	1.0046	1.3598	0	1.043	0.9952	0.9998	0.9944	0.9938	0.9941	0.9937	1.0064	0.9991	0.9938	0.9926	0.9932	1.0011	0.9941	0.9927	0.9933	0.9919	1.0045	0.9932	0.9936	0.9925	0.9925	0.9935	0.9994	0.9995	0.9914	0.9932	0.9938
  S	0.999	1.0069	0.9998	1.0012	1.0004	0.9997	1.0018	1.0049	1.091	1.6478	1.0012	1.0106	0.9998	1.0022	1.0018	1.2296	1.0432	1.043	0	1.138	1.0326	1.2594	1.0022	1.0735	1.1715	1.2413	1.2778	1.0016	1.0013	1.001	1.0366	1.0026	1.0013	1.0026	1.0001	1.1367	1.0013	1.0014	1.0005	1.0005	1.0023	1.0302	1.1621	0.9991	1.0013	1.0016
  T	0.9911	0.9971	0.9917	0.9928	0.9924	0.9915	0.9933	0.9944	1.0005	1.1354	0.9914	0.9987	0.9916	0.993	0.9925	1.0008	0.9952	0.9952	1.138	0	0.9944	0.9981	0.993	1.0836	0.9951	1.1835	1.0093	0.9935	0.9923	0.9928	0.9944	0.9937	0.9923	0.993	0.9915	1.0051	0.9928	0.9932	0.9922	0.9922	0.9932	0.994	1.0008	0.9911	0.9928	0.9934
  U	0.9909	0.9972	0.9915	0.9928	0.9922	0.9914	0.9932	0.9967	1.0117	1.2314	0.9928	1.0026	0.9916	0.9937	0.9934	1.4082	0.9999	0.9998	1.0326	0.9944	0	0.994	0.9937	0.9934	0.9931	1.0031	0.9976	0.9933	0.9923	0.9927	1.0275	0.9943	0.9924	0.9938	0.9916	1.4594	0.993	0.9931	0.9922	0.9922	0.9934	1.0215	1.032	0.9909	0.993	0.9933
  V	0.9906	0.9967	0.9912	0.9923	0.9919	0.991	0.9928	0.9942	0.9997	1.136	0.9912	0.9987	0.9911	0.9926	0.9921	1.0173	0.9945	0.9944	1.2594	0.9981	0.994	0	0.9926	0.9953	0.9942	1.0292	1.0073	0.993	0.9918	0.9923	0.9938	0.9933	0.9919	0.9927	0.9911	1.019	0.9924	0.9927	0.9917	0.9917	0.9928	0.9933	1.018	0.9906	0.9924	0.9929
  W	0.991	0.9969	0.9916	0.9928	0.9923	0.9915	0.9932	0.9959	1.1975	1.0029	0.9926	1.0017	0.9917	1.452	0.9932	0.9959	0.9938	0.9938	1.0022	0.993	0.9937	0.9926	0	0.9927	0.9926	0.9956	0.9944	0.9934	0.9921	0.9928	0.9928	0.9942	0.9921	0.9935	0.9918	1.1206	0.993	0.9932	0.9922	0.9922	0.9931	0.9926	1.0172	0.991	0.993	0.9934
  X	0.9908	0.9967	0.9913	0.9925	0.992	0.9912	0.993	0.994	0.9984	1.0718	0.9911	0.9983	0.9913	0.9927	0.9921	0.9981	0.9941	0.9941	1.0735	1.0836	0.9934	0.9953	0.9927	0	0.9937	1.4355	1.0024	0.9932	0.9919	0.9925	0.9934	0.9934	0.9919	0.9926	0.9912	1.0038	0.9925	0.9929	0.9919	0.9919	0.9928	0.9931	0.9993	0.9908	0.9925	0.9931
  Y	0.9907	0.9966	0.9913	0.9924	0.992	0.9911	0.9929	0.9939	0.9977	1.0549	0.991	0.9982	0.9912	0.9926	0.9921	0.9973	0.9937	0.9937	1.1715	0.9951	0.9931	0.9942	0.9926	0.9937	0	1.0099	1.4874	0.9931	0.9918	0.9924	0.9931	0.9933	0.9918	0.9925	0.9911	1.0034	0.9924	0.9928	0.9918	0.9918	0.9927	0.9928	0.9989	0.9907	0.9924	0.993
  Z	0.9935	1.0001	0.9941	0.9953	0.9948	0.9939	0.9958	0.997	1.0206	1.3555	0.9939	1.0014	0.994	0.9956	0.995	1.0187	1.0064	1.0064	1.2413	1.1835	1.0031	1.0292	0.9956	1.4355	1.0099	0	1.5228	0.9959	0.995	0.9952	1.0043	0.9962	0.995	0.9956	0.994	1.014	0.9953	0.9957	0.9946	0.9946	0.9959	1.0025	1.0109	0.9935	0.9953	0.9959
  [	0.9924	0.9988	0.993	0.9942	0.9937	0.9928	0.9947	0.9958	1.0068	1.2476	0.9928	1.0001	0.9929	0.9944	0.9938	1.0064	0.9991	0.9991	1.2778	1.0093	0.9976	1.0073	0.9944	1.0024	1.4874	1.5228	0	0.9948	0.9938	0.9941	0.998	0.9951	0.9938	0.9944	0.9929	1.0081	0.9942	0.9946	0.9935	0.9935	0.9946	0.9972	1.0041	0.9924	0.9942	0.9948
  \	0.9923	1.4444	0.9921	0.9933	0.9938	0.992	0.9946	0.9948	0.9969	1.003	0.9919	0.9989	0.992	0.9934	0.9929	0.9957	0.9939	0.9938	1.0016	0.9935	0.9933	0.993	0.9934	0.9932	0.9931	0.9959	0.9948	0	0.993	0.9932	0.9932	0.9942	0.9931	0.9935	0.992	1.0031	0.9933	1.1032	0.9927	0.9927	0.9938	0.9931	0.9988	0.9915	0.9933	1.1335
  ]	0.9905	1.2281	0.9907	0.9924	0.9935	0.9908	0.9934	1.0049	0.9959	1.2396	0.9906	0.998	0.9906	0.9921	0.9916	0.9949	0.9926	0.9926	1.0013	0.9923	0.9923	0.9918	0.9921	0.9919	0.9918	0.995	0.9938	0.993	0	0.9918	0.9921	0.9928	1.227	1.0285	0.9906	1.0149	0.9919	0.9925	0.9912	0.9912	1.067	0.9919	1.057	0.9901	0.9919	0.9927
  ^	0.9908	0.9966	0.9914	0.9926	0.9921	0.9913	0.993	0.9941	0.9963	1.0019	0.9912	1.5171	0.992	0.9928	0.9928	0.995	0.9932	0.9932	1.001	0.9928	0.9927	0.9923	0.9928	0.9925	0.9924	0.9952	0.9941	0.9932	0.9918	0	0.9925	0.9944	0.9919	0.9926	0.9916	1.0054	0.9931	0.993	0.9926	0.9926	0.9928	0.9924	0.998	0.9915	0.9931	0.9932
  _	0.9908	0.9969	0.9914	0.9926	0.9921	0.9912	0.993	0.9941	1.0132	1.2657	0.9911	0.9983	0.9913	0.9928	0.9922	1.0351	1.0011	1.0011	1.0366	0.9944	1.0275	0.9938	0.9928	0.9934	0.9931	1.0043	0.998	0.9932	0.9921	0.9925	0	0.9934	0.9921	0.9927	0.9912	1.0036	0.9926	0.9929	0.9919	0.9919	0.993	1.3671	0.9989	0.9908	0.9926	0.9931
  `	0.9917	0.9977	0.9924	0.9936	0.993	0.9922	0.994	0.9969	0.9981	1.0031	0.9936	1.2414	0.9929	0.9942	1.023	0.9965	0.9941	0.9941	1.0026	0.9937	0.9943	0.9933	0.9942	0.9934	0.9933	0.9962	0.9951	0.9942	0.9928	0.9944	0.9934	0	0.9928	0.9943	0.9928	1.1055	1.1979	0.9939	0.9934	0.9934	0.9939	0.9933	1.0167	0.9923	1.1979	0.9941
  a	0.9905	1.2359	0.9907	0.9924	0.9936	0.9909	0.9934	1.0055	0.996	1.2476	0.9907	0.998	0.9907	0.9921	0.9917	0.9949	0.9927	0.9927	1.0013	0.9923	0.9924	0.9919	0.9921	0.9919	0.9918	0.995	0.9938	0.9931	1.227	0.9919	0.9921	0.9928	0	1.0305	0.9907	1.0156	0.9919	0.9925	0.9913	0.9913	1.071	0.992	1.0601	0.9902	0.9919	0.9928
  b	0.9911	1.0337	0.9916	0.9983	0.9926	0.9943	0.9945	1.108	0.9975	1.0406	0.9928	1.002	0.9915	0.9935	0.9934	0.9963	0.9933	0.9933	1.0026	0.993	0.9938	0.9927	0.9935	0.9926	0.9925	0.9956	0.9944	0.9935	1.0285	0.9926	0.9927	0.9943	1.0305	0	0.9916	1.1252	0.9929	0.9931	0.9921	0.9921	1.0767	0.9926	1.4049	0.9909	0.9929	0.9933
  c	0.9896	0.9953	0.9902	0.9913	0.9909	0.99	0.9917	0.9932	0.9955	1.0007	0.9902	1.1524	0.995	0.9918	0.9916	0.9941	0.9919	0.9919	1.0001	0.9915	0.9916	0.9911	0.9918	0.9912	0.9911	0.994	0.9929	0.992	0.9906	0.9916	0.9912	0.9928	0.9907	0.9916	0	1.4475	0.9916	0.9917	0.9925	0.9925	0.9916	0.9911	0.9977	0.9898	0.9916	0.9919
  d	1.0006	1.0204	1.0018	1.0213	1.002	1.0118	1.0073	1.2809	1.1943	1.0587	1.4836	2.8654	1.1178	1.1214	1.2569	1.1214	1.0045	1.0045	1.1367	1.0051	1.4594	1.019	1.1206	1.0038	1.0034	1.014	1.0081	1.0031	1.0149	1.0054	1.0036	1.1055	1.0156	1.1252	1.4475	0	1.0421	1.003	1.0583	1.0583	1.0313	1.0032	1.671	1.0014	1.0421	1.0032
  e	0.9909	0.9967	0.9914	0.9926	0.9921	0.9913	0.9931	0.9948	0.9966	1.0021	0.9917	1.0958	0.9917	0.993	1.0021	0.9952	0.9932	0.9932	1.0013	0.9928	0.993	0.9924	0.993	0.9925	0.9924	0.9953	0.9942	0.9933	0.9919	0.9931	0.9926	1.1979	0.9919	0.9929	0.9916	1.0421	0	0.993	0.9922	0.9922	0.9929	0.9924	1.0044	0.9912	1.4234	0.9932
  f	0.9917	1.0951	0.9918	0.993	0.993	0.9917	0.9939	0.9945	0.9967	1.0027	0.9916	0.9988	0.9917	0.9932	0.9926	0.9954	0.9936	0.9936	1.0014	0.9932	0.9931	0.9927	0.9932	0.9929	0.9928	0.9957	0.9946	1.1032	0.9925	0.993	0.9929	0.9939	0.9925	0.9931	0.9917	1.003	0.993	0	0.9924	0.9924	0.9933	0.9928	0.9984	0.9912	0.993	1.4358
  g	0.9902	0.996	0.9908	0.992	0.9915	0.9907	0.9924	0.9936	0.9958	1.0013	0.9907	1.2284	1.0343	0.9922	0.992	0.9945	0.9926	0.9925	1.0005	0.9922	0.9922	0.9917	0.9922	0.9919	0.9918	0.9946	0.9935	0.9927	0.9912	0.9926	0.9919	0.9934	0.9913	0.9921	0.9925	1.0583	0.9922	0.9924	0	1.3676	0.9922	0.9918	0.9976	0.9906	0.9922	0.9926
  h	0.9902	0.996	0.9908	0.992	0.9915	0.9907	0.9924	0.9936	0.9958	1.0013	0.9907	1.2284	1.0343	0.9922	0.992	0.9945	0.9926	0.9925	1.0005	0.9922	0.9922	0.9917	0.9922	0.9919	0.9918	0.9946	0.9935	0.9927	0.9912	0.9926	0.9919	0.9934	0.9913	0.9921	0.9925	1.0583	0.9922	0.9924	1.3676	0	0.9922	0.9918	0.9976	0.9906	0.9922	0.9926
  i	0.9913	1.0731	0.9917	0.9939	0.993	0.992	0.9939	1.0194	0.997	1.0811	0.9918	0.9995	0.9916	0.9931	0.9927	0.996	0.9935	0.9935	1.0023	0.9932	0.9934	0.9928	0.9931	0.9928	0.9927	0.9959	0.9946	0.9938	1.067	0.9928	0.993	0.9939	1.071	1.0767	0.9916	1.0313	0.9929	0.9933	0.9922	0.9922	0	0.9928	1.1363	0.9911	0.9929	0.9936
  j	0.9907	0.9968	0.9912	0.9924	0.9919	0.9911	0.9929	0.994	1.0099	1.2276	0.991	0.9982	0.9912	0.9926	0.992	1.0284	0.9995	0.9994	1.0302	0.994	1.0215	0.9933	0.9926	0.9931	0.9928	1.0025	0.9972	0.9931	0.9919	0.9924	1.3671	0.9933	0.992	0.9926	0.9911	1.0032	0.9924	0.9928	0.9918	0.9918	0.9928	0	0.9986	0.9907	0.9924	0.993
  k	0.9963	1.0627	0.997	1.0101	0.998	1.0035	1.0014	1.2031	1.0336	1.1097	1.0386	1.0511	0.9971	1.0173	1.0361	1.1384	0.9995	0.9995	1.1621	1.0008	1.032	1.018	1.0172	0.9993	0.9989	1.0109	1.0041	0.9988	1.057	0.998	0.9989	1.0167	1.0601	1.4049	0.9977	1.671	1.0044	0.9984	0.9976	0.9976	1.1363	0.9986	0	0.9962	1.0044	0.9986
  l	0.9892	0.9948	0.9897	0.9909	0.9904	0.9896	0.9912	0.9924	0.9945	1.0	0.9895	1.4942	0.9898	0.991	0.9909	0.9932	0.9914	0.9914	0.9991	0.9911	0.9909	0.9906	0.991	0.9908	0.9907	0.9935	0.9924	0.9915	0.9901	0.9915	0.9908	0.9923	0.9902	0.9909	0.9898	1.0014	0.9912	0.9912	0.9906	0.9906	0.9911	0.9907	0.9962	0	0.9912	0.9914
  m	0.9909	0.9967	0.9914	0.9926	0.9921	0.9913	0.9931	0.9948	0.9966	1.0021	0.9917	1.0958	0.9917	0.993	1.0021	0.9952	0.9932	0.9932	1.0013	0.9928	0.993	0.9924	0.993	0.9925	0.9924	0.9953	0.9942	0.9933	0.9919	0.9931	0.9926	1.1979	0.9919	0.9929	0.9916	1.0421	1.4234	0.993	0.9922	0.9922	0.9929	0.9924	1.0044	0.9912	0	0.9932
  n	0.9919	1.122	0.992	0.9932	0.9933	0.9919	0.9941	0.9947	0.9969	1.0029	0.9918	0.999	0.9919	0.9934	0.9928	0.9956	0.9938	0.9938	1.0016	0.9934	0.9933	0.9929	0.9934	0.9931	0.993	0.9959	0.9948	1.1335	0.9927	0.9932	0.9931	0.9941	0.9928	0.9933	0.9919	1.0032	0.9932	1.4358	0.9926	0.9926	0.9936	0.993	0.9986	0.9914	0.9932	0

Actual rates from j->i (Q_ij):
	A	B	C	D	E	F	G	H	I	J	K	L	M	N	O	P	Q	R	S	T	U	V	W	X	Y	Z	[	\	]	^	_	`	a	b	c	d	e	f	g	h	i	j	k	l	m	n
  A	0	0.0318	0.0211	0.0211	0.0211	0.0211	0.0212	0.0212	0.0212	0.0213	0.0211	0.0213	0.0211	0.0211	0.0211	0.0212	0.0211	0.0211	0.0213	0.0211	0.0211	0.0211	0.0211	0.0211	0.0211	0.0212	0.0212	0.0212	0.0211	0.0211	0.0211	0.0212	0.0211	0.0211	0.0211	0.0213	0.0211	0.0212	0.0211	0.0211	0.0211	0.0211	0.0213	0.0211	0.0211	0.0212
  B	0.0341	0	0.0227	0.0228	0.0324	0.0227	0.0285	0.0231	0.0229	0.0286	0.0227	0.0229	0.0227	0.0228	0.0228	0.0228	0.0228	0.0228	0.023	0.0228	0.0228	0.0228	0.0228	0.0228	0.0228	0.0228	0.0228	0.033	0.0281	0.0228	0.0228	0.0228	0.0282	0.0236	0.0227	0.0233	0.0228	0.025	0.0228	0.0228	0.0245	0.0228	0.0243	0.0227	0.0228	0.0256
  C	0.0216	0.0217	0	0.0336	0.0216	0.0216	0.0226	0.0222	0.0217	0.0218	0.0216	0.0218	0.0216	0.0216	0.0216	0.0217	0.0216	0.0216	0.0218	0.0216	0.0216	0.0216	0.0216	0.0216	0.0216	0.0217	0.0217	0.0216	0.0216	0.0216	0.0216	0.0216	0.0216	0.0216	0.0216	0.0219	0.0216	0.0216	0.0216	0.0216	0.0216	0.0216	0.0218	0.0216	0.0216	0.0216
  D	0.0217	0.0218	0.0337	0	0.0217	0.0221	0.0326	0.0319	0.0218	0.0219	0.0217	0.0218	0.0217	0.0217	0.0217	0.0218	0.0217	0.0217	0.0219	0.0217	0.0217	0.0217	0.0217	0.0217	0.0217	0.0218	0.0217	0.0217	0.0217	0.0217	0.0217	0.0217	0.0217	0.0218	0.0217	0.0223	0.0217	0.0217	0.0217	0.0217	0.0217	0.0217	0.0221	0.0217	0.0217	0.0217
  E	0.0211	0.0302	0.0211	0.0212	0	0.0211	0.0267	0.0212	0.0212	0.0214	0.0211	0.0213	0.0211	0.0212	0.0211	0.0212	0.0212	0.0212	0.0213	0.0212	0.0212	0.0211	0.0212	0.0211	0.0211	0.0212	0.0212	0.0212	0.0212	0.0211	0.0211	0.0212	0.0212	0.0212	0.0211	0.0214	0.0211	0.0212	0.0211	0.0211	0.0212	0.0211	0.0213	0.0211	0.0211	0.0212
  F	0.0215	0.0216	0.0215	0.022	0.0215	0	0.0219	0.0329	0.0216	0.0217	0.0215	0.0217	0.0215	0.0215	0.0215	0.0216	0.0215	0.0215	0.0217	0.0215	0.0215	0.0215	0.0215	0.0215	0.0215	0.0216	0.0216	0.0215	0.0215	0.0215	0.0215	0.0216	0.0215	0.0216	0.0215	0.022	0.0215	0.0215	0.0215	0.0215	0.0215	0.0215	0.0218	0.0215	0.0215	0.0215
  G	0.0224	0.0282	0.0234	0.0338	0.0284	0.0228	0	0.035	0.0226	0.0227	0.0224	0.0226	0.0224	0.0225	0.0225	0.0225	0.0225	0.0225	0.0227	0.0225	0.0225	0.0225	0.0225	0.0225	0.0225	0.0225	0.0225	0.0225	0.0225	0.0225	0.0225	0.0225	0.0225	0.0225	0.0224	0.0228	0.0225	0.0225	0.0225	0.0225	0.0225	0.0225	0.0227	0.0224	0.0225	0.0225
  H	0.0214	0.0218	0.0219	0.0315	0.0214	0.0326	0.0333	0	0.0216	0.0219	0.0215	0.0217	0.0214	0.0215	0.0215	0.0215	0.0214	0.0214	0.0217	0.0214	0.0215	0.0214	0.0215	0.0214	0.0214	0.0215	0.0215	0.0214	0.0217	0.0214	0.0214	0.0215	0.0217	0.0239	0.0214	0.0276	0.0214	0.0214	0.0214	0.0214	0.022	0.0214	0.0259	0.0214	0.0214	0.0214
  I	0.022	0.0221	0.022	0.022	0.022	0.022	0.022	0.0221	0	0.0266	0.022	0.0222	0.022	0.0265	0.022	0.0225	0.0257	0.0257	0.0241	0.0221	0.0223	0.0221	0.0264	0.0221	0.022	0.0225	0.0222	0.022	0.022	0.022	0.0224	0.022	0.022	0.022	0.022	0.0264	0.022	0.022	0.022	0.022	0.022	0.0223	0.0228	0.022	0.022	0.022
  J	0.0223	0.0278	0.0223	0.0223	0.0224	0.0223	0.0224	0.0226	0.0268	0	0.0223	0.0225	0.0223	0.0223	0.0223	0.0288	0.0246	0.0245	0.0367	0.0253	0.0274	0.0253	0.0223	0.0239	0.0235	0.0302	0.0278	0.0223	0.0276	0.0223	0.0282	0.0223	0.0278	0.0232	0.0223	0.0236	0.0223	0.0223	0.0223	0.0223	0.0241	0.0273	0.0247	0.0223	0.0223	0.0223
  K	0.0212	0.0213	0.0212	0.0213	0.0212	0.0212	0.0213	0.0214	0.0214	0.0215	0	0.0215	0.0212	0.0213	0.0213	0.0213	0.0213	0.0213	0.0215	0.0213	0.0213	0.0213	0.0213	0.0213	0.0213	0.0213	0.0213	0.0213	0.0212	0.0213	0.0213	0.0213	0.0212	0.0213	0.0212	0.0318	0.0213	0.0213	0.0212	0.0212	0.0213	0.0213	0.0223	0.0212	0.0213	0.0213
  L	0.0207	0.0209	0.0208	0.0208	0.0208	0.0208	0.0208	0.021	0.021	0.021	0.0209	0	0.0293	0.0208	0.0234	0.0209	0.0208	0.0208	0.021	0.0208	0.0209	0.0208	0.0208	0.0208	0.0208	0.0208	0.0208	0.0208	0.0208	0.0316	0.0208	0.0258	0.0208	0.0209	0.024	0.0596	0.0228	0.0208	0.0256	0.0256	0.0208	0.0208	0.0219	0.0311	0.0228	0.0208
  M	0.0211	0.0213	0.0212	0.0212	0.0212	0.0212	0.0212	0.0212	0.0213	0.0214	0.0212	0.0301	0	0.0212	0.0212	0.0212	0.0212	0.0212	0.0214	0.0212	0.0212	0.0212	0.0212	0.0212	0.0212	0.0212	0.0212	0.0212	0.0212	0.0212	0.0212	0.0212	0.0212	0.0212	0.0213	0.0239	0.0212	0.0212	0.0221	0.0221	0.0212	0.0212	0.0213	0.0211	0.0212	0.0212
  N	0.0217	0.0218	0.0217	0.0217	0.0217	0.0217	0.0217	0.0218	0.0262	0.0219	0.0217	0.0219	0.0217	0	0.0217	0.0218	0.0217	0.0217	0.0219	0.0217	0.0217	0.0217	0.0317	0.0217	0.0217	0.0218	0.0217	0.0217	0.0217	0.0217	0.0217	0.0217	0.0217	0.0217	0.0217	0.0245	0.0217	0.0217	0.0217	0.0217	0.0217	0.0217	0.0222	0.0217	0.0217	0.0217
  O	0.0214	0.0216	0.0214	0.0215	0.0215	0.0214	0.0215	0.0216	0.0216	0.0217	0.0215	0.0244	0.0215	0.0215	0	0.0215	0.0215	0.0215	0.0217	0.0215	0.0215	0.0215	0.0215	0.0215	0.0215	0.0215	0.0215	0.0215	0.0215	0.0215	0.0215	0.0221	0.0215	0.0215	0.0215	0.0272	0.0217	0.0215	0.0215	0.0215	0.0215	0.0215	0.0224	0.0214	0.0217	0.0215
  P	0.0218	0.0219	0.0218	0.0218	0.0218	0.0218	0.0219	0.0219	0.0224	0.0284	0.0218	0.022	0.0218	0.0219	0.0218	0	0.022	0.022	0.027	0.022	0.0309	0.0223	0.0219	0.0219	0.0219	0.0224	0.0221	0.0219	0.0218	0.0218	0.0227	0.0219	0.0218	0.0219	0.0218	0.0246	0.0218	0.0218	0.0218	0.0218	0.0219	0.0226	0.025	0.0218	0.0218	0.0219
  Q	0.0217	0.0218	0.0217	0.0218	0.0217	0.0217	0.0218	0.0218	0.0255	0.0241	0.0217	0.0219	0.0217	0.0218	0.0217	0.022	0	0.0298	0.0228	0.0218	0.0219	0.0218	0.0218	0.0218	0.0218	0.022	0.0219	0.0218	0.0217	0.0218	0.0219	0.0218	0.0217	0.0218	0.0217	0.022	0.0218	0.0218	0.0217	0.0217	0.0218	0.0219	0.0219	0.0217	0.0218	0.0218
  R	0.0217	0.0218	0.0217	0.0218	0.0217	0.0217	0.0218	0.0218	0.0255	0.0241	0.0217	0.0219	0.0217	0.0218	0.0217	0.022	0.0298	0	0.0228	0.0218	0.0219	0.0218	0.0218	0.0218	0.0218	0.022	0.0219	0.0218	0.0217	0.0218	0.0219	0.0218	0.0217	0.0218	0.0217	0.022	0.0218	0.0218	0.0217	0.0217	0.0218	0.0219	0.0219	0.0217	0.0218	0.0218
  S	0.0218	0.0219	0.0218	0.0218	0.0218	0.0218	0.0218	0.0219	0.0238	0.0359	0.0218	0.022	0.0218	0.0218	0.0218	0.0268	0.0227	0.0227	0	0.0248	0.0225	0.0274	0.0218	0.0234	0.0255	0.027	0.0278	0.0218	0.0218	0.0218	0.0226	0.0218	0.0218	0.0218	0.0218	0.0248	0.0218	0.0218	0.0218	0.0218	0.0218	0.0224	0.0253	0.0218	0.0218	0.0218
  T	0.0216	0.0217	0.0216	0.0217	0.0216	0.0216	0.0217	0.0217	0.0218	0.0248	0.0216	0.0218	0.0216	0.0217	0.0216	0.0218	0.0217	0.0217	0.0248	0	0.0217	0.0218	0.0217	0.0236	0.0217	0.0258	0.022	0.0217	0.0216	0.0217	0.0217	0.0217	0.0216	0.0217	0.0216	0.0219	0.0217	0.0217	0.0216	0.0216	0.0217	0.0217	0.0218	0.0216	0.0217	0.0217
  U	0.0216	0.0217	0.0216	0.0217	0.0216	0.0216	0.0217	0.0217	0.0221	0.0269	0.0217	0.0219	0.0216	0.0217	0.0217	0.0307	0.0218	0.0218	0.0225	0.0217	0	0.0217	0.0217	0.0217	0.0217	0.0219	0.0218	0.0217	0.0216	0.0217	0.0224	0.0217	0.0216	0.0217	0.0216	0.0318	0.0217	0.0217	0.0216	0.0216	0.0217	0.0223	0.0225	0.0216	0.0217	0.0217
  V	0.0216	0.0217	0.0216	0.0216	0.0216	0.0216	0.0216	0.0217	0.0218	0.0247	0.0216	0.0218	0.0216	0.0216	0.0216	0.0222	0.0217	0.0217	0.0274	0.0217	0.0217	0	0.0216	0.0217	0.0217	0.0224	0.0219	0.0216	0.0216	0.0216	0.0216	0.0216	0.0216	0.0216	0.0216	0.0222	0.0216	0.0216	0.0216	0.0216	0.0216	0.0216	0.0222	0.0216	0.0216	0.0216
  W	0.0217	0.0218	0.0217	0.0217	0.0217	0.0217	0.0217	0.0218	0.0262	0.0219	0.0217	0.0219	0.0217	0.0317	0.0217	0.0218	0.0217	0.0217	0.0219	0.0217	0.0217	0.0217	0	0.0217	0.0217	0.0218	0.0217	0.0217	0.0217	0.0217	0.0217	0.0217	0.0217	0.0217	0.0217	0.0245	0.0217	0.0217	0.0217	0.0217	0.0217	0.0217	0.0222	0.0217	0.0217	0.0217
  X	0.0216	0.0218	0.0217	0.0217	0.0217	0.0217	0.0217	0.0217	0.0218	0.0234	0.0216	0.0218	0.0217	0.0217	0.0217	0.0218	0.0217	0.0217	0.0234	0.0237	0.0217	0.0217	0.0217	0	0.0217	0.0314	0.0219	0.0217	0.0217	0.0217	0.0217	0.0217	0.0217	0.0217	0.0217	0.0219	0.0217	0.0217	0.0217	0.0217	0.0217	0.0217	0.0218	0.0216	0.0217	0.0217
  Y	0.0216	0.0218	0.0216	0.0217	0.0217	0.0216	0.0217	0.0217	0.0218	0.023	0.0216	0.0218	0.0216	0.0217	0.0217	0.0218	0.0217	0.0217	0.0256	0.0217	0.0217	0.0217	0.0217	0.0217	0	0.0221	0.0325	0.0217	0.0217	0.0217	0.0217	0.0217	0.0217	0.0217	0.0216	0.0219	0.0217	0.0217	0.0217	0.0217	0.0217	0.0217	0.0218	0.0216	0.0217	0.0217
  Z	0.0219	0.0221	0.0219	0.022	0.0219	0.0219	0.022	0.022	0.0225	0.0299	0.0219	0.0221	0.0219	0.022	0.0219	0.0225	0.0222	0.0222	0.0274	0.0261	0.0221	0.0227	0.022	0.0317	0.0223	0	0.0336	0.022	0.0219	0.022	0.0222	0.022	0.0219	0.022	0.0219	0.0224	0.022	0.022	0.0219	0.0219	0.022	0.0221	0.0223	0.0219	0.022	0.022
  [	0.0219	0.0221	0.0219	0.022	0.022	0.0219	0.022	0.022	0.0222	0.0276	0.0219	0.0221	0.0219	0.022	0.022	0.0222	0.0221	0.0221	0.0282	0.0223	0.022	0.0223	0.022	0.0221	0.0329	0.0336	0	0.022	0.022	0.022	0.0221	0.022	0.022	0.022	0.0219	0.0223	0.022	0.022	0.022	0.022	0.022	0.022	0.0222	0.0219	0.022	0.022
  \	0.0212	0.0309	0.0212	0.0213	0.0213	0.0212	0.0213	0.0213	0.0213	0.0215	0.0212	0.0214	0.0212	0.0213	0.0213	0.0213	0.0213	0.0213	0.0214	0.0213	0.0213	0.0213	0.0213	0.0213	0.0213	0.0213	0.0213	0	0.0213	0.0213	0.0213	0.0213	0.0213	0.0213	0.0212	0.0215	0.0213	0.0236	0.0213	0.0213	0.0213	0.0213	0.0214	0.0212	0.0213	0.0243
  ]	0.0212	0.0263	0.0213	0.0213	0.0213	0.0213	0.0213	0.0216	0.0214	0.0266	0.0213	0.0214	0.0213	0.0213	0.0213	0.0213	0.0213	0.0213	0.0215	0.0213	0.0213	0.0213	0.0213	0.0213	0.0213	0.0213	0.0213	0.0213	0	0.0213	0.0213	0.0213	0.0263	0.0221	0.0212	0.0218	0.0213	0.0213	0.0213	0.0213	0.0229	0.0213	0.0227	0.0212	0.0213	0.0213
  ^	0.0215	0.0216	0.0215	0.0215	0.0215	0.0215	0.0215	0.0215	0.0216	0.0217	0.0215	0.0329	0.0215	0.0215	0.0215	0.0216	0.0215	0.0215	0.0217	0.0215	0.0215	0.0215	0.0215	0.0215	0.0215	0.0216	0.0215	0.0215	0.0215	0	0.0215	0.0216	0.0215	0.0215	0.0215	0.0218	0.0215	0.0215	0.0215	0.0215	0.0215	0.0215	0.0216	0.0215	0.0215	0.0215
  _	0.0216	0.0217	0.0216	0.0216	0.0216	0.0216	0.0216	0.0217	0.0221	0.0276	0.0216	0.0217	0.0216	0.0216	0.0216	0.0225	0.0218	0.0218	0.0226	0.0217	0.0224	0.0216	0.0216	0.0216	0.0216	0.0219	0.0217	0.0216	0.0216	0.0216	0	0.0216	0.0216	0.0216	0.0216	0.0219	0.0216	0.0216	0.0216	0.0216	0.0216	0.0298	0.0218	0.0216	0.0216	0.0216
  `	0.0214	0.0216	0.0214	0.0215	0.0215	0.0214	0.0215	0.0215	0.0216	0.0217	0.0215	0.0268	0.0215	0.0215	0.0221	0.0215	0.0215	0.0215	0.0217	0.0215	0.0215	0.0215	0.0215	0.0215	0.0215	0.0215	0.0215	0.0215	0.0215	0.0215	0.0215	0	0.0215	0.0215	0.0215	0.0239	0.0259	0.0215	0.0215	0.0215	0.0215	0.0215	0.022	0.0214	0.0259	0.0215
  a	0.0212	0.0265	0.0212	0.0213	0.0213	0.0212	0.0213	0.0216	0.0213	0.0267	0.0212	0.0214	0.0212	0.0213	0.0213	0.0213	0.0213	0.0213	0.0215	0.0213	0.0213	0.0213	0.0213	0.0213	0.0213	0.0213	0.0213	0.0213	0.0263	0.0213	0.0213	0.0213	0	0.0221	0.0212	0.0218	0.0213	0.0213	0.0212	0.0212	0.023	0.0213	0.0227	0.0212	0.0213	0.0213
  b	0.0214	0.0223	0.0214	0.0216	0.0215	0.0215	0.0215	0.024	0.0216	0.0225	0.0215	0.0217	0.0214	0.0215	0.0215	0.0215	0.0215	0.0215	0.0217	0.0215	0.0215	0.0215	0.0215	0.0215	0.0215	0.0215	0.0215	0.0215	0.0222	0.0215	0.0215	0.0215	0.0223	0	0.0214	0.0243	0.0215	0.0215	0.0214	0.0214	0.0233	0.0215	0.0304	0.0214	0.0215	0.0215
  c	0.0212	0.0214	0.0212	0.0213	0.0213	0.0212	0.0213	0.0213	0.0214	0.0215	0.0212	0.0247	0.0213	0.0213	0.0213	0.0213	0.0213	0.0213	0.0215	0.0213	0.0213	0.0213	0.0213	0.0213	0.0213	0.0213	0.0213	0.0213	0.0213	0.0213	0.0213	0.0213	0.0213	0.0213	0	0.0311	0.0213	0.0213	0.0213	0.0213	0.0213	0.0213	0.0214	0.0212	0.0213	0.0213
  d	0.0212	0.0216	0.0212	0.0216	0.0212	0.0214	0.0213	0.0271	0.0253	0.0224	0.0314	0.0607	0.0237	0.0237	0.0266	0.0237	0.0213	0.0213	0.0241	0.0213	0.0309	0.0216	0.0237	0.0212	0.0212	0.0215	0.0213	0.0212	0.0215	0.0213	0.0212	0.0234	0.0215	0.0238	0.0306	0	0.0221	0.0212	0.0224	0.0224	0.0218	0.0212	0.0354	0.0212	0.0221	0.0212
  e	0.0217	0.0218	0.0217	0.0217	0.0217	0.0217	0.0217	0.0217	0.0218	0.0219	0.0217	0.024	0.0217	0.0217	0.0219	0.0218	0.0217	0.0217	0.0219	0.0217	0.0217	0.0217	0.0217	0.0217	0.0217	0.0218	0.0217	0.0217	0.0217	0.0217	0.0217	0.0262	0.0217	0.0217	0.0217	0.0228	0	0.0217	0.0217	0.0217	0.0217	0.0217	0.022	0.0217	0.0311	0.0217
  f	0.0217	0.024	0.0217	0.0217	0.0217	0.0217	0.0218	0.0218	0.0218	0.022	0.0217	0.0219	0.0217	0.0217	0.0217	0.0218	0.0218	0.0218	0.0219	0.0217	0.0217	0.0217	0.0217	0.0217	0.0217	0.0218	0.0218	0.0242	0.0217	0.0217	0.0217	0.0218	0.0217	0.0217	0.0217	0.022	0.0217	0	0.0217	0.0217	0.0217	0.0217	0.0219	0.0217	0.0217	0.0314
  g	0.0215	0.0216	0.0215	0.0215	0.0215	0.0215	0.0215	0.0215	0.0216	0.0217	0.0215	0.0266	0.0224	0.0215	0.0215	0.0216	0.0215	0.0215	0.0217	0.0215	0.0215	0.0215	0.0215	0.0215	0.0215	0.0216	0.0215	0.0215	0.0215	0.0215	0.0215	0.0215	0.0215	0.0215	0.0215	0.0229	0.0215	0.0215	0	0.0297	0.0215	0.0215	0.0216	0.0215	0.0215	0.0215
  h	0.0215	0.0216	0.0215	0.0215	0.0215	0.0215	0.0215	0.0215	0.0216	0.0217	0.0215	0.0266	0.0224	0.0215	0.0215	0.0216	0.0215	0.0215	0.0217	0.0215	0.0215	0.0215	0.0215	0.0215	0.0215	0.0216	0.0215	0.0215	0.0215	0.0215	0.0215	0.0215	0.0215	0.0215	0.0215	0.0229	0.0215	0.0215	0.0297	0	0.0215	0.0215	0.0216	0.0215	0.0215	0.0215
  i	0.0216	0.0234	0.0216	0.0216	0.0216	0.0216	0.0216	0.0222	0.0217	0.0235	0.0216	0.0218	0.0216	0.0216	0.0216	0.0217	0.0216	0.0216	0.0218	0.0216	0.0216	0.0216	0.0216	0.0216	0.0216	0.0217	0.0217	0.0216	0.0232	0.0216	0.0216	0.0216	0.0233	0.0234	0.0216	0.0225	0.0216	0.0216	0.0216	0.0216	0	0.0216	0.0247	0.0216	0.0216	0.0216
  j	0.0216	0.0217	0.0216	0.0216	0.0216	0.0216	0.0217	0.0217	0.022	0.0268	0.0216	0.0218	0.0216	0.0216	0.0216	0.0224	0.0218	0.0218	0.0225	0.0217	0.0223	0.0217	0.0216	0.0217	0.0217	0.0219	0.0217	0.0217	0.0216	0.0216	0.0298	0.0217	0.0216	0.0216	0.0216	0.0219	0.0216	0.0217	0.0216	0.0216	0.0217	0	0.0218	0.0216	0.0216	0.0217
  k	0.0213	0.0227	0.0213	0.0216	0.0213	0.0215	0.0214	0.0257	0.0221	0.0237	0.0222	0.0225	0.0213	0.0217	0.0222	0.0243	0.0214	0.0214	0.0248	0.0214	0.0221	0.0218	0.0217	0.0214	0.0214	0.0216	0.0215	0.0214	0.0226	0.0213	0.0214	0.0217	0.0227	0.03	0.0213	0.0357	0.0215	0.0213	0.0213	0.0213	0.0243	0.0213	0	0.0213	0.0215	0.0213
  l	0.0212	0.0213	0.0212	0.0212	0.0212	0.0212	0.0212	0.0212	0.0213	0.0214	0.0212	0.032	0.0212	0.0212	0.0212	0.0212	0.0212	0.0212	0.0214	0.0212	0.0212	0.0212	0.0212	0.0212	0.0212	0.0212	0.0212	0.0212	0.0212	0.0212	0.0212	0.0212	0.0212	0.0212	0.0212	0.0214	0.0212	0.0212	0.0212	0.0212	0.0212	0.0212	0.0213	0	0.0212	0.0212
  m	0.0217	0.0218	0.0217	0.0217	0.0217	0.0217	0.0217	0.0217	0.0218	0.0219	0.0217	0.024	0.0217	0.0217	0.0219	0.0218	0.0217	0.0217	0.0219	0.0217	0.0217	0.0217	0.0217	0.0217	0.0217	0.0218	0.0217	0.0217	0.0217	0.0217	0.0217	0.0262	0.0217	0.0217	0.0217	0.0228	0.0311	0.0217	0.0217	0.0217	0.0217	0.0217	0.022	0.0217	0	0.0217
  n	0.0217	0.0245	0.0217	0.0217	0.0217	0.0217	0.0217	0.0218	0.0218	0.0219	0.0217	0.0218	0.0217	0.0217	0.0217	0.0218	0.0217	0.0217	0.0219	0.0217	0.0217	0.0217	0.0217	0.0217	0.0217	0.0218	0.0218	0.0248	0.0217	0.0217	0.0217	0.0217	0.0217	0.0217	0.0217	0.0219	0.0217	0.0314	0.0217	0.0217	0.0217	0.0217	0.0218	0.0217	0.0217	0
