Map from character to field name
A:	Africa
B:	Asia
C:	Europe
D:	North America
E:	Oceania
F:	South America
G:	?


Substitution rate (mu): 10.592551

Equilibrium frequencies (pi_i):
  A: 0.1193
  B: 0.1773
  C: 0.1916
  D: 0.1882
  E: 0.1516
  F: 0.1719

Symmetrized rates from j->i (W_ij):
	A	B	C	D	E	F
  A	0	2.2791	4.7671	0.5582	0.7526	0.7122
  B	2.2791	0	2.0687	0.888	0.6522	0.9305
  C	4.7671	2.0687	0	0.5465	0.7015	0.7894
  D	0.5582	0.888	0.5465	0	0.5854	1.7734
  E	0.7526	0.6522	0.7015	0.5854	0	0.6148
  F	0.7122	0.9305	0.7894	1.7734	0.6148	0

Actual rates from j->i (Q_ij):
	A	B	C	D	E	F
  A	0	0.2719	0.5688	0.0666	0.0898	0.085
  B	0.4042	0	0.3669	0.1575	0.1157	0.165
  C	0.9134	0.3964	0	0.1047	0.1344	0.1512
  D	0.1051	0.1671	0.1028	0	0.1102	0.3338
  E	0.1141	0.0989	0.1064	0.0888	0	0.0932
  F	0.1224	0.16	0.1357	0.3049	0.1057	0
