{
  "generated_by": {
    "program": "augur",
    "version": "13.1.0"
  },
  "models": {
    "continent": {
      "alphabet": [
        "",
        "Africa",
        "Asia",
        "Europe",
        "North America",
        "Oceania",
        "South America",
        "?"
      ],
      "equilibrium_probabilities": [
        0.13660853600446826,
        0.08574040881283321,
        0.12811818071926537,
        0.1651144946562742,
        0.16908162392124135,
        0.14119660335252848,
        0.17414015253338913
      ],
      "rate": 8.19522208368987,
      "transition_matrix": [
        [
          0.0,
          0.651637040850438,
          0.6993280518942371,
          1.2804910296636538,
          0.6777403899152017,
          0.700173122723803,
          0.7060281556150331
        ],
        [
          0.651637040850438,
          0.0,
          2.677157926595011,
          6.341082504432571,
          0.6530025326325163,
          0.9299408048905127,
          0.7132441868405618
        ],
        [
          0.6993280518942371,
          2.677157926595011,
          0.0,
          2.8187973260849994,
          0.9535897614501482,
          0.7205827077916902,
          0.8940102825212026
        ],
        [
          1.2804910296636538,
          6.341082504432571,
          2.8187973260849994,
          0.0,
          0.6453253296283412,
          0.6797087992534533,
          0.738954487393634
        ],
        [
          0.6777403899152017,
          0.6530025326325163,
          0.9535897614501482,
          0.6453253296283412,
          0.0,
          0.6682193826058855,
          1.8094532670116152
        ],
        [
          0.700173122723803,
          0.9299408048905127,
          0.7205827077916902,
          0.6797087992534533,
          0.6682193826058855,
          0.0,
          0.6966367902820972
        ],
        [
          0.7060281556150331,
          0.7132441868405618,
          0.8940102825212026,
          0.738954487393634,
          1.8094532670116152,
          0.6966367902820972,
          0.0
        ]
      ]
    },
    "country": {
      "alphabet": [
        "Argentina",
        "Australia",
        "Austria",
        "Azerbaijan",
        "Belgium",
        "Brazil",
        "British Virgin Islands",
        "Bulgaria",
        "Canada",
        "Central African Republic",
        "China",
        "Colombia",
        "Cyprus",
        "Czech Republic",
        "Democratic Republic of the Congo",
        "Egypt",
        "Ethiopia",
        "France",
        "Germany",
        "Greece",
        "Hungary",
        "India",
        "Iran",
        "Israel",
        "Italy",
        "Kenya",
        "Kosovo",
        "Madagascar",
        "Mexico",
        "Morocco",
        "Namibia",
        "Netherlands",
        "Niger",
        "Nigeria",
        "Portugal",
        "Romania",
        "Russia",
        "Senegal",
        "Serbia",
        "Slovakia",
        "Slovenia",
        "South Africa",
        "Spain",
        "Tunisia",
        "Turkey",
        "USA",
        "Uganda",
        "Ukraine",
        "United Arab Emirates",
        "Zambia",
        "?"
      ],
      "equilibrium_probabilities": [
        0.0196629131247891,
        0.02112476385475188,
        0.01861252535775828,
        0.020194209398690266,
        0.02083089645661426,
        0.01914751980142129,
        0.01965604066321879,
        0.020396603360660077,
        0.013465689881926377,
        0.01993573802463808,
        0.020109512041452445,
        0.019666823321541557,
        0.02071647534202608,
        0.021188942331133453,
        0.02030484514328405,
        0.020236457608749925,
        0.020126481633270923,
        0.019154814840933572,
        0.020149770452517157,
        0.02214646484689963,
        0.018423153929413204,
        0.020973260946065577,
        0.019942847706134623,
        0.018929123400259436,
        0.01950655870991275,
        0.019776926542435503,
        0.02062666858246095,
        0.020802158316511558,
        0.017714578115298547,
        0.019634423858634686,
        0.02035283794012852,
        0.020520047791596458,
        0.01986830208609227,
        0.019838717133108207,
        0.020299672135931396,
        0.019115286776398344,
        0.021281111141199207,
        0.02052018136537916,
        0.021630393720975007,
        0.020689441586285714,
        0.020700226150528262,
        0.02021985293557804,
        0.018919165576684393,
        0.01991213528516448,
        0.020886431199874347,
        0.021109641865011557,
        0.020032052869317467,
        0.019678188914862078,
        0.020604861334660992,
        0.020664264597820118
      ],
      "rate": 49.81845768134615,
      "transition_matrix": [
        [
          0.0,
          0.9689120838931404,
          0.9701607540886212,
          0.9642844443434165,
          0.9627290476152605,
          0.9620549384534373,
          0.9622574828505409,
          0.9624780901779049,
          0.961953698947602,
          0.9624787952769922,
          0.9626823775789284,
          0.962220688644631,
          0.9656576929285113,
          0.9709455867469965,
          0.962778575686477,
          0.9630320520425358,
          0.9653312213756707,
          0.962105524936636,
          0.9608450430671759,
          0.9617080273729623,
          1.252702333233147,
          0.9716141524650004,
          0.9625199865884211,
          1.2983623598838943,
          0.9591237864686144,
          0.9625296297358095,
          0.9625023613530458,
          0.972375518798418,
          0.9620097360301212,
          0.9622304329922649,
          0.9637268133748378,
          0.9621553380355887,
          0.9625778047415051,
          0.962324056269753,
          0.9624609643271891,
          0.9623548754571519,
          0.972378769137445,
          1.2052957681215721,
          0.9630461638023567,
          0.9625273253168708,
          0.9624231232611917,
          0.9700879388346803,
          0.9620164831542289,
          1.008814800242869,
          0.9627648477597481,
          1.228222460768501,
          0.9627544164339125,
          0.9624285096959495,
          0.9626123241710022,
          0.9624798609677195
        ],
        [
          0.9689120838931404,
          0.0,
          0.9759153343920051,
          0.9867957734022839,
          0.9689708694998364,
          0.9678206076570451,
          0.9682248502109781,
          0.9686769310088629,
          0.9655278045084883,
          0.9689448827007983,
          0.9689000372919413,
          0.9681888766587989,
          0.972115703782355,
          0.9776701237964621,
          0.9689775010441835,
          0.9729218831183416,
          1.0039445929778212,
          0.9684287651965258,
          0.9665883896095776,
          0.9679863788787464,
          0.9678578631812987,
          0.9885414573119445,
          0.9687782784863757,
          0.9864092170287851,
          0.9657209676973519,
          0.968996202279855,
          0.9687416825146894,
          0.9791780323436877,
          0.9672454190328034,
          0.9686389514006107,
          0.9699445016640225,
          0.9683971083765582,
          0.9690890616876403,
          0.9689636304710892,
          0.9693540693419364,
          0.9685483551273835,
          0.98591170977488,
          1.062228784824234,
          0.9690183768677959,
          0.9687053024338034,
          0.9686600739585823,
          0.9767487582115453,
          0.9684544684591622,
          0.9690003508210852,
          0.9692638945874652,
          0.9634333565268501,
          0.9690242253500498,
          0.968897807000063,
          0.9689377042566245,
          0.9688139349508663
        ],
        [
          0.9701607540886212,
          0.9759153343920051,
          0.0,
          0.9715627383504639,
          0.9703639093849011,
          0.9692762979155344,
          0.9696915466539894,
          0.9703595034748731,
          0.9665874131072734,
          0.9695806943995054,
          0.9706206726474169,
          0.9696615741713465,
          0.9734174980948435,
          2.2952019616337007,
          0.9704468052272476,
          0.9710350837683113,
          0.9722353210158619,
          0.9690242686525012,
          4.099060380413762,
          0.9703708434421748,
          3.089369873153861,
          0.9786996165440848,
          0.9714622376376282,
          0.9712616406828561,
          1.9893910325937663,
          0.9695882992061388,
          0.970389491168225,
          0.9794486497238817,
          0.9685983050275494,
          0.9692602884364773,
          0.9713595819146824,
          1.3797951036357459,
          0.9696351595180961,
          0.9693661087466868,
          0.9703581713764506,
          0.9706667690039901,
          1.0263771735101248,
          0.9931761673649152,
          1.1898721730450572,
          1.6650121875755761,
          1.4505940508337072,
          0.9776187563801403,
          0.9687101842659778,
          0.9698324693348317,
          0.9706108681401896,
          0.9655923319136401,
          0.970121994039347,
          0.9694908847482161,
          0.9704493375772107,
          0.9703222994294197
        ],
        [
          0.9642844443434165,
          0.9867957734022839,
          0.9715627383504639,
          0.0,
          0.9641853649649526,
          0.9633764784729685,
          0.9636738757005578,
          0.9639531938414773,
          0.9621818077743609,
          0.9641669802513394,
          0.9642309460470447,
          0.9636366811347148,
          0.9672398310730986,
          0.9726889243517519,
          0.9642954570056548,
          1.0146638224713602,
          1.0428306889140695,
          0.9637424227893032,
          0.9620253872945765,
          0.9628752252234241,
          0.9634105389790328,
          0.9838119373765823,
          0.9642597927794142,
          1.1523145566156798,
          0.9608784668685134,
          0.9642119929584092,
          0.9639659312407438,
          0.974094863307758,
          0.9630854933765044,
          0.9638902326304557,
          0.9652465039914732,
          0.9636821798527485,
          0.9642757457679684,
          0.9646928719770316,
          0.9728394465246083,
          0.964087731000352,
          1.0622920940534653,
          1.2294414854588358,
          0.9639361063555503,
          0.9638955391619384,
          0.9638920869891813,
          0.9718280089203138,
          0.963724118525819,
          0.9642248154535151,
          0.9643820362743052,
          0.9587464636536093,
          0.9643314525713647,
          0.9640996247158581,
          0.9641616390305887,
          0.9640289947568149
        ],
        [
          0.9627290476152605,
          0.9689708694998364,
          0.9703639093849011,
          0.9641853649649526,
          0.0,
          0.961833228414819,
          0.9621010879094363,
          0.9623554210931021,
          0.9610275132691435,
          0.9622660466988536,
          0.9623519452767089,
          0.9620617708506016,
          0.9658080516472433,
          0.9714242161895149,
          0.9627185099897119,
          0.9629518013982037,
          0.9651985884639412,
          0.961904192544587,
          0.9603941006198451,
          0.9611326936865165,
          1.4426532119153688,
          0.9716139390945416,
          0.9624435691185573,
          1.4447384887040255,
          0.9584369396784653,
          0.9623394001032415,
          0.9623441305946028,
          0.9730161091410278,
          0.961643089643982,
          0.9620338014056552,
          0.9637450032617064,
          0.9620446911863341,
          0.9623647931283723,
          0.9621200125829122,
          0.9623707975421045,
          0.9620802325830407,
          0.9719798594757391,
          0.9853413048245449,
          0.962217318795764,
          0.962254893159299,
          0.9622550981000975,
          0.9703959062844196,
          0.9617603008814932,
          0.9623932903322288,
          0.9626438748745034,
          0.9570309020711595,
          0.9626262987140861,
          0.962230159722205,
          0.9625260863374596,
          0.9623845687505375
        ],
        [
          0.9620549384534373,
          0.9678206076570451,
          0.9692762979155344,
          0.9633764784729685,
          0.961833228414819,
          0.0,
          0.9617113365448896,
          0.9619082553080013,
          0.9608847510187292,
          0.9618530679966668,
          0.9619301864994062,
          0.9616754181464294,
          0.9651003791358009,
          0.9702692430235222,
          0.9622649182263479,
          0.9623719880800934,
          0.9643283763890464,
          0.9615275070062846,
          0.9601173500986027,
          0.9607256223327091,
          0.9614012533538836,
          0.9703508883954486,
          0.9620160163111131,
          0.963339293739835,
          0.9583111248288495,
          0.9619213962244751,
          0.9618986326533242,
          0.9717307348097326,
          0.9627543844854917,
          0.9616412254225558,
          0.9632080703897564,
          0.9616439055280127,
          0.9619445657512803,
          0.961717475259447,
          0.9619036335579442,
          0.9616870829030113,
          0.9706637843672348,
          0.982589332974495,
          0.9617567065647726,
          0.9618183088653992,
          0.9618258530920382,
          0.9693032607069964,
          0.9613973406654321,
          0.9619359585743464,
          0.9621918489189593,
          1.9158626647761003,
          0.9621783032165748,
          0.9618221864409522,
          0.9620860273311063,
          0.9619551390694104
        ],
        [
          0.9622574828505409,
          0.9682248502109781,
          0.9696915466539894,
          0.9636738757005578,
          0.9621010879094363,
          0.9617113365448896,
          0.0,
          0.9621736567798974,
          0.9627910978207757,
          0.9621119829808579,
          0.9621928900395926,
          0.9619233030098584,
          0.9654457516796291,
          0.9707340373435147,
          0.9625378589167989,
          0.9626464818967114,
          0.9646478929779841,
          0.961770721909228,
          0.9603321922090812,
          0.9609759201229376,
          0.9615857884995547,
          0.970814818760323,
          0.9622790870315995,
          0.9635841421179474,
          0.9584705585385651,
          0.9621813369158893,
          0.9621661259470169,
          0.9722308690781092,
          0.9615395987253578,
          0.9618922478129248,
          0.9635035386078987,
          0.961903790287373,
          0.9622047907487976,
          0.9619724632577386,
          0.9621677027646445,
          0.9619337016931017,
          0.9711362962299223,
          0.9832669700546116,
          0.9620303682274742,
          0.9620844329086894,
          0.9620923708521473,
          0.9697425254698399,
          0.9616345807115583,
          0.9621773416851667,
          0.9624687606739669,
          1.4331940012062565,
          0.9624466242323036,
          0.9620780488937931,
          0.9623577605619067,
          0.9622242998086902
        ],
        [
          0.9624780901779049,
          0.9686769310088629,
          0.9703595034748731,
          0.9639531938414773,
          0.9623554210931021,
          0.9619082553080013,
          0.9621736567798974,
          0.0,
          0.9610849777504434,
          0.9623297301790049,
          0.9624182657117637,
          0.9621352260677982,
          0.9658031750877644,
          0.9712911604589244,
          0.9627802315179304,
          0.9628915243526914,
          0.964961009837336,
          0.9620166396910074,
          0.9605964998715447,
          1.8577369192294346,
          1.131557165106073,
          0.9713608178680926,
          0.9625094072752427,
          0.9638361848288475,
          1.0114903744302812,
          0.9624013817929561,
          1.1418012669107769,
          0.9728399142497927,
          0.9617133257212027,
          0.9621150711788673,
          0.9637828995311384,
          0.9621234444612154,
          0.9624255974481806,
          0.9621842698895675,
          0.9624120440183291,
          0.9621853204607101,
          0.9717135130094916,
          0.9843647963639962,
          1.1605033585671929,
          0.9623638456536246,
          0.9623647316960593,
          0.9702861368847325,
          0.9618809856467906,
          0.9623997842659032,
          0.9627112702605677,
          0.9568004600623424,
          0.9626829093802425,
          0.9622940883177539,
          0.9625956732858006,
          0.9624570471966125
        ],
        [
          0.961953698947602,
          0.9655278045084883,
          0.9665874131072734,
          0.9621818077743609,
          0.9610275132691435,
          0.9608847510187292,
          0.9627910978207757,
          0.9610849777504434,
          0.0,
          0.9610541989062724,
          0.9611076701241137,
          0.9609693505932059,
          0.9634275449878715,
          0.9672975951777047,
          0.9613486114333938,
          0.9614330912838946,
          0.9628825812120742,
          0.9608203699609658,
          0.9598243836741386,
          0.9602481025006186,
          0.9613524929608688,
          0.9673723376032348,
          0.9611718326408115,
          0.962658995074106,
          0.9585638889807753,
          0.961096584208206,
          0.9610761165774927,
          0.9683421130303855,
          0.9608753516129602,
          0.9608978115183208,
          0.9620480942888316,
          0.9608936526826743,
          0.9611232709874324,
          0.9609516235449471,
          0.9610851558158346,
          0.960938519249124,
          0.9676267090188575,
          0.9772770945506312,
          0.9609698465031329,
          0.9610167922275626,
          0.9610212995664374,
          0.966546322181314,
          0.9607319074837879,
          0.9613610859527335,
          0.9612931355993596,
          10.971310757847101,
          0.9612860624897117,
          0.9610301926127501,
          0.9612149083914485,
          0.9611179994279069
        ],
        [
          0.9624787952769922,
          0.9689448827007983,
          0.9695806943995054,
          0.9641669802513394,
          0.9622660466988536,
          0.9618530679966668,
          0.9621119829808579,
          0.9623297301790049,
          0.9610541989062724,
          0.0,
          0.9624435949656049,
          0.9620744253045465,
          0.9665182438370727,
          0.9706828010142242,
          0.9627969269427438,
          0.9628853789151525,
          0.9653199682320757,
          0.9619936484238353,
          0.9604634941808048,
          0.9611249588220655,
          0.9618072701660114,
          0.9711150765034396,
          0.9625782826516975,
          0.9640552967299952,
          0.9587764735991836,
          0.9627133579250201,
          0.9623248311480322,
          0.9739460329254628,
          0.961663847785266,
          0.9621177766902237,
          0.9640299099480963,
          0.9620620023301254,
          0.9625075795186666,
          0.9622386266389088,
          0.9623429567706958,
          0.9621658646483978,
          0.9715820527642329,
          1.4383318518414896,
          0.9622016086342914,
          0.9622472979161624,
          0.9622538571637639,
          1.453086280633364,
          0.9619012173717287,
          0.962464904235618,
          1.4370766368028882,
          0.9568830882972217,
          0.9628548722023552,
          0.9623761866498279,
          0.9626881397949447,
          0.9624579813231872
        ],
        [
          0.9626823775789284,
          0.9689000372919413,
          0.9706206726474169,
          0.9642309460470447,
          0.9623519452767089,
          0.9619301864994062,
          0.9621928900395926,
          0.9624182657117637,
          0.9611076701241137,
          0.9624435949656049,
          0.0,
          0.9621550267862337,
          0.9657099123420615,
          0.971133617206643,
          0.9627812981410544,
          0.9631455555453231,
          0.9652567558416347,
          0.9620707006479281,
          0.9605326416235557,
          0.9612093824118019,
          0.9619083103944406,
          1.0977626271081493,
          0.962776737325028,
          0.964323174234268,
          0.9588166517819886,
          0.962500542293413,
          0.9624133708259804,
          0.9725372695570089,
          0.9617351090431946,
          0.9621969652430706,
          0.9637447813738679,
          0.9621451009241033,
          0.9625426989099829,
          0.9622891728100876,
          0.9625019088398693,
          0.9624562762609119,
          1.3517664138997212,
          1.1281887794227177,
          0.9622905597324276,
          0.9623333634603171,
          0.9623397646312001,
          0.9702968898580348,
          0.9619662581288122,
          0.9628616088501861,
          0.962753779994411,
          0.9569423523180852,
          0.9627364040413664,
          0.9623964810214138,
          0.9626090452451546,
          0.9624746173543269
        ],
        [
          0.962220688644631,
          0.9681888766587989,
          0.9696615741713465,
          0.9636366811347148,
          0.9620617708506016,
          0.9616754181464294,
          0.9619233030098584,
          0.9621352260677982,
          0.9609693505932059,
          0.9620744253045465,
          0.9621550267862337,
          0.0,
          0.965408580180149,
          0.9706996369600862,
          0.9624998261187341,
          0.9626086230676917,
          0.9646113928165214,
          0.9617345163759113,
          0.9602933777690388,
          0.9609335272482968,
          0.9615510112580159,
          0.9707807764383433,
          0.9622416114539747,
          0.9635494847959276,
          0.958432109963014,
          0.9621440808945795,
          0.9621272391171352,
          0.9721978085022831,
          0.9615067921180322,
          0.9618551598960088,
          0.9634659833994035,
          0.9618649849127348,
          0.9621674378860304,
          0.9619350149241137,
          0.9621294625201803,
          0.961897661349788,
          0.971101889920364,
          0.9832418939081128,
          0.9619894519640013,
          0.9620453876419109,
          0.9620533032200561,
          0.9697088757519658,
          0.961598770006772,
          0.9621398776149163,
          0.9624295282206035,
          1.4348551009140447,
          0.9624090514123004,
          0.9620409729364457,
          0.9623190204946342,
          0.9621853755866868
        ],
        [
          0.9656576929285113,
          0.972115703782355,
          0.9734174980948435,
          0.9672398310730986,
          0.9658080516472433,
          0.9651003791358009,
          0.9654457516796291,
          0.9658031750877644,
          0.9634275449878715,
          0.9665182438370727,
          0.9657099123420615,
          0.965408580180149,
          0.0,
          0.9748334556823304,
          0.9707932560424114,
          0.9662447779983652,
          0.9682137971044529,
          0.9650584775969074,
          0.9637907734373049,
          0.9648757010887165,
          0.9656682848267878,
          0.9749792066175184,
          0.9665612265977549,
          0.9668645066236634,
          0.9614472554665615,
          1.4216930002103758,
          0.9658373914940676,
          1.01320506690693,
          0.9646874768065163,
          0.9652527902948528,
          1.0068036981330433,
          0.9655216617211766,
          0.9656109584190737,
          0.9653591816998095,
          0.9657732004976989,
          0.9652691312259122,
          0.9759029391095588,
          1.016231731581928,
          0.9659376505479729,
          0.9657750882831794,
          0.9657578276241315,
          1.350530525813571,
          0.9648320743514118,
          0.9655834410105529,
          0.9710210832413763,
          0.9602068426410598,
          0.9685277152835395,
          0.9656717474479053,
          0.9710885241465871,
          0.9704765184171444
        ],
        [
          0.9709455867469965,
          0.9776701237964621,
          2.2952019616337007,
          0.9726889243517519,
          0.9714242161895149,
          0.9702692430235222,
          0.9707340373435147,
          0.9712911604589244,
          0.9672975951777047,
          0.9706828010142242,
          0.971133617206643,
          0.9706996369600862,
          0.9748334556823304,
          0.0,
          0.9715942856126994,
          0.971755794805632,
          0.9736126493738353,
          0.9699899280857821,
          1.856188138162893,
          0.9708585649823362,
          1.0063882994144695,
          0.979893409602715,
          0.9713547394866007,
          0.971889869384923,
          0.9661321159350017,
          0.9706624854405791,
          0.9713882981362079,
          0.981501853435324,
          0.9695208111303352,
          0.9702716548508075,
          0.9726066204131144,
          1.0122153639603786,
          0.9707169398353218,
          0.9704074692511321,
          0.9712681221772845,
          0.9704421422339691,
          0.9833816848704152,
          0.9938641513738937,
          0.9718732631867245,
          0.9719246657664803,
          0.9713840229057289,
          0.9791665102368232,
          0.9696146225845578,
          0.970755762692564,
          0.9717516798428905,
          0.9658831538544201,
          0.9712619192789762,
          0.9705515051577221,
          0.9715594100356078,
          0.9714598907907281
        ],
        [
          0.962778575686477,
          0.9689775010441835,
          0.9704468052272476,
          0.9642954570056548,
          0.9627185099897119,
          0.9622649182263479,
          0.9625378589167989,
          0.9627802315179304,
          0.9613486114333938,
          0.9627969269427438,
          0.9627812981410544,
          0.9624998261187341,
          0.9707932560424114,
          0.9715942856126994,
          0.0,
          0.9632561770027583,
          0.9652876182003689,
          0.9623139914603956,
          0.9608684609645719,
          0.9615942611270507,
          0.9624261156819626,
          0.9717193383990862,
          0.9634105481328654,
          0.9641262398343843,
          0.9588789664959407,
          0.9627927455380281,
          0.962779058830571,
          0.9948072016929415,
          0.9620459933401098,
          0.9624491166455484,
          0.9659773799503681,
          0.9625025288312167,
          0.9627745551455008,
          0.9625348239563191,
          0.9627699742725746,
          0.9624941187300377,
          0.9725810958564444,
          0.984787657581325,
          0.962678865116624,
          0.9626993960445487,
          0.9627030887574879,
          1.4646435674929472,
          0.9621593898403473,
          0.9627298043369856,
          0.963090556265986,
          0.9571926695846718,
          0.9666343234511383,
          0.9627932407614443,
          0.9629739436216607,
          0.9629822255347064
        ],
        [
          0.9630320520425358,
          0.9729218831183416,
          0.9710350837683113,
          1.0146638224713602,
          0.9629518013982037,
          0.9623719880800934,
          0.9626464818967114,
          0.9628915243526914,
          0.9614330912838946,
          0.9628853789151525,
          0.9631455555453231,
          0.9626086230676917,
          0.9662447779983652,
          0.971755794805632,
          0.9632561770027583,
          0.0,
          0.981996876416556,
          0.9625158675996744,
          0.9609801599056139,
          0.9617149983096849,
          0.9622783481896295,
          1.2386636745850914,
          0.9632252227356269,
          1.2319872932573013,
          0.9592934976503295,
          0.9629508972082749,
          0.9628913193695816,
          0.9731998893969487,
          0.9621470494105492,
          0.9626466324781915,
          0.9642388532617845,
          0.9626151968172831,
          0.962983667916804,
          0.962899536280192,
          1.4047531118029464,
          0.9628637913598693,
          1.280588643478135,
          1.0400130210352292,
          0.9627921636966339,
          0.9628119330967682,
          0.9628155083240518,
          0.9708670928816079,
          0.9623982300554972,
          0.9629478736477219,
          0.9632295000453072,
          0.9574550967168526,
          0.9631891170259015,
          0.9628423614712674,
          0.9630875410563542,
          0.9629511717733233
        ],
        [
          0.9653312213756707,
          1.0039445929778212,
          0.9722353210158619,
          1.0428306889140695,
          0.9651985884639412,
          0.9643283763890464,
          0.9646478929779841,
          0.964961009837336,
          0.9628825812120742,
          0.9653199682320757,
          0.9652567558416347,
          0.9646113928165214,
          0.9682137971044529,
          0.9736126493738353,
          0.9652876182003689,
          0.981996876416556,
          0.0,
          0.9648584732822895,
          0.9630202702076638,
          0.9639787956832352,
          0.9643992812492364,
          0.9797187270864938,
          0.9651835799022932,
          1.0346498586552093,
          0.9623095703125764,
          0.9653596044977636,
          0.9649859689355765,
          0.9749966013969079,
          0.963972813349546,
          0.965022935958031,
          0.9662193299060484,
          0.9646952268303076,
          0.965443923180021,
          0.9659541601743374,
          0.9677768035711485,
          0.9650884638389068,
          1.006196531395253,
          1.2863827999885789,
          0.9650188862200978,
          0.9649225754513362,
          0.9649139604593779,
          0.9727465799399679,
          0.9649048478301868,
          0.965365355002905,
          0.9654540904782631,
          0.9598242294318744,
          0.965387118626803,
          0.965254571824791,
          0.965181942872309,
          0.9650526490900662
        ],
        [
          0.962105524936636,
          0.9684287651965258,
          0.9690242686525012,
          0.9637424227893032,
          0.961904192544587,
          0.9615275070062846,
          0.961770721909228,
          0.9620166396910074,
          0.9608203699609658,
          0.9619936484238353,
          0.9620707006479281,
          0.9617345163759113,
          0.9650584775969074,
          0.9699899280857821,
          0.9623139914603956,
          0.9625158675996744,
          0.9648584732822895,
          0.0,
          0.9601976879331168,
          0.960855295458431,
          0.9615682715061152,
          0.9703555951896675,
          0.9620694468053974,
          0.96358422313128,
          2.41290699030499,
          0.9620138743218464,
          0.9619643201262071,
          0.9713967237807107,
          0.9613612311927551,
          0.9729646743236235,
          0.9632139936352127,
          0.9617136705720188,
          0.9621025648207069,
          0.9617993998399118,
          0.9733743966062157,
          0.9618064124246406,
          0.9706378484137009,
          1.4730094680037245,
          0.9618305984448093,
          0.9618882616419311,
          0.9618958197649277,
          0.9691040402684571,
          0.963346732704007,
          0.9620534968326422,
          0.962312055437779,
          0.9567233285371016,
          0.9622969877496979,
          0.9619305273030234,
          0.9621568001528041,
          0.962029127992673
        ],
        [
          0.9608450430671759,
          0.9665883896095776,
          4.099060380413762,
          0.9620253872945765,
          0.9603941006198451,
          0.9601173500986027,
          0.9603321922090812,
          0.9605964998715447,
          0.9598243836741386,
          0.9604634941808048,
          0.9605326416235557,
          0.9602933777690388,
          0.9637907734373049,
          1.856188138162893,
          0.9608684609645719,
          0.9609801599056139,
          0.9630202702076638,
          0.9601976879331168,
          0.0,
          0.9593710117470639,
          2.383927777029062,
          0.9692338388722948,
          0.9606352277366288,
          0.9621335073831868,
          1.4653635240733685,
          0.9605476771491018,
          0.9605238372754322,
          0.9706796281889476,
          0.9600561682878609,
          0.9602733667964699,
          0.9618449276883156,
          0.9888775218301387,
          0.9605657923037279,
          0.9603307925607142,
          0.9604966794817811,
          0.960371235197392,
          0.9725332081624516,
          0.9824538622914513,
          0.9606358126449538,
          2.117540987314085,
          0.9604568977197261,
          0.9682520568433739,
          0.9600945839782383,
          0.960644461783533,
          0.9607443685078598,
          0.9550094282308742,
          0.9608106975142767,
          0.9604519630434325,
          0.9606564564482623,
          0.9605172627163693
        ],
        [
          0.9617080273729623,
          0.9679863788787464,
          0.9703708434421748,
          0.9628752252234241,
          0.9611326936865165,
          0.9607256223327091,
          0.9609759201229376,
          1.8577369192294346,
          0.9602481025006186,
          0.9611249588220655,
          0.9612093824118019,
          0.9609335272482968,
          0.9648757010887165,
          0.9708585649823362,
          0.9615942611270507,
          0.9617149983096849,
          0.9639787956832352,
          0.960855295458431,
          0.9593710117470639,
          0.0,
          3.268744203889474,
          0.9709296020166358,
          0.9613223737602042,
          0.9630347480624584,
          1.1181186064204762,
          0.9612118478827013,
          1.4438128316963323,
          0.9725828951434526,
          0.9606189476789141,
          0.9609175032902765,
          0.9626916095910261,
          0.9608590301959211,
          0.9612352803383286,
          0.960972932843685,
          0.961193368915244,
          0.9610687851794816,
          0.9713816917669394,
          0.9859851450825179,
          1.163898001594318,
          0.9612275200878367,
          0.96117132481836,
          0.9699377932743819,
          0.9607284835917366,
          0.961404695070177,
          0.9614707962350442,
          0.9552404305622963,
          0.9615262468564485,
          0.9611057521080286,
          0.961365588385065,
          0.9612107493211628
        ],
        [
          1.252702333233147,
          0.9678578631812987,
          3.089369873153861,
          0.9634105389790328,
          1.4426532119153688,
          0.9614012533538836,
          0.9615857884995547,
          1.131557165106073,
          0.9613524929608688,
          0.9618072701660114,
          0.9619083103944406,
          0.9615510112580159,
          0.9656682848267878,
          1.0063882994144695,
          0.9624261156819626,
          0.9622783481896295,
          0.9643992812492364,
          0.9615682715061152,
          2.383927777029062,
          3.268744203889474,
          0.0,
          0.9704475624887311,
          0.9620537028555298,
          1.0860904144138808,
          1.3382341694007567,
          0.9618462445329944,
          1.3017258602862134,
          0.9729362394519575,
          0.9613749676610187,
          0.9616033521382295,
          0.9644891036904634,
          0.9616196281874481,
          0.9618888462011498,
          0.9616445031960131,
          0.9617963053965994,
          1.4420401680525043,
          0.9727183688244744,
          1.1306644371051333,
          4.76282476039081,
          1.890541396637222,
          1.321345669695195,
          1.4499749341127501,
          0.9615221195653244,
          0.9896148939296106,
          0.9620450627615614,
          1.044197693703731,
          0.9658613226615794,
          0.9619017642152321,
          0.9619100606212879,
          0.9618469580113329
        ],
        [
          0.9716141524650004,
          0.9885414573119445,
          0.9786996165440848,
          0.9838119373765823,
          0.9716139390945416,
          0.9703508883954486,
          0.970814818760323,
          0.9713608178680926,
          0.9673723376032348,
          0.9711150765034396,
          1.0977626271081493,
          0.9707807764383433,
          0.9749792066175184,
          0.979893409602715,
          0.9717193383990862,
          1.2386636745850914,
          0.9797187270864938,
          0.9703555951896675,
          0.9692338388722948,
          0.9709296020166358,
          0.9704475624887311,
          0.0,
          0.9717590547574052,
          1.0693778182228704,
          0.9668163964694393,
          0.9710306275678303,
          0.9714592418529048,
          0.9821553607670832,
          0.9696003343413913,
          0.970630305423727,
          0.9727629409351639,
          0.9710943828141817,
          0.9711432837458319,
          0.9708300246442271,
          1.0303171282361243,
          0.9710390149220236,
          1.4768412364357968,
          1.19779996690126,
          0.9719035757100002,
          0.9714429579688201,
          0.9713810797017706,
          0.9804011866505047,
          0.9701070817737061,
          0.9718915080675865,
          0.9719227692154636,
          0.9662434636838042,
          0.9715517008049659,
          0.9709308842508122,
          0.9716433778372893,
          0.9715860220301434
        ],
        [
          0.9625199865884211,
          0.9687782784863757,
          0.9714622376376282,
          0.9642597927794142,
          0.9624435691185573,
          0.9620160163111131,
          0.9622790870315995,
          0.9625094072752427,
          0.9611718326408115,
          0.9625782826516975,
          0.962776737325028,
          0.9622416114539747,
          0.9665612265977549,
          0.9713547394866007,
          0.9634105481328654,
          0.9632252227356269,
          0.9651835799022932,
          0.9620694468053974,
          0.9606352277366288,
          0.9613223737602042,
          0.9620537028555298,
          0.9717590547574052,
          0.0,
          0.9641690763896003,
          0.9590287380191637,
          0.9624950514684953,
          0.962505461478437,
          0.974174738615119,
          0.9618152100696753,
          0.9621972965470353,
          0.9644162364652271,
          0.9622361096477264,
          0.962516159472391,
          0.962281556223512,
          0.9626000032285699,
          1.1504220343824487,
          2.031827588771662,
          0.985505310698507,
          0.9623899065661641,
          0.9624257203057061,
          0.9624306642338247,
          1.2236254005817675,
          0.9619220811322828,
          0.9624736784580109,
          0.9628108417928103,
          0.9570134684745102,
          0.9636775440651504,
          0.962449086121774,
          0.9626978364301518,
          0.96272302612993
        ],
        [
          1.2983623598838943,
          0.9864092170287851,
          0.9712616406828561,
          1.1523145566156798,
          1.4447384887040255,
          0.963339293739835,
          0.9635841421179474,
          0.9638361848288475,
          0.962658995074106,
          0.9640552967299952,
          0.964323174234268,
          0.9635494847959276,
          0.9668645066236634,
          0.971889869384923,
          0.9641262398343843,
          1.2319872932573013,
          1.0346498586552093,
          0.96358422313128,
          0.9621335073831868,
          0.9630347480624584,
          1.0860904144138808,
          1.0693778182228704,
          0.9641690763896003,
          0.0,
          0.9657550417237462,
