Map from character to field name
A:	Argentina
B:	Australia
C:	Austria
D:	Azerbaijan
E:	Belgium
F:	Brazil
G:	British Virgin Islands
H:	Bulgaria
I:	Canada
J:	Central African Republic
K:	China
L:	Colombia
M:	Cyprus
N:	Czech Republic
O:	Democratic Republic of the Congo
P:	Egypt
Q:	Ethiopia
R:	France
S:	Germany
T:	Greece
U:	Hungary
V:	India
W:	Iran
X:	Israel
Y:	Italy
Z:	Kenya
[:	Kosovo
\:	Madagascar
]:	Mexico
^:	Morocco
_:	Namibia
`:	Netherlands
a:	Niger
b:	Nigeria
c:	Portugal
d:	Romania
e:	Russia
f:	Senegal
g:	Serbia
h:	Slovakia
i:	Slovenia
j:	South Africa
k:	Spain
l:	Tunisia
m:	Turkey
n:	USA
o:	Uganda
p:	Ukraine
q:	United Arab Emirates
r:	Zambia
s:	?


Substitution rate (mu): 49.912429

Equilibrium frequencies (pi_i):
  A: 0.0197
  B: 0.0211
  C: 0.0186
  D: 0.0202
  E: 0.0208
  F: 0.0192
  G: 0.0197
  H: 0.0204
  I: 0.0135
  J: 0.0199
  K: 0.0201
  L: 0.0197
  M: 0.0207
  N: 0.0212
  O: 0.0203
  P: 0.0202
  Q: 0.0201
  R: 0.0192
  S: 0.0202
  T: 0.0222
  U: 0.0184
  V: 0.021
  W: 0.0199
  X: 0.0189
  Y: 0.0195
  Z: 0.0198
  [: 0.0206
  \: 0.0208
  ]: 0.0177
  ^: 0.0196
  _: 0.0204
  `: 0.0205
  a: 0.0199
  b: 0.0198
  c: 0.0203
  d: 0.0191
  e: 0.0213
  f: 0.0205
  g: 0.0216
  h: 0.0207
  i: 0.0207
  j: 0.0202
  k: 0.0189
  l: 0.0199
  m: 0.0209
  n: 0.0211
  o: 0.02
  p: 0.0197
  q: 0.0206
  r: 0.0207

Symmetrized rates from j->i (W_ij):
	A	B	C	D	E	F	G	H	I	J	K	L	M	N	O	P	Q	R	S	T	U	V	W	X	Y	Z	[	\	]	^	_	`	a	b	c	d	e	f	g	h	i	j	k	l	m	n	o	p	q	r
  A	0	0.9689	0.9702	0.9643	0.9628	0.9621	0.9623	0.9625	0.962	0.9625	0.9627	0.9622	0.9657	0.971	0.9628	0.9631	0.9654	0.9621	0.9609	0.9617	1.2545	0.9716	0.9625	1.2979	0.9591	0.9625	0.9625	0.9724	0.962	0.9623	0.9638	0.9622	0.9626	0.9623	0.9625	0.9624	0.9724	1.2041	0.9631	0.9625	0.9624	0.9701	0.962	1.0125	0.9628	1.2283	0.9628	0.9625	0.9626	0.9625
  B	0.9689	0	0.9759	0.9871	0.969	0.9678	0.9682	0.9687	0.9656	0.969	0.9689	0.9682	0.9721	0.9777	0.969	0.9731	1.0042	0.9684	0.9666	0.968	0.9679	0.9884	0.9688	0.9866	0.9657	0.969	0.9688	0.9792	0.9673	0.9686	0.97	0.9684	0.9691	0.969	0.9694	0.9686	0.9862	1.0621	0.969	0.9687	0.9687	0.9768	0.9685	0.969	0.9693	0.9635	0.969	0.9689	0.9689	0.9688
  C	0.9702	0.9759	0	0.9716	0.9704	0.9693	0.9697	0.9704	0.9666	0.9696	0.9706	0.9697	0.9734	2.2964	0.9705	0.9711	0.9723	0.969	4.1016	0.9704	3.083	0.9787	0.9715	0.9713	1.9878	0.9696	0.9704	0.9795	0.9686	0.9693	0.9714	1.3818	0.9696	0.9694	0.9704	0.9707	1.0262	0.9931	1.1935	1.6677	1.4506	0.9776	0.9687	0.9699	0.9706	0.9656	0.9701	0.9695	0.9705	0.9703
  D	0.9643	0.9871	0.9716	0	0.9642	0.9634	0.9637	0.964	0.9622	0.9642	0.9643	0.9637	0.9673	0.9727	0.9643	1.0162	1.0439	0.9638	0.9621	0.9629	0.9635	0.9841	0.9643	1.1529	0.9609	0.9642	0.964	0.9741	0.9631	0.9639	0.9653	0.9637	0.9643	0.9647	0.9731	0.9641	1.0647	1.226	0.964	0.9639	0.9639	0.9719	0.9638	0.9643	0.9644	0.9588	0.9644	0.9641	0.9642	0.9641
  E	0.9628	0.969	0.9704	0.9642	0	0.9619	0.9621	0.9624	0.9611	0.9623	0.9624	0.9621	0.9658	0.9714	0.9627	0.963	0.9652	0.9619	0.9604	0.9611	1.4415	0.9716	0.9625	1.4448	0.9585	0.9624	0.9624	0.973	0.9617	0.962	0.9638	0.9621	0.9624	0.9621	0.9624	0.9621	0.972	0.9853	0.9622	0.9623	0.9623	0.9704	0.9618	0.9624	0.9627	0.9571	0.9627	0.9622	0.9625	0.9624
  F	0.9621	0.9678	0.9693	0.9634	0.9619	0	0.9617	0.9619	0.9609	0.9619	0.9619	0.9617	0.9651	0.9703	0.9623	0.9624	0.9644	0.9615	0.9601	0.9607	0.9614	0.9704	0.962	0.9634	0.9583	0.9619	0.9619	0.9718	0.9628	0.9617	0.9632	0.9617	0.962	0.9617	0.9619	0.9617	0.9707	0.9826	0.9618	0.9618	0.9618	0.9693	0.9614	0.962	0.9622	1.9161	0.9622	0.9618	0.9621	0.962
  G	0.9623	0.9682	0.9697	0.9637	0.9621	0.9617	0	0.9622	0.9628	0.9621	0.9622	0.9619	0.9655	0.9708	0.9626	0.9627	0.9647	0.9618	0.9603	0.961	0.9616	0.9708	0.9623	0.9636	0.9585	0.9622	0.9622	0.9723	0.9616	0.9619	0.9635	0.9619	0.9622	0.962	0.9622	0.962	0.9712	0.9833	0.962	0.9621	0.9621	0.9698	0.9617	0.9622	0.9625	1.4333	0.9625	0.9621	0.9624	0.9622
  H	0.9625	0.9687	0.9704	0.964	0.9624	0.9619	0.9622	0	0.9611	0.9623	0.9624	0.9622	0.9658	0.9713	0.9628	0.9629	0.965	0.962	0.9606	1.8577	1.1317	0.9714	0.9625	0.9639	1.0114	0.9624	1.1423	0.9729	0.9617	0.9621	0.9638	0.9621	0.9624	0.9622	0.9624	0.9622	0.9717	0.9844	1.1602	0.9624	0.9624	0.9703	0.9619	0.9624	0.9627	0.9569	0.9627	0.9623	0.9626	0.9625
  I	0.962	0.9656	0.9666	0.9622	0.9611	0.9609	0.9628	0.9611	0	0.9611	0.9611	0.961	0.9635	0.9673	0.9614	0.9615	0.9629	0.9608	0.9598	0.9603	0.9614	0.9674	0.9612	0.9627	0.9586	0.9611	0.9611	0.9684	0.9609	0.9609	0.9621	0.9609	0.9611	0.961	0.9611	0.961	0.9677	0.9773	0.961	0.961	0.961	0.9666	0.9608	0.9614	0.9613	10.9444	0.9613	0.9611	0.9612	0.9611
  J	0.9625	0.969	0.9696	0.9642	0.9623	0.9619	0.9621	0.9623	0.9611	0	0.9625	0.9621	0.9665	0.9707	0.9628	0.9629	0.9653	0.962	0.9605	0.9611	0.9618	0.9711	0.9626	0.9641	0.9588	0.9627	0.9623	0.974	0.9617	0.9621	0.9641	0.9621	0.9625	0.9623	0.9624	0.9622	0.9716	1.4387	0.9622	0.9623	0.9623	1.4531	0.9619	0.9625	1.4366	0.9569	0.9629	0.9624	0.9627	0.9625
  K	0.9627	0.9689	0.9706	0.9643	0.9624	0.9619	0.9622	0.9624	0.9611	0.9625	0	0.9622	0.9657	0.9711	0.9628	0.9632	0.9653	0.9621	0.9605	0.9612	0.9619	1.0986	0.9628	0.9643	0.9588	0.9625	0.9624	0.9725	0.9618	0.9622	0.9638	0.9622	0.9626	0.9623	0.9625	0.9625	1.3496	1.1281	0.9623	0.9623	0.9624	0.9703	0.962	0.9629	0.9628	0.957	0.9628	0.9624	0.9626	0.9625
  L	0.9622	0.9682	0.9697	0.9637	0.9621	0.9617	0.9619	0.9622	0.961	0.9621	0.9622	0	0.9654	0.9707	0.9625	0.9626	0.9646	0.9618	0.9603	0.961	0.9616	0.9708	0.9623	0.9636	0.9584	0.9622	0.9621	0.9722	0.9615	0.9619	0.9635	0.9619	0.9622	0.962	0.9621	0.9619	0.9711	0.9832	0.962	0.9621	0.9621	0.9697	0.9616	0.9622	0.9624	1.4349	0.9624	0.9621	0.9623	0.9622
  M	0.9657	0.9721	0.9734	0.9673	0.9658	0.9651	0.9655	0.9658	0.9635	0.9665	0.9657	0.9654	0	0.9749	0.9708	0.9663	0.9682	0.9651	0.9638	0.9649	0.9657	0.975	0.9666	0.9669	0.9615	1.4223	0.9659	1.0131	0.9647	0.9653	1.0072	0.9655	0.9656	0.9654	0.9658	0.9653	0.9759	1.0156	0.966	0.9658	0.9658	1.3508	0.9649	0.9656	0.9708	0.9603	0.9686	0.9657	0.9709	0.9703
  N	0.971	0.9777	2.2964	0.9727	0.9714	0.9703	0.9708	0.9713	0.9673	0.9707	0.9711	0.9707	0.9749	0	0.9716	0.9718	0.9736	0.97	1.8521	0.9709	1.0057	0.9799	0.9714	0.9719	0.9661	0.9707	0.9714	0.9815	0.9696	0.9703	0.9726	1.0112	0.9707	0.9704	0.9713	0.9705	0.9834	0.9939	0.9719	0.9719	0.9714	0.9792	0.9696	0.9708	0.9718	0.9659	0.9713	0.9706	0.9716	0.9715
  O	0.9628	0.969	0.9705	0.9643	0.9627	0.9623	0.9626	0.9628	0.9614	0.9628	0.9628	0.9625	0.9708	0.9716	0	0.9633	0.9653	0.9623	0.9609	0.9616	0.9625	0.9717	0.9634	0.9642	0.9589	0.9628	0.9628	0.995	0.9621	0.9625	0.966	0.9625	0.9628	0.9626	0.9628	0.9625	0.9726	0.9848	0.9627	0.9627	0.9627	1.4648	0.9622	0.9628	0.9631	0.9573	0.9667	0.9628	0.963	0.963
  P	0.9631	0.9731	0.9711	1.0162	0.963	0.9624	0.9627	0.9629	0.9615	0.9629	0.9632	0.9626	0.9663	0.9718	0.9633	0	0.9826	0.9625	0.961	0.9617	0.9623	1.239	0.9633	1.231	0.9593	0.963	0.9629	0.9732	0.9622	0.9627	0.9643	0.9626	0.963	0.9629	1.4048	0.9629	1.2829	1.0403	0.9628	0.9628	0.9628	0.9709	0.9624	0.963	0.9633	0.9575	0.9632	0.9629	0.9631	0.963
  Q	0.9654	1.0042	0.9723	1.0439	0.9652	0.9644	0.9647	0.965	0.9629	0.9653	0.9653	0.9646	0.9682	0.9736	0.9653	0.9826	0	0.9649	0.963	0.964	0.9644	0.9798	0.9652	1.0351	0.9623	0.9654	0.965	0.975	0.964	0.965	0.9662	0.9647	0.9655	0.9659	0.9679	0.9651	1.0072	1.2843	0.965	0.9649	0.9649	0.9728	0.9649	0.9654	0.9655	0.9599	0.9654	0.9653	0.9652	0.9651
  R	0.9621	0.9684	0.969	0.9638	0.9619	0.9615	0.9618	0.962	0.9608	0.962	0.9621	0.9618	0.9651	0.97	0.9623	0.9625	0.9649	0	0.9602	0.9609	0.9616	0.9704	0.9621	0.9636	2.413	0.962	0.962	0.9714	0.9614	0.973	0.9632	0.9617	0.9621	0.9618	0.9734	0.9618	0.9707	1.473	0.9618	0.9619	0.9619	0.9691	0.9634	0.9621	0.9623	0.9568	0.9623	0.9619	0.9622	0.962
  S	0.9609	0.9666	4.1016	0.9621	0.9604	0.9601	0.9603	0.9606	0.9598	0.9605	0.9605	0.9603	0.9638	1.8521	0.9609	0.961	0.963	0.9602	0	0.9594	2.3848	0.9692	0.9606	0.9621	1.4646	0.9606	0.9605	0.9707	0.9601	0.9603	0.9619	0.988	0.9606	0.9603	0.9605	0.9604	0.9726	0.9824	0.9606	2.1175	0.9605	0.9683	0.9601	0.9607	0.9608	0.9551	0.9608	0.9605	0.9607	0.9605
  T	0.9617	0.968	0.9704	0.9629	0.9611	0.9607	0.961	1.8577	0.9603	0.9611	0.9612	0.961	0.9649	0.9709	0.9616	0.9617	0.964	0.9609	0.9594	0	3.2701	0.9709	0.9613	0.9631	1.1181	0.9612	1.4459	0.9726	0.9606	0.9609	0.9627	0.9609	0.9612	0.961	0.9612	0.9611	0.9714	0.986	1.1634	0.9612	0.9612	0.97	0.9607	0.9615	0.9615	0.9553	0.9616	0.9611	0.9614	0.9612
  U	1.2545	0.9679	3.083	0.9635	1.4415	0.9614	0.9616	1.1317	0.9614	0.9618	0.9619	0.9616	0.9657	1.0057	0.9625	0.9623	0.9644	0.9616	2.3848	3.2701	0	0.9705	0.9621	1.0866	1.3369	0.9619	1.2998	0.973	0.9614	0.9616	0.9645	0.9616	0.9619	0.9617	0.9618	1.4421	0.9727	1.1273	4.7595	1.8897	1.3214	1.45	0.9615	0.9914	0.9621	1.0449	0.9659	0.9619	0.9619	0.9619
  V	0.9716	0.9884	0.9787	0.9841	0.9716	0.9704	0.9708	0.9714	0.9674	0.9711	1.0986	0.9708	0.975	0.9799	0.9717	1.239	0.9798	0.9704	0.9692	0.9709	0.9705	0	0.9718	1.0684	0.9668	0.971	0.9715	0.9822	0.9696	0.9706	0.9728	0.9711	0.9711	0.9708	1.0302	0.971	1.4806	1.1946	0.9719	0.9715	0.9714	0.9804	0.9701	0.9719	0.9719	0.9663	0.9716	0.9709	0.9717	0.9716
  W	0.9625	0.9688	0.9715	0.9643	0.9625	0.962	0.9623	0.9625	0.9612	0.9626	0.9628	0.9623	0.9666	0.9714	0.9634	0.9633	0.9652	0.9621	0.9606	0.9613	0.9621	0.9718	0	0.9642	0.959	0.9625	0.9625	0.9742	0.9618	0.9622	0.9644	0.9623	0.9625	0.9623	0.9626	1.1503	2.0248	0.9855	0.9624	0.9624	0.9625	1.2264	0.9619	0.9625	0.9628	0.9571	0.9637	0.9625	0.9627	0.9628
  X	1.2979	0.9866	0.9713	1.1529	1.4448	0.9634	0.9636	0.9639	0.9627	0.9641	0.9643	0.9636	0.9669	0.9719	0.9642	1.231	1.0351	0.9636	0.9621	0.9631	1.0866	1.0684	0.9642	0	0.9653	0.9641	0.9639	0.9732	0.9632	0.9652	0.965	0.9636	0.9642	0.9644	1.0311	0.964	1.3643	1.7759	0.9642	0.9639	0.9638	0.9713	0.9639	0.9836	0.9643	1.4193	0.9642	0.964	0.964	0.9639
  Y	0.9591	0.9657	1.9878	0.9609	0.9585	0.9583	0.9585	1.0114	0.9586	0.9588	0.9588	0.9584	0.9615	0.9661	0.9589	0.9593	0.9623	2.413	1.4646	1.1181	1.3369	0.9668	0.959	0.9653	0	0.9588	0.9586	0.9674	0.9584	1.4349	0.9597	0.9583	0.959	0.9585	1.4267	1.4387	0.9692	2.522	0.9587	0.9588	0.9587	0.9655	2.7168	0.959	0.9589	0.9533	0.9591	0.9587	0.9587	0.9586
  Z	0.9625	0.969	0.9696	0.9642	0.9624	0.9619	0.9622	0.9624	0.9611	0.9627	0.9625	0.9622	1.4223	0.9707	0.9628	0.963	0.9654	0.962	0.9606	0.9612	0.9619	0.971	0.9625	0.9641	0.9588	0	0.9624	0.9725	0.9617	0.9622	0.9639	0.9622	0.9625	0.9622	0.9624	0.9622	0.9713	1.474	0.9623	0.9623	0.9623	0.9708	0.9619	0.9625	1.3345	0.957	0.9628	0.9624	1.3471	1.4457
  [	0.9625	0.9688	0.9704	0.964	0.9624	0.9619	0.9622	1.1423	0.9611	0.9623	0.9624	0.9621	0.9659	0.9714	0.9628	0.9629	0.965	0.962	0.9605	1.4459	1.2998	0.9715	0.9625	0.9639	0.9586	0.9624	0	0.973	0.9617	0.9621	0.9638	0.9621	0.9624	0.9622	0.9624	0.9622	0.9719	0.9846	1.3304	0.9624	0.9624	0.9704	0.9618	0.9624	0.9627	0.9568	0.9627	0.9623	0.9626	0.9625
  \	0.9724	0.9792	0.9795	0.9741	0.973	0.9718	0.9723	0.9729	0.9684	0.974	0.9725	0.9722	1.0131	0.9815	0.995	0.9732	0.975	0.9714	0.9707	0.9726	0.973	0.9822	0.9742	0.9732	0.9674	0.9725	0.973	0	0.9709	0.9717	0.9898	0.9726	0.9722	0.9719	0.9728	0.9717	0.9831	0.9974	0.9736	0.973	0.9729	1.491	0.971	0.9722	0.9734	0.9676	0.9789	0.9724	0.9731	0.9748
  ]	0.962	0.9673	0.9686	0.9631	0.9617	0.9628	0.9616	0.9617	0.9609	0.9617	0.9618	0.9615	0.9647	0.9696	0.9621	0.9622	0.964	0.9614	0.9601	0.9606	0.9614	0.9696	0.9618	0.9632	0.9584	0.9617	0.9617	0.9709	0	0.9615	0.963	0.9615	0.9618	0.9616	0.9617	0.9615	0.9699	0.9812	0.9616	0.9616	0.9617	0.9687	0.9613	0.9618	0.962	3.3574	0.962	0.9617	0.9619	0.9618
  ^	0.9623	0.9686	0.9693	0.9639	0.962	0.9617	0.9619	0.9621	0.9609	0.9621	0.9622	0.9619	0.9653	0.9703	0.9625	0.9627	0.965	0.973	0.9603	0.9609	0.9616	0.9706	0.9622	0.9652	1.4349	0.9622	0.9621	0.9717	0.9615	0	0.9634	0.9619	0.9622	0.9619	0.9628	0.9619	0.9709	1.4581	0.962	0.962	0.962	0.9694	0.9625	0.9622	0.9625	0.9568	0.9625	0.9621	0.9623	0.9622
  _	0.9638	0.97	0.9714	0.9653	0.9638	0.9632	0.9635	0.9638	0.9621	0.9641	0.9638	0.9635	1.0072	0.9726	0.966	0.9643	0.9662	0.9632	0.9619	0.9627	0.9645	0.9728	0.9644	0.965	0.9597	0.9639	0.9638	0.9898	0.963	0.9634	0	0.9635	0.9637	0.9635	0.9638	0.9634	0.9736	0.9862	0.9638	0.9637	0.9637	1.9709	0.9631	0.9637	0.9641	0.9583	0.9665	0.9638	0.964	0.9644
  `	0.9622	0.9684	1.3818	0.9637	0.9621	0.9617	0.9619	0.9621	0.9609	0.9621	0.9622	0.9619	0.9655	1.0112	0.9625	0.9626	0.9647	0.9617	0.988	0.9609	0.9616	0.9711	0.9623	0.9636	0.9583	0.9622	0.9621	0.9726	0.9615	0.9619	0.9635	0	0.9622	0.9619	0.9621	0.9619	0.9719	0.984	0.962	0.9621	0.9621	0.97	0.9616	0.9621	0.9624	0.9565	0.9624	0.962	0.9623	0.9622
  a	0.9626	0.9691	0.9696	0.9643	0.9624	0.962	0.9622	0.9624	0.9611	0.9625	0.9626	0.9622	0.9656	0.9707	0.9628	0.963	0.9655	0.9621	0.9606	0.9612	0.9619	0.9711	0.9625	0.9642	0.959	0.9625	0.9624	0.9722	0.9618	0.9622	0.9637	0.9622	0	0.9623	0.9625	0.9623	0.9715	1.4819	0.9623	0.9624	0.9624	0.9699	0.962	0.9626	0.9628	0.9571	0.9628	0.9625	0.9626	0.9625
  b	0.9623	0.969	0.9694	0.9647	0.9621	0.9617	0.962	0.9622	0.961	0.9623	0.9623	0.962	0.9654	0.9704	0.9626	0.9629	0.9659	0.9618	0.9603	0.961	0.9617	0.9708	0.9623	0.9644	0.9585	0.9622	0.9622	0.9719	0.9616	0.9619	0.9635	0.9619	0.9623	0	0.9622	0.962	0.9714	1.4801	0.9621	0.9621	0.9621	0.9695	0.9617	0.9623	0.9626	0.9568	0.9625	0.9622	0.9624	0.9623
  c	0.9625	0.9694	0.9704	0.9731	0.9624	0.9619	0.9622	0.9624	0.9611	0.9624	0.9625	0.9621	0.9658	0.9713	0.9628	1.4048	0.9679	0.9734	0.9605	0.9612	0.9618	1.0302	0.9626	1.0311	1.4267	0.9624	0.9624	0.9728	0.9617	0.9628	0.9638	0.9621	0.9625	0.9622	0	0.9623	1.0558	0.9976	0.9623	0.9623	0.9623	0.9703	0.962	0.9624	0.9627	0.9569	0.9627	0.9623	0.9626	0.9625
  d	0.9624	0.9686	0.9707	0.9641	0.9621	0.9617	0.962	0.9622	0.961	0.9622	0.9625	0.9619	0.9653	0.9705	0.9625	0.9629	0.9651	0.9618	0.9604	0.9611	1.4421	0.971	1.1503	0.964	1.4387	0.9622	0.9622	0.9717	0.9615	0.9619	0.9634	0.9619	0.9623	0.962	0.9623	0	2.0274	1.2618	0.9621	0.9621	0.9621	0.9721	0.9617	0.9623	0.9625	0.957	0.9625	0.9621	0.9623	0.9622
  e	0.9724	0.9862	1.0262	1.0647	0.972	0.9707	0.9712	0.9717	0.9677	0.9716	1.3496	0.9711	0.9759	0.9834	0.9726	1.2829	1.0072	0.9707	0.9726	0.9714	0.9727	1.4806	2.0248	1.3643	0.9692	0.9713	0.9719	0.9831	0.9699	0.9709	0.9736	0.9719	0.9715	0.9714	1.0558	2.0274	0	1.7329	0.9728	0.9728	0.9724	1.2841	0.9704	0.973	0.9723	0.9667	0.9729	0.9713	0.972	0.9721
  f	1.2041	1.0621	0.9931	1.226	0.9853	0.9826	0.9833	0.9844	0.9773	1.4387	1.1281	0.9832	1.0156	0.9939	0.9848	1.0403	1.2843	1.473	0.9824	0.986	1.1273	1.1946	0.9855	1.7759	2.522	1.474	0.9846	0.9974	0.9812	1.4581	0.9862	0.984	1.4819	1.4801	0.9976	1.2618	1.7329	0	0.9871	0.9849	0.9845	1.0661	1.6718	1.4128	1.0589	1.0417	1.1744	1.5672	1.0016	0.998
  g	0.9631	0.969	1.1935	0.964	0.9622	0.9618	0.962	1.1602	0.961	0.9622	0.9623	0.962	0.966	0.9719	0.9627	0.9628	0.965	0.9618	0.9606	1.1634	4.7595	0.9719	0.9624	0.9642	0.9587	0.9623	1.3304	0.9736	0.9616	0.962	0.9638	0.962	0.9623	0.9621	0.9623	0.9621	0.9728	0.9871	0	0.9624	1.1324	0.971	0.9617	0.9627	0.9626	0.9567	0.9626	0.9622	0.9625	0.9623
  h	0.9625	0.9687	1.6677	0.9639	0.9623	0.9618	0.9621	0.9624	0.961	0.9623	0.9623	0.9621	0.9658	0.9719	0.9627	0.9628	0.9649	0.9619	2.1175	0.9612	1.8897	0.9715	0.9624	0.9639	0.9588	0.9623	0.9624	0.973	0.9616	0.962	0.9637	0.9621	0.9624	0.9621	0.9623	0.9621	0.9728	0.9849	0.9624	0	0.9623	0.9704	0.9618	0.9624	0.9626	0.9567	0.9626	0.9622	0.9625	0.9624
  i	0.9624	0.9687	1.4506	0.9639	0.9623	0.9618	0.9621	0.9624	0.961	0.9623	0.9624	0.9621	0.9658	0.9714	0.9627	0.9628	0.9649	0.9619	0.9605	0.9612	1.3214	0.9714	0.9625	0.9638	0.9587	0.9623	0.9624	0.9729	0.9617	0.962	0.9637	0.9621	0.9624	0.9621	0.9623	0.9621	0.9724	0.9845	1.1324	0.9623	0	0.9703	0.9618	0.9624	0.9626	0.9567	0.9626	0.9622	0.9625	0.9624
  j	0.9701	0.9768	0.9776	0.9719	0.9704	0.9693	0.9698	0.9703	0.9666	1.4531	0.9703	0.9697	1.3508	0.9792	1.4648	0.9709	0.9728	0.9691	0.9683	0.97	1.45	0.9804	1.2264	0.9713	0.9655	0.9708	0.9704	1.491	0.9687	0.9694	1.9709	0.97	0.9699	0.9695	0.9703	0.9721	1.2841	1.0661	0.971	0.9704	0.9703	0	0.9688	0.97	0.9709	0.9651	1.9806	1.0416	0.9706	1.3809
  k	0.962	0.9685	0.9687	0.9638	0.9618	0.9614	0.9617	0.9619	0.9608	0.9619	0.962	0.9616	0.9649	0.9696	0.9622	0.9624	0.9649	0.9634	0.9601	0.9607	0.9615	0.9701	0.9619	0.9639	2.7168	0.9619	0.9618	0.971	0.9613	0.9625	0.9631	0.9616	0.962	0.9617	0.962	0.9617	0.9704	1.6718	0.9617	0.9618	0.9618	0.9688	0	0.962	0.9622	0.9567	0.9622	0.9618	0.962	0.9619
  l	1.0125	0.969	0.9699	0.9643	0.9624	0.962	0.9622	0.9624	0.9614	0.9625	0.9629	0.9622	0.9656	0.9708	0.9628	0.963	0.9654	0.9621	0.9607	0.9615	0.9914	0.9719	0.9625	0.9836	0.959	0.9625	0.9624	0.9722	0.9618	0.9622	0.9637	0.9621	0.9626	0.9623	0.9624	0.9623	0.973	1.4128	0.9627	0.9624	0.9624	0.97	0.962	0	0.9628	0.9706	0.9628	0.9624	0.9626	0.9625
  m	0.9628	0.9693	0.9706	0.9644	0.9627	0.9622	0.9625	0.9627	0.9613	1.4366	0.9628	0.9624	0.9708	0.9718	0.9631	0.9633	0.9655	0.9623	0.9608	0.9615	0.9621	0.9719	0.9628	0.9643	0.9589	1.3345	0.9627	0.9734	0.962	0.9625	0.9641	0.9624	0.9628	0.9626	0.9627	0.9625	0.9723	1.0589	0.9626	0.9626	0.9626	0.9709	0.9622	0.9628	0	0.957	0.963	0.9627	1.1744	0.9676
  n	1.2283	0.9635	0.9656	0.9588	0.9571	1.9161	1.4333	0.9569	10.9444	0.9569	0.957	1.4349	0.9603	0.9659	0.9573	0.9575	0.9599	0.9568	0.9551	0.9553	1.0449	0.9663	0.9571	1.4193	0.9533	0.957	0.9568	0.9676	3.3574	0.9568	0.9583	0.9565	0.9571	0.9568	0.9569	0.957	0.9667	1.0417	0.9567	0.9567	0.9567	0.9651	0.9567	0.9706	0.957	0	0.9573	0.957	0.957	0.9568
  o	0.9628	0.969	0.9701	0.9644	0.9627	0.9622	0.9625	0.9627	0.9613	0.9629	0.9628	0.9624	0.9686	0.9713	0.9667	0.9632	0.9654	0.9623	0.9608	0.9616	0.9659	0.9716	0.9637	0.9642	0.9591	0.9628	0.9627	0.9789	0.962	0.9625	0.9665	0.9624	0.9628	0.9625	0.9627	0.9625	0.9729	1.1744	0.9626	0.9626	0.9626	1.9806	0.9622	0.9628	0.963	0.9573	0	1.1506	0.9629	1.0849
  p	0.9625	0.9689	0.9695	0.9641	0.9622	0.9618	0.9621	0.9623	0.9611	0.9624	0.9624	0.9621	0.9657	0.9706	0.9628	0.9629	0.9653	0.9619	0.9605	0.9611	0.9619	0.9709	0.9625	0.964	0.9587	0.9624	0.9623	0.9724	0.9617	0.9621	0.9638	0.962	0.9625	0.9622	0.9623	0.9621	0.9713	1.5672	0.9622	0.9622	0.9622	1.0416	0.9618	0.9624	0.9627	0.957	1.1506	0	0.9625	0.9625
  q	0.9626	0.9689	0.9705	0.9642	0.9625	0.9621	0.9624	0.9626	0.9612	0.9627	0.9626	0.9623	0.9709	0.9716	0.963	0.9631	0.9652	0.9622	0.9607	0.9614	0.9619	0.9717	0.9627	0.964	0.9587	1.3471	0.9626	0.9731	0.9619	0.9623	0.964	0.9623	0.9626	0.9624	0.9626	0.9623	0.972	1.0016	0.9625	0.9625	0.9625	0.9706	0.962	0.9626	1.1744	0.957	0.9629	0.9625	0	0.9677
  r	0.9625	0.9688	0.9703	0.9641	0.9624	0.962	0.9622	0.9625	0.9611	0.9625	0.9625	0.9622	0.9703	0.9715	0.963	0.963	0.9651	0.962	0.9605	0.9612	0.9619	0.9716	0.9628	0.9639	0.9586	1.4457	0.9625	0.9748	0.9618	0.9622	0.9644	0.9622	0.9625	0.9623	0.9625	0.9622	0.9721	0.998	0.9623	0.9624	0.9624	1.3809	0.9619	0.9625	0.9676	0.9568	1.0849	0.9625	0.9677	0

Actual rates from j->i (Q_ij):
	A	B	C	D	E	F	G	H	I	J	K	L	M	N	O	P	Q	R	S	T	U	V	W	X	Y	Z	[	\	]	^	_	`	a	b	c	d	e	f	g	h	i	j	k	l	m	n	o	p	q	r
  A	0	0.0191	0.0191	0.019	0.0189	0.0189	0.0189	0.0189	0.0189	0.0189	0.0189	0.0189	0.019	0.0191	0.0189	0.0189	0.019	0.0189	0.0189	0.0189	0.0247	0.0191	0.0189	0.0255	0.0189	0.0189	0.0189	0.0191	0.0189	0.0189	0.019	0.0189	0.0189	0.0189	0.0189	0.0189	0.0191	0.0237	0.0189	0.0189	0.0189	0.0191	0.0189	0.0199	0.0189	0.0242	0.0189	0.0189	0.0189	0.0189
  B	0.0205	0	0.0206	0.0209	0.0205	0.0204	0.0205	0.0205	0.0204	0.0205	0.0205	0.0205	0.0205	0.0207	0.0205	0.0206	0.0212	0.0205	0.0204	0.0204	0.0204	0.0209	0.0205	0.0208	0.0204	0.0205	0.0205	0.0207	0.0204	0.0205	0.0205	0.0205	0.0205	0.0205	0.0205	0.0205	0.0208	0.0224	0.0205	0.0205	0.0205	0.0206	0.0205	0.0205	0.0205	0.0204	0.0205	0.0205	0.0205	0.0205
  C	0.018	0.0181	0	0.0181	0.018	0.018	0.018	0.018	0.018	0.018	0.018	0.018	0.0181	0.0427	0.018	0.0181	0.0181	0.018	0.0763	0.018	0.0573	0.0182	0.0181	0.0181	0.037	0.018	0.018	0.0182	0.018	0.018	0.0181	0.0257	0.018	0.018	0.018	0.018	0.0191	0.0185	0.0222	0.031	0.027	0.0182	0.018	0.018	0.018	0.018	0.018	0.018	0.018	0.018
  D	0.0195	0.0199	0.0196	0	0.0195	0.0195	0.0195	0.0195	0.0194	0.0195	0.0195	0.0195	0.0195	0.0196	0.0195	0.0205	0.0211	0.0195	0.0194	0.0194	0.0195	0.0199	0.0195	0.0233	0.0194	0.0195	0.0195	0.0197	0.0195	0.0195	0.0195	0.0195	0.0195	0.0195	0.0197	0.0195	0.0215	0.0248	0.0195	0.0195	0.0195	0.0196	0.0195	0.0195	0.0195	0.0194	0.0195	0.0195	0.0195	0.0195
  E	0.0201	0.0202	0.0202	0.0201	0	0.02	0.02	0.02	0.02	0.02	0.02	0.02	0.0201	0.0202	0.0201	0.0201	0.0201	0.02	0.02	0.02	0.03	0.0202	0.02	0.0301	0.02	0.02	0.02	0.0203	0.02	0.02	0.0201	0.02	0.02	0.02	0.02	0.02	0.0202	0.0205	0.02	0.02	0.02	0.0202	0.02	0.02	0.0201	0.0199	0.0201	0.02	0.02	0.02
  F	0.0184	0.0185	0.0186	0.0185	0.0184	0	0.0184	0.0184	0.0184	0.0184	0.0184	0.0184	0.0185	0.0186	0.0184	0.0184	0.0185	0.0184	0.0184	0.0184	0.0184	0.0186	0.0184	0.0185	0.0184	0.0184	0.0184	0.0186	0.0184	0.0184	0.0185	0.0184	0.0184	0.0184	0.0184	0.0184	0.0186	0.0188	0.0184	0.0184	0.0184	0.0186	0.0184	0.0184	0.0184	0.0367	0.0184	0.0184	0.0184	0.0184
  G	0.0189	0.019	0.0191	0.0189	0.0189	0.0189	0	0.0189	0.0189	0.0189	0.0189	0.0189	0.019	0.0191	0.0189	0.0189	0.019	0.0189	0.0189	0.0189	0.0189	0.0191	0.0189	0.0189	0.0188	0.0189	0.0189	0.0191	0.0189	0.0189	0.0189	0.0189	0.0189	0.0189	0.0189	0.0189	0.0191	0.0193	0.0189	0.0189	0.0189	0.0191	0.0189	0.0189	0.0189	0.0282	0.0189	0.0189	0.0189	0.0189
  H	0.0196	0.0198	0.0198	0.0197	0.0196	0.0196	0.0196	0	0.0196	0.0196	0.0196	0.0196	0.0197	0.0198	0.0196	0.0196	0.0197	0.0196	0.0196	0.0379	0.0231	0.0198	0.0196	0.0197	0.0206	0.0196	0.0233	0.0198	0.0196	0.0196	0.0197	0.0196	0.0196	0.0196	0.0196	0.0196	0.0198	0.0201	0.0237	0.0196	0.0196	0.0198	0.0196	0.0196	0.0196	0.0195	0.0196	0.0196	0.0196	0.0196
  I	0.013	0.0131	0.0131	0.013	0.013	0.013	0.013	0.013	0	0.013	0.013	0.013	0.013	0.0131	0.013	0.013	0.013	0.013	0.013	0.013	0.013	0.0131	0.013	0.013	0.013	0.013	0.013	0.0131	0.013	0.013	0.013	0.013	0.013	0.013	0.013	0.013	0.0131	0.0132	0.013	0.013	0.013	0.0131	0.013	0.013	0.013	0.148	0.013	0.013	0.013	0.013
  J	0.0192	0.0193	0.0193	0.0192	0.0192	0.0192	0.0192	0.0192	0.0192	0	0.0192	0.0192	0.0193	0.0194	0.0192	0.0192	0.0192	0.0192	0.0191	0.0192	0.0192	0.0194	0.0192	0.0192	0.0191	0.0192	0.0192	0.0194	0.0192	0.0192	0.0192	0.0192	0.0192	0.0192	0.0192	0.0192	0.0194	0.0287	0.0192	0.0192	0.0192	0.029	0.0192	0.0192	0.0286	0.0191	0.0192	0.0192	0.0192	0.0192
  K	0.0194	0.0195	0.0195	0.0194	0.0194	0.0193	0.0193	0.0194	0.0193	0.0194	0	0.0193	0.0194	0.0195	0.0194	0.0194	0.0194	0.0193	0.0193	0.0193	0.0193	0.0221	0.0194	0.0194	0.0193	0.0194	0.0194	0.0196	0.0193	0.0193	0.0194	0.0193	0.0194	0.0193	0.0194	0.0194	0.0271	0.0227	0.0194	0.0194	0.0194	0.0195	0.0193	0.0194	0.0194	0.0192	0.0194	0.0194	0.0194	0.0194
  L	0.0189	0.019	0.0191	0.019	0.0189	0.0189	0.0189	0.0189	0.0189	0.0189	0.0189	0	0.019	0.0191	0.0189	0.0189	0.019	0.0189	0.0189	0.0189	0.0189	0.0191	0.0189	0.019	0.0189	0.0189	0.0189	0.0191	0.0189	0.0189	0.019	0.0189	0.0189	0.0189	0.0189	0.0189	0.0191	0.0193	0.0189	0.0189	0.0189	0.0191	0.0189	0.0189	0.0189	0.0282	0.0189	0.0189	0.0189	0.0189
  M	0.02	0.0201	0.0202	0.02	0.02	0.02	0.02	0.02	0.02	0.02	0.02	0.02	0	0.0202	0.0201	0.02	0.0201	0.02	0.02	0.02	0.02	0.0202	0.02	0.02	0.0199	0.0295	0.02	0.021	0.02	0.02	0.0209	0.02	0.02	0.02	0.02	0.02	0.0202	0.021	0.02	0.02	0.02	0.028	0.02	0.02	0.0201	0.0199	0.0201	0.02	0.0201	0.0201
  N	0.0206	0.0207	0.0486	0.0206	0.0206	0.0206	0.0206	0.0206	0.0205	0.0206	0.0206	0.0206	0.0207	0	0.0206	0.0206	0.0206	0.0205	0.0392	0.0206	0.0213	0.0208	0.0206	0.0206	0.0205	0.0206	0.0206	0.0208	0.0205	0.0206	0.0206	0.0214	0.0206	0.0206	0.0206	0.0206	0.0208	0.0211	0.0206	0.0206	0.0206	0.0207	0.0205	0.0206	0.0206	0.0205	0.0206	0.0206	0.0206	0.0206
  O	0.0195	0.0197	0.0197	0.0196	0.0195	0.0195	0.0195	0.0195	0.0195	0.0195	0.0195	0.0195	0.0197	0.0197	0	0.0196	0.0196	0.0195	0.0195	0.0195	0.0195	0.0197	0.0196	0.0196	0.0195	0.0195	0.0195	0.0202	0.0195	0.0195	0.0196	0.0195	0.0195	0.0195	0.0195	0.0195	0.0197	0.02	0.0195	0.0195	0.0195	0.0297	0.0195	0.0195	0.0196	0.0194	0.0196	0.0195	0.0196	0.0196
  P	0.0195	0.0197	0.0196	0.0206	0.0195	0.0195	0.0195	0.0195	0.0195	0.0195	0.0195	0.0195	0.0195	0.0197	0.0195	0	0.0199	0.0195	0.0194	0.0195	0.0195	0.0251	0.0195	0.0249	0.0194	0.0195	0.0195	0.0197	0.0195	0.0195	0.0195	0.0195	0.0195	0.0195	0.0284	0.0195	0.026	0.021	0.0195	0.0195	0.0195	0.0196	0.0195	0.0195	0.0195	0.0194	0.0195	0.0195	0.0195	0.0195
  Q	0.0194	0.0202	0.0196	0.021	0.0194	0.0194	0.0194	0.0194	0.0194	0.0194	0.0194	0.0194	0.0195	0.0196	0.0194	0.0198	0	0.0194	0.0194	0.0194	0.0194	0.0197	0.0194	0.0208	0.0194	0.0194	0.0194	0.0196	0.0194	0.0194	0.0194	0.0194	0.0194	0.0194	0.0195	0.0194	0.0203	0.0259	0.0194	0.0194	0.0194	0.0196	0.0194	0.0194	0.0194	0.0193	0.0194	0.0194	0.0194	0.0194
  R	0.0184	0.0185	0.0186	0.0185	0.0184	0.0184	0.0184	0.0184	0.0184	0.0184	0.0184	0.0184	0.0185	0.0186	0.0184	0.0184	0.0185	0	0.0184	0.0184	0.0184	0.0186	0.0184	0.0185	0.0462	0.0184	0.0184	0.0186	0.0184	0.0186	0.0184	0.0184	0.0184	0.0184	0.0186	0.0184	0.0186	0.0282	0.0184	0.0184	0.0184	0.0186	0.0185	0.0184	0.0184	0.0183	0.0184	0.0184	0.0184	0.0184
  S	0.0194	0.0195	0.0827	0.0194	0.0194	0.0194	0.0194	0.0194	0.0193	0.0194	0.0194	0.0194	0.0194	0.0373	0.0194	0.0194	0.0194	0.0194	0	0.0193	0.0481	0.0195	0.0194	0.0194	0.0295	0.0194	0.0194	0.0196	0.0194	0.0194	0.0194	0.0199	0.0194	0.0194	0.0194	0.0194	0.0196	0.0198	0.0194	0.0427	0.0194	0.0195	0.0194	0.0194	0.0194	0.0192	0.0194	0.0194	0.0194	0.0194
  T	0.0213	0.0214	0.0215	0.0213	0.0213	0.0213	0.0213	0.0412	0.0213	0.0213	0.0213	0.0213	0.0214	0.0215	0.0213	0.0213	0.0214	0.0213	0.0213	0	0.0724	0.0215	0.0213	0.0213	0.0248	0.0213	0.032	0.0215	0.0213	0.0213	0.0213	0.0213	0.0213	0.0213	0.0213	0.0213	0.0215	0.0218	0.0258	0.0213	0.0213	0.0215	0.0213	0.0213	0.0213	0.0212	0.0213	0.0213	0.0213	0.0213
  U	0.0231	0.0178	0.0568	0.0177	0.0266	0.0177	0.0177	0.0208	0.0177	0.0177	0.0177	0.0177	0.0178	0.0185	0.0177	0.0177	0.0178	0.0177	0.0439	0.0602	0	0.0179	0.0177	0.02	0.0246	0.0177	0.0239	0.0179	0.0177	0.0177	0.0178	0.0177	0.0177	0.0177	0.0177	0.0266	0.0179	0.0208	0.0877	0.0348	0.0243	0.0267	0.0177	0.0183	0.0177	0.0192	0.0178	0.0177	0.0177	0.0177
  V	0.0204	0.0207	0.0205	0.0206	0.0204	0.0204	0.0204	0.0204	0.0203	0.0204	0.023	0.0204	0.0205	0.0206	0.0204	0.026	0.0206	0.0204	0.0203	0.0204	0.0204	0	0.0204	0.0224	0.0203	0.0204	0.0204	0.0206	0.0203	0.0204	0.0204	0.0204	0.0204	0.0204	0.0216	0.0204	0.0311	0.0251	0.0204	0.0204	0.0204	0.0206	0.0203	0.0204	0.0204	0.0203	0.0204	0.0204	0.0204	0.0204
  W	0.0192	0.0193	0.0194	0.0192	0.0192	0.0192	0.0192	0.0192	0.0192	0.0192	0.0192	0.0192	0.0193	0.0194	0.0192	0.0192	0.0192	0.0192	0.0192	0.0192	0.0192	0.0194	0	0.0192	0.0191	0.0192	0.0192	0.0194	0.0192	0.0192	0.0192	0.0192	0.0192	0.0192	0.0192	0.0229	0.0404	0.0197	0.0192	0.0192	0.0192	0.0245	0.0192	0.0192	0.0192	0.0191	0.0192	0.0192	0.0192	0.0192
  X	0.0246	0.0187	0.0184	0.0218	0.0274	0.0182	0.0183	0.0183	0.0182	0.0183	0.0183	0.0183	0.0183	0.0184	0.0183	0.0233	0.0196	0.0183	0.0182	0.0182	0.0206	0.0202	0.0183	0	0.0183	0.0183	0.0183	0.0184	0.0182	0.0183	0.0183	0.0183	0.0183	0.0183	0.0195	0.0183	0.0258	0.0336	0.0183	0.0183	0.0183	0.0184	0.0183	0.0186	0.0183	0.0269	0.0183	0.0183	0.0183	0.0183
  Y	0.0187	0.0188	0.0388	0.0187	0.0187	0.0187	0.0187	0.0197	0.0187	0.0187	0.0187	0.0187	0.0188	0.0188	0.0187	0.0187	0.0188	0.0471	0.0286	0.0218	0.0261	0.0189	0.0187	0.0188	0	0.0187	0.0187	0.0189	0.0187	0.028	0.0187	0.0187	0.0187	0.0187	0.0278	0.0281	0.0189	0.0492	0.0187	0.0187	0.0187	0.0188	0.053	0.0187	0.0187	0.0186	0.0187	0.0187	0.0187	0.0187
  Z	0.019	0.0192	0.0192	0.0191	0.019	0.019	0.019	0.019	0.019	0.019	0.019	0.019	0.0281	0.0192	0.019	0.019	0.0191	0.019	0.019	0.019	0.019	0.0192	0.019	0.0191	0.019	0	0.019	0.0192	0.019	0.019	0.0191	0.019	0.019	0.019	0.019	0.019	0.0192	0.0291	0.019	0.019	0.019	0.0192	0.019	0.019	0.0264	0.0189	0.019	0.019	0.0266	0.0286
  [	0.0199	0.02	0.02	0.0199	0.0198	0.0198	0.0198	0.0236	0.0198	0.0198	0.0198	0.0198	0.0199	0.02	0.0199	0.0199	0.0199	0.0198	0.0198	0.0298	0.0268	0.02	0.0199	0.0199	0.0198	0.0198	0	0.0201	0.0198	0.0198	0.0199	0.0198	0.0198	0.0198	0.0198	0.0198	0.02	0.0203	0.0274	0.0198	0.0198	0.02	0.0198	0.0198	0.0199	0.0197	0.0199	0.0198	0.0199	0.0199
  \	0.0202	0.0204	0.0204	0.0203	0.0202	0.0202	0.0202	0.0202	0.0201	0.0203	0.0202	0.0202	0.0211	0.0204	0.0207	0.0202	0.0203	0.0202	0.0202	0.0202	0.0202	0.0204	0.0203	0.0202	0.0201	0.0202	0.0202	0	0.0202	0.0202	0.0206	0.0202	0.0202	0.0202	0.0202	0.0202	0.0204	0.0207	0.0202	0.0202	0.0202	0.031	0.0202	0.0202	0.0202	0.0201	0.0204	0.0202	0.0202	0.0203
  ]	0.0171	0.0172	0.0172	0.0171	0.0171	0.0171	0.0171	0.0171	0.017	0.0171	0.0171	0.0171	0.0171	0.0172	0.0171	0.0171	0.0171	0.017	0.017	0.017	0.017	0.0172	0.0171	0.0171	0.017	0.0171	0.0171	0.0172	0	0.0171	0.0171	0.0171	0.0171	0.0171	0.0171	0.0171	0.0172	0.0174	0.0171	0.0171	0.0171	0.0172	0.017	0.0171	0.0171	0.0595	0.0171	0.0171	0.0171	0.0171
  ^	0.0189	0.019	0.019	0.0189	0.0189	0.0189	0.0189	0.0189	0.0189	0.0189	0.0189	0.0189	0.019	0.019	0.0189	0.0189	0.0189	0.0191	0.0189	0.0189	0.0189	0.0191	0.0189	0.0189	0.0282	0.0189	0.0189	0.0191	0.0189	0	0.0189	0.0189	0.0189	0.0189	0.0189	0.0189	0.0191	0.0286	0.0189	0.0189	0.0189	0.019	0.0189	0.0189	0.0189	0.0188	0.0189	0.0189	0.0189	0.0189
  _	0.0196	0.0197	0.0198	0.0196	0.0196	0.0196	0.0196	0.0196	0.0196	0.0196	0.0196	0.0196	0.0205	0.0198	0.0197	0.0196	0.0197	0.0196	0.0196	0.0196	0.0196	0.0198	0.0196	0.0196	0.0195	0.0196	0.0196	0.0201	0.0196	0.0196	0	0.0196	0.0196	0.0196	0.0196	0.0196	0.0198	0.0201	0.0196	0.0196	0.0196	0.0401	0.0196	0.0196	0.0196	0.0195	0.0197	0.0196	0.0196	0.0196
  `	0.0197	0.0199	0.0284	0.0198	0.0197	0.0197	0.0197	0.0197	0.0197	0.0197	0.0197	0.0197	0.0198	0.0207	0.0197	0.0198	0.0198	0.0197	0.0203	0.0197	0.0197	0.0199	0.0197	0.0198	0.0197	0.0197	0.0197	0.02	0.0197	0.0197	0.0198	0	0.0197	0.0197	0.0197	0.0197	0.0199	0.0202	0.0197	0.0197	0.0197	0.0199	0.0197	0.0197	0.0197	0.0196	0.0197	0.0197	0.0197	0.0197
  a	0.0191	0.0193	0.0193	0.0192	0.0191	0.0191	0.0191	0.0191	0.0191	0.0191	0.0191	0.0191	0.0192	0.0193	0.0191	0.0191	0.0192	0.0191	0.0191	0.0191	0.0191	0.0193	0.0191	0.0192	0.0191	0.0191	0.0191	0.0193	0.0191	0.0191	0.0191	0.0191	0	0.0191	0.0191	0.0191	0.0193	0.0294	0.0191	0.0191	0.0191	0.0193	0.0191	0.0191	0.0191	0.019	0.0191	0.0191	0.0191	0.0191
  b	0.0191	0.0192	0.0192	0.0191	0.0191	0.0191	0.0191	0.0191	0.0191	0.0191	0.0191	0.0191	0.0192	0.0193	0.0191	0.0191	0.0192	0.0191	0.0191	0.0191	0.0191	0.0193	0.0191	0.0191	0.019	0.0191	0.0191	0.0193	0.0191	0.0191	0.0191	0.0191	0.0191	0	0.0191	0.0191	0.0193	0.0294	0.0191	0.0191	0.0191	0.0192	0.0191	0.0191	0.0191	0.019	0.0191	0.0191	0.0191	0.0191
  c	0.0195	0.0197	0.0197	0.0198	0.0195	0.0195	0.0195	0.0195	0.0195	0.0195	0.0195	0.0195	0.0196	0.0197	0.0195	0.0285	0.0196	0.0198	0.0195	0.0195	0.0195	0.0209	0.0195	0.0209	0.029	0.0195	0.0195	0.0197	0.0195	0.0195	0.0196	0.0195	0.0195	0.0195	0	0.0195	0.0214	0.0202	0.0195	0.0195	0.0195	0.0197	0.0195	0.0195	0.0195	0.0194	0.0195	0.0195	0.0195	0.0195
  d	0.0184	0.0185	0.0186	0.0184	0.0184	0.0184	0.0184	0.0184	0.0184	0.0184	0.0184	0.0184	0.0184	0.0185	0.0184	0.0184	0.0184	0.0184	0.0184	0.0184	0.0276	0.0186	0.022	0.0184	0.0275	0.0184	0.0184	0.0186	0.0184	0.0184	0.0184	0.0184	0.0184	0.0184	0.0184	0	0.0387	0.0241	0.0184	0.0184	0.0184	0.0186	0.0184	0.0184	0.0184	0.0183	0.0184	0.0184	0.0184	0.0184
  e	0.0207	0.021	0.0218	0.0227	0.0207	0.0207	0.0207	0.0207	0.0206	0.0207	0.0287	0.0207	0.0208	0.0209	0.0207	0.0273	0.0214	0.0207	0.0207	0.0207	0.0207	0.0315	0.0431	0.029	0.0206	0.0207	0.0207	0.0209	0.0206	0.0207	0.0207	0.0207	0.0207	0.0207	0.0225	0.0431	0	0.0369	0.0207	0.0207	0.0207	0.0273	0.0206	0.0207	0.0207	0.0206	0.0207	0.0207	0.0207	0.0207
  f	0.0247	0.0218	0.0204	0.0252	0.0202	0.0202	0.0202	0.0202	0.0201	0.0295	0.0231	0.0202	0.0208	0.0204	0.0202	0.0213	0.0263	0.0302	0.0202	0.0202	0.0231	0.0245	0.0202	0.0364	0.0517	0.0302	0.0202	0.0205	0.0201	0.0299	0.0202	0.0202	0.0304	0.0304	0.0205	0.0259	0.0356	0	0.0203	0.0202	0.0202	0.0219	0.0343	0.029	0.0217	0.0214	0.0241	0.0322	0.0205	0.0205
  g	0.0208	0.021	0.0258	0.0209	0.0208	0.0208	0.0208	0.0251	0.0208	0.0208	0.0208	0.0208	0.0209	0.021	0.0208	0.0208	0.0209	0.0208	0.0208	0.0252	0.103	0.021	0.0208	0.0209	0.0207	0.0208	0.0288	0.0211	0.0208	0.0208	0.0209	0.0208	0.0208	0.0208	0.0208	0.0208	0.0211	0.0214	0	0.0208	0.0245	0.021	0.0208	0.0208	0.0208	0.0207	0.0208	0.0208	0.0208	0.0208
  h	0.0199	0.02	0.0345	0.0199	0.0199	0.0199	0.0199	0.0199	0.0199	0.0199	0.0199	0.0199	0.02	0.0201	0.0199	0.0199	0.02	0.0199	0.0438	0.0199	0.0391	0.0201	0.0199	0.0199	0.0198	0.0199	0.0199	0.0201	0.0199	0.0199	0.0199	0.0199	0.0199	0.0199	0.0199	0.0199	0.0201	0.0204	0.0199	0	0.0199	0.0201	0.0199	0.0199	0.0199	0.0198	0.0199	0.0199	0.0199	0.0199
  i	0.0199	0.02	0.03	0.02	0.0199	0.0199	0.0199	0.0199	0.0199	0.0199	0.0199	0.0199	0.02	0.0201	0.0199	0.0199	0.02	0.0199	0.0199	0.0199	0.0274	0.0201	0.0199	0.0199	0.0198	0.0199	0.0199	0.0201	0.0199	0.0199	0.0199	0.0199	0.0199	0.0199	0.0199	0.0199	0.0201	0.0204	0.0234	0.0199	0	0.0201	0.0199	0.0199	0.0199	0.0198	0.0199	0.0199	0.0199	0.0199
  j	0.0196	0.0197	0.0198	0.0196	0.0196	0.0196	0.0196	0.0196	0.0195	0.0294	0.0196	0.0196	0.0273	0.0198	0.0296	0.0196	0.0197	0.0196	0.0196	0.0196	0.0293	0.0198	0.0248	0.0196	0.0195	0.0196	0.0196	0.0301	0.0196	0.0196	0.0398	0.0196	0.0196	0.0196	0.0196	0.0197	0.026	0.0216	0.0196	0.0196	0.0196	0	0.0196	0.0196	0.0196	0.0195	0.04	0.0211	0.0196	0.0279
  k	0.0182	0.0183	0.0183	0.0182	0.0182	0.0182	0.0182	0.0182	0.0182	0.0182	0.0182	0.0182	0.0183	0.0183	0.0182	0.0182	0.0183	0.0182	0.0182	0.0182	0.0182	0.0184	0.0182	0.0182	0.0514	0.0182	0.0182	0.0184	0.0182	0.0182	0.0182	0.0182	0.0182	0.0182	0.0182	0.0182	0.0184	0.0316	0.0182	0.0182	0.0182	0.0183	0	0.0182	0.0182	0.0181	0.0182	0.0182	0.0182	0.0182
  l	0.0202	0.0193	0.0193	0.0192	0.0192	0.0192	0.0192	0.0192	0.0191	0.0192	0.0192	0.0192	0.0192	0.0193	0.0192	0.0192	0.0192	0.0192	0.0191	0.0191	0.0197	0.0194	0.0192	0.0196	0.0191	0.0192	0.0192	0.0194	0.0192	0.0192	0.0192	0.0192	0.0192	0.0192	0.0192	0.0192	0.0194	0.0281	0.0192	0.0192	0.0192	0.0193	0.0192	0	0.0192	0.0193	0.0192	0.0192	0.0192	0.0192
  m	0.0201	0.0202	0.0203	0.0201	0.0201	0.0201	0.0201	0.0201	0.0201	0.03	0.0201	0.0201	0.0203	0.0203	0.0201	0.0201	0.0202	0.0201	0.0201	0.0201	0.0201	0.0203	0.0201	0.0201	0.02	0.0279	0.0201	0.0203	0.0201	0.0201	0.0201	0.0201	0.0201	0.0201	0.0201	0.0201	0.0203	0.0221	0.0201	0.0201	0.0201	0.0203	0.0201	0.0201	0	0.02	0.0201	0.0201	0.0245	0.0202
  n	0.0259	0.0203	0.0203	0.0202	0.0202	0.0404	0.0302	0.0202	0.2306	0.0202	0.0202	0.0302	0.0202	0.0204	0.0202	0.0202	0.0202	0.0202	0.0201	0.0201	0.022	0.0204	0.0202	0.0299	0.0201	0.0202	0.0202	0.0204	0.0708	0.0202	0.0202	0.0202	0.0202	0.0202	0.0202	0.0202	0.0204	0.022	0.0202	0.0202	0.0202	0.0203	0.0202	0.0205	0.0202	0	0.0202	0.0202	0.0202	0.0202
  o	0.0193	0.0194	0.0194	0.0193	0.0193	0.0193	0.0193	0.0193	0.0193	0.0193	0.0193	0.0193	0.0194	0.0195	0.0194	0.0193	0.0193	0.0193	0.0192	0.0193	0.0193	0.0195	0.0193	0.0193	0.0192	0.0193	0.0193	0.0196	0.0193	0.0193	0.0194	0.0193	0.0193	0.0193	0.0193	0.0193	0.0195	0.0235	0.0193	0.0193	0.0193	0.0397	0.0193	0.0193	0.0193	0.0192	0	0.023	0.0193	0.0217
  p	0.0189	0.0191	0.0191	0.019	0.0189	0.0189	0.0189	0.0189	0.0189	0.0189	0.0189	0.0189	0.019	0.0191	0.0189	0.0189	0.019	0.0189	0.0189	0.0189	0.0189	0.0191	0.0189	0.019	0.0189	0.0189	0.0189	0.0191	0.0189	0.0189	0.019	0.0189	0.0189	0.0189	0.0189	0.0189	0.0191	0.0308	0.0189	0.0189	0.0189	0.0205	0.0189	0.0189	0.0189	0.0188	0.0226	0	0.0189	0.0189
  q	0.0198	0.02	0.02	0.0199	0.0198	0.0198	0.0198	0.0198	0.0198	0.0198	0.0198	0.0198	0.02	0.02	0.0198	0.0198	0.0199	0.0198	0.0198	0.0198	0.0198	0.02	0.0198	0.0199	0.0198	0.0278	0.0198	0.02	0.0198	0.0198	0.0199	0.0198	0.0198	0.0198	0.0198	0.0198	0.02	0.0206	0.0198	0.0198	0.0198	0.02	0.0198	0.0198	0.0242	0.0197	0.0198	0.0198	0	0.0199
  r	0.0199	0.02	0.0201	0.0199	0.0199	0.0199	0.0199	0.0199	0.0199	0.0199	0.0199	0.0199	0.0201	0.0201	0.0199	0.0199	0.0199	0.0199	0.0198	0.0199	0.0199	0.0201	0.0199	0.0199	0.0198	0.0299	0.0199	0.0201	0.0199	0.0199	0.0199	0.0199	0.0199	0.0199	0.0199	0.0199	0.0201	0.0206	0.0199	0.0199	0.0199	0.0285	0.0199	0.0199	0.02	0.0198	0.0224	0.0199	0.02	0
