Map from character to field name
A:	Argentina/unknown
B:	Australia/unknown
C:	Austria/unknown
D:	Azerbaijan/unknown
E:	Belgium/unknown
F:	Brazil/unknown
G:	British Virgin Islands/unknown
H:	Bulgaria/unknown
I:	Canada/unknown
J:	Central African Republic/unknown
K:	China/unknown
L:	Colombia/unknown
M:	Cyprus/unknown
N:	Czech Republic/unknown
O:	Democratic Republic of the Congo/unknown
P:	Egypt/unknown
Q:	France/unknown
R:	Germany/unknown
S:	Greece/unknown
T:	Hungary/unknown
U:	India/unknown
V:	Iran/unknown
W:	Israel/unknown
X:	Italy/unknown
Y:	Kenya/unknown
Z:	Madagascar/unknown
[:	Mexico/unknown
\:	Morocco/unknown
]:	Namibia/unknown
^:	Netherlands/unknown
_:	Nigeria/unknown
`:	Romania/unknown
a:	Russia/unknown
b:	Senegal/unknown
c:	Serbia/unknown
d:	Slovakia/unknown
e:	Slovenia/unknown
f:	South Africa/unknown
g:	Spain/unknown
h:	Tunisia/unknown
i:	Turkey/unknown
j:	USA/unknown
k:	Uganda/unknown
l:	Ukraine/unknown
m:	United Arab Emirates/unknown
n:	Zambia/unknown
o:	?


Substitution rate (mu): 49.483503

Equilibrium frequencies (pi_i):
  A: 0.0205
  B: 0.0229
  C: 0.0206
  D: 0.022
  E: 0.0223
  F: 0.0203
  G: 0.0202
  H: 0.0225
  I: 0.0097
  J: 0.0219
  K: 0.0218
  L: 0.0203
  M: 0.0224
  N: 0.0229
  O: 0.0219
  P: 0.0218
  Q: 0.0219
  R: 0.0233
  S: 0.0232
  T: 0.0221
  U: 0.0225
  V: 0.0216
  W: 0.0197
  X: 0.0234
  Y: 0.0217
  Z: 0.0224
  [: 0.0159
  \: 0.0225
  ]: 0.0218
  ^: 0.0221
  _: 0.0219
  `: 0.0215
  a: 0.023
  b: 0.0236
  c: 0.0226
  d: 0.0224
  e: 0.0224
  f: 0.023
  g: 0.0227
  h: 0.022
  i: 0.0223
  j: 0.026
  k: 0.0217
  l: 0.022
  m: 0.0223
  n: 0.0223

Symmetrized rates from j->i (W_ij):
	A	B	C	D	E	F	G	H	I	J	K	L	M	N	O	P	Q	R	S	T	U	V	W	X	Y	Z	[	\	]	^	_	`	a	b	c	d	e	f	g	h	i	j	k	l	m	n
  A	0	0.973	0.9754	0.969	0.9685	0.9682	0.9683	0.9684	0.9674	0.9688	0.9684	0.9682	0.9722	0.9763	0.9689	0.9687	0.9684	0.9676	0.968	0.9694	0.9747	0.9683	1.4593	0.9677	0.9689	0.9777	0.9678	0.9685	0.9697	0.9684	0.9692	0.9685	0.9809	0.9774	0.9684	0.9684	0.9685	0.9771	0.9685	0.9691	0.9685	1.4485	0.969	0.9686	0.9686	0.9686
  B	0.973	0	0.9849	0.9798	0.9732	0.9725	0.9725	0.9732	0.9695	0.9755	0.9737	0.9725	0.9806	0.9872	0.9743	0.9759	0.9737	0.9728	0.9728	0.9743	1.1144	0.9737	1.0241	0.9727	0.9749	1.0061	0.9712	0.9735	0.9761	0.9731	0.9769	0.9742	1.0857	0.9906	0.9732	0.9732	0.9732	1.0038	0.9742	0.9743	0.9734	0.9765	0.9746	0.9734	0.9733	0.9737
  C	0.9754	0.9849	0	0.977	0.9761	0.9751	0.9752	0.9763	0.9709	0.977	0.9762	0.9751	0.9817	2.8154	0.9769	0.9766	0.9763	3.8845	1.071	1.1787	0.9888	0.9763	0.9813	1.9453	0.9767	0.9946	0.9733	0.9762	0.9784	1.3287	0.9771	0.9765	1.0302	0.9894	1.3633	2.4297	1.4575	0.9984	0.9766	0.9766	0.9762	0.9784	0.9772	0.9762	0.9762	0.9765
  D	0.969	0.9798	0.977	0	0.9692	0.9689	0.9689	0.9692	0.9676	0.9726	0.9694	0.9689	0.9733	0.9781	0.9696	0.9827	0.9698	0.9683	0.9687	0.9697	0.9916	0.9691	1.1436	0.9684	0.9717	0.9803	0.9683	0.9693	0.9706	0.9691	0.9771	0.9697	1.3051	0.9842	0.9691	0.9691	0.9692	0.9796	0.9706	0.9705	0.9695	0.969	0.9698	0.9693	0.9693	0.9693
  E	0.9685	0.9732	0.9761	0.9692	0	0.9684	0.9684	0.9689	0.9674	0.969	0.9686	0.9684	0.9727	0.977	0.9691	0.9689	0.9685	0.9678	1.3525	0.9692	0.9749	0.9685	0.9724	0.9678	0.969	0.9784	0.9679	0.9687	0.97	0.9686	0.9694	0.9686	0.981	0.9781	0.969	0.9686	1.2633	0.9779	0.9686	0.9689	0.9687	0.9684	0.9692	0.9688	0.9688	0.9688
  F	0.9682	0.9725	0.9751	0.9689	0.9684	0	0.9682	0.9684	0.9674	0.9687	0.9683	0.9682	0.972	0.976	0.9688	0.9686	0.9683	0.9676	0.9679	0.9685	0.9741	0.9683	0.9718	0.9676	0.9688	0.9773	0.9694	0.9684	0.9697	0.9683	0.9691	0.9684	0.9796	0.977	0.9683	0.9683	0.9684	0.9768	0.9684	0.9686	0.9685	1.4468	0.9689	0.9685	0.9685	0.9685
  G	0.9683	0.9725	0.9752	0.9689	0.9684	0.9682	0	0.9684	0.9675	0.9687	0.9684	0.9682	0.9721	0.9761	0.9688	0.9686	0.9683	0.9676	0.968	0.9686	0.9741	0.9683	0.9718	0.9677	0.9688	0.9774	0.9678	0.9685	0.9697	0.9684	0.9691	0.9684	0.9797	0.9771	0.9683	0.9683	0.9684	0.9768	0.9684	0.9687	0.9685	1.4481	0.969	0.9686	0.9685	0.9685
  H	0.9684	0.9732	0.9763	0.9692	0.9689	0.9684	0.9684	0	0.9674	0.969	0.9686	0.9684	0.9727	0.9771	0.9691	0.9688	0.9685	0.9677	1.7723	1.0227	0.975	0.9685	0.9724	0.9678	0.969	0.9786	0.9679	0.9687	0.97	0.9686	0.9694	0.9686	0.9812	0.9782	1.3123	0.9686	0.9689	0.978	0.9686	0.9689	0.9687	0.9684	0.9692	0.9688	0.9688	0.9688
  I	0.9674	0.9695	0.9709	0.9676	0.9674	0.9674	0.9675	0.9674	0	0.9676	0.9674	0.9674	0.9692	0.9713	0.9676	0.9675	0.9674	0.967	0.9672	0.9675	0.9703	0.9674	0.9693	0.967	0.9676	0.9719	0.9673	0.9674	0.968	0.9674	0.9677	0.9674	0.9731	0.972	0.9674	0.9674	0.9674	0.9716	0.9674	0.9675	0.9674	11.4117	0.9677	0.9675	0.9675	0.9675
  J	0.9688	0.9755	0.977	0.9726	0.969	0.9687	0.9687	0.969	0.9676	0	0.97	0.9687	0.9741	0.9781	0.9696	0.9701	0.971	0.9681	0.9685	0.9705	0.9819	0.969	1.0978	0.9682	0.9757	0.981	0.9681	0.9694	0.9708	0.9689	0.977	0.9705	1.3098	0.9854	0.9689	0.9689	0.969	1.466	0.9746	0.9742	1.4371	0.9691	0.9698	0.9692	0.9691	0.9692
  K	0.9684	0.9737	0.9762	0.9694	0.9686	0.9683	0.9684	0.9686	0.9674	0.97	0	0.9683	0.9725	0.9772	0.969	0.9689	0.9687	0.9677	0.9681	0.9693	1.0053	0.9685	0.9943	0.9678	0.9695	0.9784	0.9679	0.9687	0.9699	0.9685	0.97	0.9688	1.4535	0.9785	0.9685	0.9685	0.9686	0.9777	0.969	0.9707	0.9688	0.9682	0.9692	0.9687	0.9687	0.9687
  L	0.9682	0.9725	0.9751	0.9689	0.9684	0.9682	0.9682	0.9684	0.9674	0.9687	0.9683	0	0.972	0.976	0.9688	0.9686	0.9683	0.9676	0.9679	0.9685	0.9741	0.9683	0.9718	0.9676	0.9687	0.9773	0.9677	0.9684	0.9696	0.9683	0.9691	0.9684	0.9796	0.977	0.9683	0.9683	0.9684	0.9768	0.9684	0.9686	0.9684	1.4482	0.9689	0.9685	0.9685	0.9685
  M	0.9722	0.9806	0.9817	0.9733	0.9727	0.972	0.9721	0.9727	0.9692	0.9741	0.9725	0.972	0	0.9834	0.9777	0.9728	0.9743	0.9721	0.9723	0.974	0.9832	0.9735	0.9819	0.9721	1.3963	1.0177	0.9708	0.9731	1.0085	0.9726	0.9734	0.9727	1.0006	0.9959	0.9727	0.9726	0.9727	1.3585	0.9728	0.9729	0.9727	0.9743	0.9767	0.9732	1.0687	0.9793
  N	0.9763	0.9872	2.8154	0.9781	0.977	0.976	0.9761	0.9771	0.9713	0.9781	0.9772	0.976	0.9834	0	0.978	0.9776	0.9771	1.2537	0.977	0.9781	0.9915	0.9773	0.9828	0.9777	0.9777	0.9991	0.974	0.9772	0.9796	0.9787	0.9782	0.9775	1.0392	0.9938	0.9776	0.9798	0.9807	1.002	0.9776	0.9776	0.9772	0.9807	0.9783	0.9773	0.9772	0.9775
  O	0.9689	0.9743	0.9769	0.9696	0.9691	0.9688	0.9688	0.9691	0.9676	0.9696	0.969	0.9688	0.9777	0.978	0	0.9693	0.969	0.9683	0.9686	0.9698	0.9762	0.97	0.9731	0.9683	0.9695	0.9988	0.9682	0.9691	0.9722	0.969	0.9698	0.9691	0.9826	0.9793	0.969	0.969	0.9691	1.4715	0.9691	0.9694	0.9692	0.9693	0.9775	0.9696	0.9693	0.9694
  P	0.9687	0.9759	0.9766	0.9827	0.9689	0.9686	0.9686	0.9688	0.9675	0.9701	0.9689	0.9686	0.9728	0.9776	0.9693	0	0.969	0.968	0.9683	0.9692	1.2733	0.9688	1.1041	0.968	0.9699	0.9793	0.968	0.9689	0.9702	0.9688	0.9715	0.9691	1.4036	0.9798	0.9688	0.9688	0.9689	0.9784	0.9693	0.9695	0.969	0.9687	0.9694	0.969	0.969	0.969
  Q	0.9684	0.9737	0.9763	0.9698	0.9685	0.9683	0.9683	0.9685	0.9674	0.971	0.9687	0.9683	0.9743	0.9771	0.969	0.969	0	0.9677	0.968	0.969	0.9764	0.9685	1.2966	2.4987	1.1459	0.9785	0.9678	1.876	0.9699	0.9685	0.971	0.9812	1.1616	0.9851	0.9684	0.9685	0.9685	0.9779	1.8722	0.9697	0.9688	0.9685	0.9691	0.9687	0.9705	0.9698
  R	0.9676	0.9728	3.8845	0.9683	0.9678	0.9676	0.9676	0.9677	0.967	0.9681	0.9677	0.9676	0.9721	1.2537	0.9683	0.968	0.9677	0	0.9674	0.9684	0.9747	0.9676	0.9719	1.4511	0.9682	0.9789	0.9672	0.9678	0.9693	1.1631	0.9686	0.9678	0.9842	0.9786	0.9682	0.9679	0.9679	0.9778	0.9678	0.968	0.9678	0.9679	0.9684	0.9679	0.9679	0.9679
  S	0.968	0.9728	1.071	0.9687	1.3525	0.9679	0.968	1.7723	0.9672	0.9685	0.9681	0.9679	0.9723	0.977	0.9686	0.9683	0.968	0.9674	0	1.7117	0.9746	0.968	0.9722	0.9673	0.9686	0.9783	0.9675	0.9682	0.9696	0.9681	0.9689	0.9681	0.9812	0.9779	2.1642	0.9681	1.3234	0.9778	0.9681	0.9685	0.9682	0.9678	0.9688	0.9683	0.9683	0.9683
  T	0.9694	0.9743	1.1787	0.9697	0.9692	0.9685	0.9686	1.0227	0.9675	0.9705	0.9693	0.9685	0.974	0.9781	0.9698	0.9692	0.969	0.9684	1.7117	0	0.9777	0.9688	1.4652	0.9681	0.9699	0.981	0.968	0.9689	0.9727	0.9688	0.9703	0.969	1.046	0.9798	2.1705	0.9688	0.9692	1.4633	0.9693	1.0008	0.969	0.9705	0.9765	0.9693	0.9689	0.969
  U	0.9747	1.1144	0.9888	0.9916	0.9749	0.9741	0.9741	0.975	0.9703	0.9819	1.0053	0.9741	0.9832	0.9915	0.9762	1.2733	0.9764	0.9747	0.9746	0.9777	0	0.9756	1.1409	0.9746	0.9793	1.0165	0.9724	0.9754	0.9782	0.9748	0.9828	0.9767	1.8003	0.998	0.975	0.975	0.975	1.0104	0.9785	0.9813	0.9757	0.9796	0.9765	0.9752	0.9751	0.9755
  V	0.9683	0.9737	0.9763	0.9691	0.9685	0.9683	0.9683	0.9685	0.9674	0.969	0.9685	0.9683	0.9735	0.9773	0.97	0.9688	0.9685	0.9676	0.968	0.9688	0.9756	0	0.9727	0.9684	0.969	0.9804	0.9678	0.9686	0.9704	0.9684	0.9694	1.2682	1.2958	0.9784	0.9684	0.9684	0.9685	1.4523	0.9686	0.9689	0.9686	0.9684	0.9713	0.9688	0.9686	0.9687
  W	1.4593	1.0241	0.9813	1.1436	0.9724	0.9718	0.9718	0.9724	0.9693	1.0978	0.9943	0.9718	0.9819	0.9828	0.9731	1.1041	1.2966	0.9719	0.9722	1.4652	1.1409	0.9727	0	0.9814	1.2141	0.9915	0.9707	1.0711	0.9743	0.9723	1.0776	1.0434	2.268	1.067	0.9726	0.9724	0.9724	0.9907	1.0964	1.2439	0.987	1.4598	0.9733	0.9727	0.977	0.9756
  X	0.9677	0.9727	1.9453	0.9684	0.9678	0.9676	0.9677	0.9678	0.967	0.9682	0.9678	0.9676	0.9721	0.9777	0.9683	0.968	2.4987	1.4511	0.9673	0.9681	0.9746	0.9684	0.9814	0	0.974	0.9785	0.9673	0.999	0.9693	0.9678	0.9687	1.4536	0.9897	0.9783	0.9678	0.9677	0.9678	0.9777	1.0683	0.9681	0.9679	0.9676	0.9685	0.968	0.968	0.968
  Y	0.9689	0.9749	0.9767	0.9717	0.969	0.9688	0.9688	0.969	0.9676	0.9757	0.9695	0.9687	1.3963	0.9777	0.9695	0.9699	1.1459	0.9682	0.9686	0.9699	0.9793	0.969	1.2141	0.974	0	0.9795	0.9682	1.0203	0.9706	0.969	0.9751	1.0072	1.3365	1.4632	0.969	0.969	0.9691	0.9796	0.9885	0.9716	0.9697	0.9691	0.9698	0.9693	1.3942	1.4566
  Z	0.9777	1.0061	0.9946	0.9803	0.9784	0.9773	0.9774	0.9786	0.9719	0.981	0.9784	0.9773	1.0177	0.9991	0.9988	0.9793	0.9785	0.9789	0.9783	0.981	1.0165	0.9804	0.9915	0.9785	0.9795	0	0.975	0.9787	0.9928	0.9784	0.9799	0.9786	1.0296	1.0003	0.9787	0.9788	0.9787	1.5058	0.9789	0.979	0.9786	0.9849	0.9879	0.9793	0.9787	0.9803
  [	0.9678	0.9712	0.9733	0.9683	0.9679	0.9694	0.9678	0.9679	0.9673	0.9681	0.9679	0.9677	0.9708	0.974	0.9682	0.968	0.9678	0.9672	0.9675	0.968	0.9724	0.9678	0.9707	0.9673	0.9682	0.975	0	0.9679	0.9689	0.9678	0.9684	0.9679	0.9768	0.9749	0.9678	0.9678	0.9679	0.9746	0.9679	0.9681	0.9679	3.3794	0.9683	0.968	0.968	0.968
  \	0.9685	0.9735	0.9762	0.9693	0.9687	0.9684	0.9685	0.9687	0.9674	0.9694	0.9687	0.9684	0.9731	0.9772	0.9691	0.9689	1.876	0.9678	0.9682	0.9689	0.9754	0.9686	1.0711	0.999	1.0203	0.9787	0.9679	0	0.9701	0.9686	0.9697	0.9712	1.0368	0.98	0.9686	0.9686	0.9687	0.9781	0.9889	0.9691	0.9688	0.9684	0.9693	0.9688	0.9692	0.9691
  ]	0.9697	0.9761	0.9784	0.9706	0.97	0.9697	0.9697	0.97	0.968	0.9708	0.9699	0.9696	1.0085	0.9796	0.9722	0.9702	0.9699	0.9693	0.9696	0.9727	0.9782	0.9704	0.9743	0.9693	0.9706	0.9928	0.9689	0.9701	0	0.97	0.9708	0.9699	0.9851	0.9812	0.97	0.97	0.9701	1.9701	0.97	0.9703	0.9701	0.9709	0.9744	0.9705	0.9702	0.9707
  ^	0.9684	0.9731	1.3287	0.9691	0.9686	0.9683	0.9684	0.9686	0.9674	0.9689	0.9685	0.9683	0.9726	0.9787	0.969	0.9688	0.9685	1.1631	0.9681	0.9688	0.9748	0.9684	0.9723	0.9678	0.969	0.9784	0.9678	0.9686	0.97	0	0.9693	0.9686	0.9812	0.978	0.9685	0.9686	0.9686	0.9778	0.9686	0.9688	0.9686	0.9683	0.9692	0.9687	0.9687	0.9687
  _	0.9692	0.9769	0.9771	0.9771	0.9694	0.9691	0.9691	0.9694	0.9677	0.977	0.97	0.9691	0.9734	0.9782	0.9698	0.9715	0.971	0.9686	0.9689	0.9703	0.9828	0.9694	1.0776	0.9687	0.9751	0.9799	0.9684	0.9697	0.9708	0.9693	0	0.9707	1.2521	1.3725	0.9693	0.9693	0.9694	0.9793	0.9738	0.9722	0.9701	0.9695	0.9701	0.9698	0.9696	0.9695
  `	0.9685	0.9742	0.9765	0.9697	0.9686	0.9684	0.9684	0.9686	0.9674	0.9705	0.9688	0.9684	0.9727	0.9775	0.9691	0.9691	0.9812	0.9678	0.9681	0.969	0.9767	1.2682	1.0434	1.4536	1.0072	0.9786	0.9679	0.9712	0.9699	0.9686	0.9707	0	2.0383	0.9805	0.9685	0.9685	0.9686	0.9838	0.9731	0.9696	0.9689	0.9683	0.9692	0.9688	0.969	0.9689
  a	0.9809	1.0857	1.0302	1.3051	0.981	0.9796	0.9797	0.9812	0.9731	1.3098	1.4535	0.9796	1.0006	1.0392	0.9826	1.4036	1.1616	0.9842	0.9812	1.046	1.8003	1.2958	2.268	0.9897	1.3365	1.0296	0.9768	1.0368	0.9851	0.9812	1.2521	2.0383	0	1.1931	0.9818	0.9826	0.9816	1.0267	1.3138	1.2345	1.0206	0.9897	0.9831	0.9817	0.9907	0.9879
  b	0.9774	0.9906	0.9894	0.9842	0.9781	0.977	0.9771	0.9782	0.972	0.9854	0.9785	0.977	0.9959	0.9938	0.9793	0.9798	0.9851	0.9786	0.9779	0.9798	0.998	0.9784	1.067	0.9783	1.4632	1.0003	0.9749	0.98	0.9812	0.978	1.3725	0.9805	1.1931	0	0.9783	0.9785	0.9783	1.0582	0.9833	0.9808	0.9789	0.9822	1.0752	1.5272	0.9892	0.9856
  c	0.9684	0.9732	1.3633	0.9691	0.969	0.9683	0.9683	1.3123	0.9674	0.9689	0.9685	0.9683	0.9727	0.9776	0.969	0.9688	0.9684	0.9682	2.1642	2.1705	0.975	0.9684	0.9726	0.9678	0.969	0.9787	0.9678	0.9686	0.97	0.9685	0.9693	0.9685	0.9818	0.9783	0	0.9686	0.969	0.9784	0.9685	0.969	0.9686	0.9684	0.9692	0.9687	0.9687	0.9687
  d	0.9684	0.9732	2.4297	0.9691	0.9686	0.9683	0.9683	0.9686	0.9674	0.9689	0.9685	0.9683	0.9726	0.9798	0.969	0.9688	0.9685	0.9679	0.9681	0.9688	0.975	0.9684	0.9724	0.9677	0.969	0.9788	0.9678	0.9686	0.97	0.9686	0.9693	0.9685	0.9826	0.9785	0.9686	0	0.9695	0.978	0.9686	0.9688	0.9686	0.9685	0.9692	0.9687	0.9687	0.9687
  e	0.9685	0.9732	1.4575	0.9692	1.2633	0.9684	0.9684	0.9689	0.9674	0.969	0.9686	0.9684	0.9727	0.9807	0.9691	0.9689	0.9685	0.9679	1.3234	0.9692	0.975	0.9685	0.9724	0.9678	0.9691	0.9787	0.9679	0.9687	0.9701	0.9686	0.9694	0.9686	0.9816	0.9783	0.969	0.9695	0	0.978	0.9687	0.9689	0.9687	0.9685	0.9693	0.9688	0.9688	0.9688
  f	0.9771	1.0038	0.9984	0.9796	0.9779	0.9768	0.9768	0.978	0.9716	1.466	0.9777	0.9768	1.3585	1.002	1.4715	0.9784	0.9779	0.9778	0.9778	1.4633	1.0104	1.4523	0.9907	0.9777	0.9796	1.5058	0.9746	0.9781	1.9701	0.9778	0.9793	0.9838	1.0267	1.0582	0.9784	0.978	0.978	0	0.9782	0.9783	0.9781	0.9882	2.0083	1.1021	0.9784	1.3903
  g	0.9685	0.9742	0.9766	0.9706	0.9686	0.9684	0.9684	0.9686	0.9674	0.9746	0.969	0.9684	0.9728	0.9776	0.9691	0.9693	1.8722	0.9678	0.9681	0.9693	0.9785	0.9686	1.0964	1.0683	0.9885	0.9789	0.9679	0.9889	0.97	0.9686	0.9738	0.9731	1.3138	0.9833	0.9685	0.9686	0.9687	0.9782	0	0.9708	0.9692	0.9682	0.9692	0.9688	0.9689	0.9689
  h	0.9691	0.9743	0.9766	0.9705	0.9689	0.9686	0.9687	0.9689	0.9675	0.9742	0.9707	0.9686	0.9729	0.9776	0.9694	0.9695	0.9697	0.968	0.9685	1.0008	0.9813	0.9689	1.2439	0.9681	0.9716	0.979	0.9681	0.9691	0.9703	0.9688	0.9722	0.9696	1.2345	0.9808	0.969	0.9688	0.9689	0.9783	0.9708	0	0.9695	0.9693	0.9695	0.9691	0.9691	0.969
  i	0.9685	0.9734	0.9762	0.9695	0.9687	0.9685	0.9685	0.9687	0.9674	1.4371	0.9688	0.9684	0.9727	0.9772	0.9692	0.969	0.9688	0.9678	0.9682	0.969	0.9757	0.9686	0.987	0.9679	0.9697	0.9786	0.9679	0.9688	0.9701	0.9686	0.9701	0.9689	1.0206	0.9789	0.9686	0.9686	0.9687	0.9781	0.9692	0.9695	0	0.9685	0.9693	0.9689	0.9688	0.9688
  j	1.4485	0.9765	0.9784	0.969	0.9684	1.4468	1.4481	0.9684	11.4117	0.9691	0.9682	1.4482	0.9743	0.9807	0.9693	0.9687	0.9685	0.9679	0.9678	0.9705	0.9796	0.9684	1.4598	0.9676	0.9691	0.9849	3.3794	0.9684	0.9709	0.9683	0.9695	0.9683	0.9897	0.9822	0.9684	0.9685	0.9685	0.9882	0.9682	0.9693	0.9685	0	0.9697	0.9688	0.9685	0.9688
  k	0.969	0.9746	0.9772	0.9698	0.9692	0.9689	0.969	0.9692	0.9677	0.9698	0.9692	0.9689	0.9767	0.9783	0.9775	0.9694	0.9691	0.9684	0.9688	0.9765	0.9765	0.9713	0.9733	0.9685	0.9698	0.9879	0.9683	0.9693	0.9744	0.9692	0.9701	0.9692	0.9831	1.0752	0.9692	0.9692	0.9693	2.0083	0.9692	0.9695	0.9693	0.9697	0	1.2169	0.9694	1.0893
  l	0.9686	0.9734	0.9762	0.9693	0.9688	0.9685	0.9686	0.9688	0.9675	0.9692	0.9687	0.9685	0.9732	0.9773	0.9696	0.969	0.9687	0.9679	0.9683	0.9693	0.9752	0.9688	0.9727	0.968	0.9693	0.9793	0.968	0.9688	0.9705	0.9687	0.9698	0.9688	0.9817	1.5272	0.9687	0.9687	0.9688	1.1021	0.9688	0.9691	0.9689	0.9688	1.2169	0	0.9689	0.9691
  m	0.9686	0.9733	0.9762	0.9693	0.9688	0.9685	0.9685	0.9688	0.9675	0.9691	0.9687	0.9685	1.0687	0.9772	0.9693	0.969	0.9705	0.9679	0.9683	0.9689	0.9751	0.9686	0.977	0.968	1.3942	0.9787	0.968	0.9692	0.9702	0.9687	0.9696	0.969	0.9907	0.9892	0.9687	0.9687	0.9688	0.9784	0.9689	0.9691	0.9688	0.9685	0.9694	0.9689	0	0.9745
  n	0.9686	0.9737	0.9765	0.9693	0.9688	0.9685	0.9685	0.9688	0.9675	0.9692	0.9687	0.9685	0.9793	0.9775	0.9694	0.969	0.9698	0.9679	0.9683	0.969	0.9755	0.9687	0.9756	0.968	1.4566	0.9803	0.968	0.9691	0.9707	0.9687	0.9695	0.9689	0.9879	0.9856	0.9687	0.9687	0.9688	1.3903	0.9689	0.969	0.9688	0.9688	1.0893	0.9691	0.9745	0

Actual rates from j->i (Q_ij):
	A	B	C	D	E	F	G	H	I	J	K	L	M	N	O	P	Q	R	S	T	U	V	W	X	Y	Z	[	\	]	^	_	`	a	b	c	d	e	f	g	h	i	j	k	l	m	n
  A	0	0.02	0.02	0.0199	0.0199	0.0199	0.0199	0.0199	0.0199	0.0199	0.0199	0.0199	0.02	0.0201	0.0199	0.0199	0.0199	0.0199	0.0199	0.0199	0.02	0.0199	0.03	0.0199	0.0199	0.0201	0.0199	0.0199	0.0199	0.0199	0.0199	0.0199	0.0202	0.0201	0.0199	0.0199	0.0199	0.0201	0.0199	0.0199	0.0199	0.0298	0.0199	0.0199	0.0199	0.0199
  B	0.0223	0	0.0225	0.0224	0.0223	0.0223	0.0223	0.0223	0.0222	0.0223	0.0223	0.0223	0.0224	0.0226	0.0223	0.0223	0.0223	0.0223	0.0223	0.0223	0.0255	0.0223	0.0234	0.0223	0.0223	0.023	0.0222	0.0223	0.0223	0.0223	0.0224	0.0223	0.0248	0.0227	0.0223	0.0223	0.0223	0.023	0.0223	0.0223	0.0223	0.0223	0.0223	0.0223	0.0223	0.0223
  C	0.0201	0.0203	0	0.0202	0.0201	0.0201	0.0201	0.0202	0.02	0.0202	0.0201	0.0201	0.0203	0.0581	0.0202	0.0202	0.0202	0.0802	0.0221	0.0243	0.0204	0.0202	0.0203	0.0402	0.0202	0.0205	0.0201	0.0201	0.0202	0.0274	0.0202	0.0202	0.0213	0.0204	0.0281	0.0501	0.0301	0.0206	0.0202	0.0202	0.0201	0.0202	0.0202	0.0201	0.0201	0.0202
  D	0.0213	0.0216	0.0215	0	0.0213	0.0213	0.0213	0.0213	0.0213	0.0214	0.0213	0.0213	0.0214	0.0215	0.0213	0.0216	0.0213	0.0213	0.0213	0.0213	0.0218	0.0213	0.0252	0.0213	0.0214	0.0216	0.0213	0.0213	0.0214	0.0213	0.0215	0.0213	0.0287	0.0217	0.0213	0.0213	0.0213	0.0216	0.0214	0.0214	0.0213	0.0213	0.0213	0.0213	0.0213	0.0213
  E	0.0216	0.0217	0.0217	0.0216	0	0.0216	0.0216	0.0216	0.0215	0.0216	0.0216	0.0216	0.0217	0.0217	0.0216	0.0216	0.0216	0.0215	0.0301	0.0216	0.0217	0.0216	0.0216	0.0215	0.0216	0.0218	0.0215	0.0216	0.0216	0.0216	0.0216	0.0216	0.0218	0.0218	0.0216	0.0216	0.0281	0.0218	0.0216	0.0216	0.0216	0.0216	0.0216	0.0216	0.0216	0.0216
  F	0.0196	0.0197	0.0198	0.0196	0.0196	0	0.0196	0.0196	0.0196	0.0196	0.0196	0.0196	0.0197	0.0198	0.0196	0.0196	0.0196	0.0196	0.0196	0.0196	0.0197	0.0196	0.0197	0.0196	0.0196	0.0198	0.0196	0.0196	0.0196	0.0196	0.0196	0.0196	0.0198	0.0198	0.0196	0.0196	0.0196	0.0198	0.0196	0.0196	0.0196	0.0293	0.0196	0.0196	0.0196	0.0196
  G	0.0196	0.0197	0.0197	0.0196	0.0196	0.0196	0	0.0196	0.0196	0.0196	0.0196	0.0196	0.0197	0.0198	0.0196	0.0196	0.0196	0.0196	0.0196	0.0196	0.0197	0.0196	0.0197	0.0196	0.0196	0.0198	0.0196	0.0196	0.0196	0.0196	0.0196	0.0196	0.0198	0.0198	0.0196	0.0196	0.0196	0.0198	0.0196	0.0196	0.0196	0.0293	0.0196	0.0196	0.0196	0.0196
  H	0.0218	0.0219	0.022	0.0218	0.0218	0.0218	0.0218	0	0.0218	0.0218	0.0218	0.0218	0.0219	0.022	0.0218	0.0218	0.0218	0.0218	0.0399	0.0231	0.022	0.0218	0.0219	0.0218	0.0218	0.0221	0.0218	0.0218	0.0219	0.0218	0.0218	0.0218	0.0221	0.022	0.0296	0.0218	0.0218	0.022	0.0218	0.0218	0.0218	0.0218	0.0218	0.0218	0.0218	0.0218
  I	0.0093	0.0094	0.0094	0.0093	0.0093	0.0093	0.0093	0.0093	0	0.0093	0.0093	0.0093	0.0094	0.0094	0.0093	0.0093	0.0093	0.0093	0.0093	0.0093	0.0094	0.0093	0.0094	0.0093	0.0093	0.0094	0.0093	0.0093	0.0093	0.0093	0.0093	0.0093	0.0094	0.0094	0.0093	0.0093	0.0093	0.0094	0.0093	0.0093	0.0093	0.1102	0.0093	0.0093	0.0093	0.0093
  J	0.0212	0.0214	0.0214	0.0213	0.0213	0.0212	0.0212	0.0213	0.0212	0	0.0213	0.0212	0.0214	0.0215	0.0213	0.0213	0.0213	0.0212	0.0212	0.0213	0.0215	0.0213	0.0241	0.0212	0.0214	0.0215	0.0212	0.0213	0.0213	0.0213	0.0214	0.0213	0.0287	0.0216	0.0213	0.0213	0.0213	0.0322	0.0214	0.0214	0.0315	0.0213	0.0213	0.0213	0.0213	0.0213
  K	0.0212	0.0213	0.0213	0.0212	0.0212	0.0212	0.0212	0.0212	0.0211	0.0212	0	0.0212	0.0212	0.0213	0.0212	0.0212	0.0212	0.0211	0.0211	0.0212	0.022	0.0212	0.0217	0.0211	0.0212	0.0214	0.0211	0.0212	0.0212	0.0212	0.0212	0.0212	0.0317	0.0214	0.0212	0.0212	0.0212	0.0214	0.0212	0.0212	0.0212	0.0211	0.0212	0.0212	0.0212	0.0212
  L	0.0196	0.0197	0.0198	0.0196	0.0196	0.0196	0.0196	0.0196	0.0196	0.0196	0.0196	0	0.0197	0.0198	0.0196	0.0196	0.0196	0.0196	0.0196	0.0196	0.0197	0.0196	0.0197	0.0196	0.0196	0.0198	0.0196	0.0196	0.0196	0.0196	0.0196	0.0196	0.0198	0.0198	0.0196	0.0196	0.0196	0.0198	0.0196	0.0196	0.0196	0.0293	0.0196	0.0196	0.0196	0.0196
  M	0.0218	0.022	0.022	0.0218	0.0218	0.0218	0.0218	0.0218	0.0217	0.0218	0.0218	0.0218	0	0.022	0.0219	0.0218	0.0218	0.0218	0.0218	0.0218	0.022	0.0218	0.022	0.0218	0.0313	0.0228	0.0217	0.0218	0.0226	0.0218	0.0218	0.0218	0.0224	0.0223	0.0218	0.0218	0.0218	0.0304	0.0218	0.0218	0.0218	0.0218	0.0219	0.0218	0.0239	0.0219
  N	0.0224	0.0226	0.0645	0.0224	0.0224	0.0224	0.0224	0.0224	0.0222	0.0224	0.0224	0.0224	0.0225	0	0.0224	0.0224	0.0224	0.0287	0.0224	0.0224	0.0227	0.0224	0.0225	0.0224	0.0224	0.0229	0.0223	0.0224	0.0224	0.0224	0.0224	0.0224	0.0238	0.0228	0.0224	0.0224	0.0225	0.023	0.0224	0.0224	0.0224	0.0225	0.0224	0.0224	0.0224	0.0224
  O	0.0212	0.0213	0.0213	0.0212	0.0212	0.0212	0.0212	0.0212	0.0211	0.0212	0.0212	0.0212	0.0214	0.0214	0	0.0212	0.0212	0.0212	0.0212	0.0212	0.0213	0.0212	0.0213	0.0212	0.0212	0.0218	0.0212	0.0212	0.0212	0.0212	0.0212	0.0212	0.0215	0.0214	0.0212	0.0212	0.0212	0.0322	0.0212	0.0212	0.0212	0.0212	0.0214	0.0212	0.0212	0.0212
  P	0.0211	0.0213	0.0213	0.0214	0.0211	0.0211	0.0211	0.0211	0.0211	0.0211	0.0211	0.0211	0.0212	0.0213	0.0211	0	0.0211	0.0211	0.0211	0.0211	0.0277	0.0211	0.0241	0.0211	0.0211	0.0213	0.0211	0.0211	0.0211	0.0211	0.0212	0.0211	0.0306	0.0213	0.0211	0.0211	0.0211	0.0213	0.0211	0.0211	0.0211	0.0211	0.0211	0.0211	0.0211	0.0211
  Q	0.0212	0.0213	0.0214	0.0212	0.0212	0.0212	0.0212	0.0212	0.0212	0.0212	0.0212	0.0212	0.0213	0.0214	0.0212	0.0212	0	0.0212	0.0212	0.0212	0.0214	0.0212	0.0284	0.0547	0.0251	0.0214	0.0212	0.041	0.0212	0.0212	0.0212	0.0215	0.0254	0.0216	0.0212	0.0212	0.0212	0.0214	0.041	0.0212	0.0212	0.0212	0.0212	0.0212	0.0212	0.0212
  R	0.0226	0.0227	0.0906	0.0226	0.0226	0.0226	0.0226	0.0226	0.0226	0.0226	0.0226	0.0226	0.0227	0.0292	0.0226	0.0226	0.0226	0	0.0226	0.0226	0.0227	0.0226	0.0227	0.0339	0.0226	0.0228	0.0226	0.0226	0.0226	0.0271	0.0226	0.0226	0.023	0.0228	0.0226	0.0226	0.0226	0.0228	0.0226	0.0226	0.0226	0.0226	0.0226	0.0226	0.0226	0.0226
  S	0.0224	0.0225	0.0248	0.0224	0.0313	0.0224	0.0224	0.0411	0.0224	0.0224	0.0224	0.0224	0.0225	0.0226	0.0224	0.0224	0.0224	0.0224	0	0.0396	0.0226	0.0224	0.0225	0.0224	0.0224	0.0227	0.0224	0.0224	0.0225	0.0224	0.0224	0.0224	0.0227	0.0227	0.0501	0.0224	0.0307	0.0226	0.0224	0.0224	0.0224	0.0224	0.0224	0.0224	0.0224	0.0224
  T	0.0214	0.0215	0.026	0.0214	0.0214	0.0214	0.0214	0.0226	0.0214	0.0214	0.0214	0.0214	0.0215	0.0216	0.0214	0.0214	0.0214	0.0214	0.0378	0	0.0216	0.0214	0.0324	0.0214	0.0214	0.0217	0.0214	0.0214	0.0215	0.0214	0.0214	0.0214	0.0231	0.0217	0.048	0.0214	0.0214	0.0323	0.0214	0.0221	0.0214	0.0214	0.0216	0.0214	0.0214	0.0214
  U	0.022	0.0251	0.0223	0.0223	0.022	0.0219	0.0219	0.022	0.0219	0.0221	0.0226	0.0219	0.0222	0.0223	0.022	0.0287	0.022	0.022	0.022	0.022	0	0.022	0.0257	0.022	0.0221	0.0229	0.0219	0.022	0.022	0.022	0.0221	0.022	0.0406	0.0225	0.022	0.022	0.022	0.0228	0.022	0.0221	0.022	0.0221	0.022	0.022	0.022	0.022
  V	0.0209	0.021	0.0211	0.0209	0.0209	0.0209	0.0209	0.0209	0.0209	0.0209	0.0209	0.0209	0.021	0.0211	0.0209	0.0209	0.0209	0.0209	0.0209	0.0209	0.021	0	0.021	0.0209	0.0209	0.0212	0.0209	0.0209	0.0209	0.0209	0.0209	0.0274	0.028	0.0211	0.0209	0.0209	0.0209	0.0313	0.0209	0.0209	0.0209	0.0209	0.021	0.0209	0.0209	0.0209
  W	0.0288	0.0202	0.0194	0.0226	0.0192	0.0192	0.0192	0.0192	0.0191	0.0217	0.0196	0.0192	0.0194	0.0194	0.0192	0.0218	0.0256	0.0192	0.0192	0.0289	0.0225	0.0192	0	0.0194	0.024	0.0196	0.0191	0.0211	0.0192	0.0192	0.0213	0.0206	0.0447	0.0211	0.0192	0.0192	0.0192	0.0195	0.0216	0.0245	0.0195	0.0288	0.0192	0.0192	0.0193	0.0192
  X	0.0227	0.0228	0.0455	0.0227	0.0227	0.0227	0.0227	0.0227	0.0226	0.0227	0.0227	0.0227	0.0228	0.0229	0.0227	0.0227	0.0585	0.034	0.0226	0.0227	0.0228	0.0227	0.023	0	0.0228	0.0229	0.0226	0.0234	0.0227	0.0227	0.0227	0.034	0.0232	0.0229	0.0227	0.0227	0.0227	0.0229	0.025	0.0227	0.0227	0.0227	0.0227	0.0227	0.0227	0.0227
  Y	0.021	0.0212	0.0212	0.0211	0.021	0.021	0.021	0.021	0.021	0.0212	0.0211	0.021	0.0303	0.0212	0.0211	0.0211	0.0249	0.021	0.021	0.0211	0.0213	0.021	0.0264	0.0212	0	0.0213	0.021	0.0222	0.0211	0.021	0.0212	0.0219	0.029	0.0318	0.021	0.021	0.021	0.0213	0.0215	0.0211	0.0211	0.021	0.0211	0.0211	0.0303	0.0316
  Z	0.0219	0.0225	0.0223	0.0219	0.0219	0.0219	0.0219	0.0219	0.0218	0.022	0.0219	0.0219	0.0228	0.0224	0.0224	0.0219	0.0219	0.0219	0.0219	0.022	0.0228	0.0219	0.0222	0.0219	0.0219	0	0.0218	0.0219	0.0222	0.0219	0.0219	0.0219	0.023	0.0224	0.0219	0.0219	0.0219	0.0337	0.0219	0.0219	0.0219	0.022	0.0221	0.0219	0.0219	0.0219
  [	0.0154	0.0155	0.0155	0.0154	0.0154	0.0154	0.0154	0.0154	0.0154	0.0154	0.0154	0.0154	0.0154	0.0155	0.0154	0.0154	0.0154	0.0154	0.0154	0.0154	0.0155	0.0154	0.0154	0.0154	0.0154	0.0155	0	0.0154	0.0154	0.0154	0.0154	0.0154	0.0155	0.0155	0.0154	0.0154	0.0154	0.0155	0.0154	0.0154	0.0154	0.0538	0.0154	0.0154	0.0154	0.0154
  \	0.0218	0.0219	0.022	0.0218	0.0218	0.0218	0.0218	0.0218	0.0218	0.0218	0.0218	0.0218	0.0219	0.022	0.0218	0.0218	0.0423	0.0218	0.0218	0.0218	0.022	0.0218	0.0241	0.0225	0.023	0.0221	0.0218	0	0.0219	0.0218	0.0218	0.0219	0.0234	0.0221	0.0218	0.0218	0.0218	0.022	0.0223	0.0218	0.0218	0.0218	0.0218	0.0218	0.0218	0.0218
  ]	0.0212	0.0213	0.0214	0.0212	0.0212	0.0212	0.0212	0.0212	0.0211	0.0212	0.0212	0.0212	0.022	0.0214	0.0212	0.0212	0.0212	0.0212	0.0212	0.0212	0.0214	0.0212	0.0213	0.0212	0.0212	0.0217	0.0212	0.0212	0	0.0212	0.0212	0.0212	0.0215	0.0214	0.0212	0.0212	0.0212	0.043	0.0212	0.0212	0.0212	0.0212	0.0213	0.0212	0.0212	0.0212
  ^	0.0214	0.0215	0.0293	0.0214	0.0214	0.0214	0.0214	0.0214	0.0213	0.0214	0.0214	0.0214	0.0215	0.0216	0.0214	0.0214	0.0214	0.0257	0.0214	0.0214	0.0215	0.0214	0.0215	0.0214	0.0214	0.0216	0.0214	0.0214	0.0214	0	0.0214	0.0214	0.0217	0.0216	0.0214	0.0214	0.0214	0.0216	0.0214	0.0214	0.0214	0.0214	0.0214	0.0214	0.0214	0.0214
  _	0.0213	0.0214	0.0214	0.0214	0.0213	0.0213	0.0213	0.0213	0.0212	0.0214	0.0213	0.0213	0.0214	0.0215	0.0213	0.0213	0.0213	0.0213	0.0213	0.0213	0.0216	0.0213	0.0237	0.0213	0.0214	0.0215	0.0213	0.0213	0.0213	0.0213	0	0.0213	0.0275	0.0301	0.0213	0.0213	0.0213	0.0215	0.0214	0.0213	0.0213	0.0213	0.0213	0.0213	0.0213	0.0213
  `	0.0208	0.0209	0.021	0.0208	0.0208	0.0208	0.0208	0.0208	0.0208	0.0209	0.0208	0.0208	0.0209	0.021	0.0208	0.0208	0.0211	0.0208	0.0208	0.0208	0.021	0.0273	0.0224	0.0312	0.0217	0.021	0.0208	0.0209	0.0209	0.0208	0.0209	0	0.0438	0.0211	0.0208	0.0208	0.0208	0.0211	0.0209	0.0208	0.0208	0.0208	0.0208	0.0208	0.0208	0.0208
  a	0.0226	0.025	0.0237	0.03	0.0226	0.0225	0.0225	0.0226	0.0224	0.0301	0.0334	0.0225	0.023	0.0239	0.0226	0.0323	0.0267	0.0226	0.0226	0.0241	0.0414	0.0298	0.0522	0.0228	0.0307	0.0237	0.0225	0.0238	0.0227	0.0226	0.0288	0.0469	0	0.0274	0.0226	0.0226	0.0226	0.0236	0.0302	0.0284	0.0235	0.0228	0.0226	0.0226	0.0228	0.0227
  b	0.023	0.0233	0.0233	0.0232	0.023	0.023	0.023	0.023	0.0229	0.0232	0.0231	0.023	0.0235	0.0234	0.0231	0.0231	0.0232	0.0231	0.023	0.0231	0.0235	0.0231	0.0251	0.023	0.0345	0.0236	0.023	0.0231	0.0231	0.023	0.0323	0.0231	0.0281	0	0.023	0.0231	0.0231	0.0249	0.0232	0.0231	0.0231	0.0231	0.0253	0.036	0.0233	0.0232
  c	0.0219	0.022	0.0308	0.0219	0.0219	0.0219	0.0219	0.0296	0.0218	0.0219	0.0219	0.0219	0.022	0.0221	0.0219	0.0219	0.0219	0.0219	0.0489	0.049	0.022	0.0219	0.022	0.0219	0.0219	0.0221	0.0219	0.0219	0.0219	0.0219	0.0219	0.0219	0.0222	0.0221	0	0.0219	0.0219	0.0221	0.0219	0.0219	0.0219	0.0219	0.0219	0.0219	0.0219	0.0219
  d	0.0217	0.0218	0.0543	0.0217	0.0217	0.0217	0.0217	0.0217	0.0216	0.0217	0.0217	0.0217	0.0217	0.0219	0.0217	0.0217	0.0217	0.0216	0.0216	0.0217	0.0218	0.0217	0.0217	0.0216	0.0217	0.0219	0.0216	0.0217	0.0217	0.0217	0.0217	0.0217	0.022	0.0219	0.0217	0	0.0217	0.0219	0.0217	0.0217	0.0217	0.0217	0.0217	0.0217	0.0217	0.0217
  e	0.0217	0.0218	0.0327	0.0217	0.0283	0.0217	0.0217	0.0217	0.0217	0.0217	0.0217	0.0217	0.0218	0.022	0.0217	0.0217	0.0217	0.0217	0.0297	0.0217	0.0219	0.0217	0.0218	0.0217	0.0217	0.0219	0.0217	0.0217	0.0217	0.0217	0.0217	0.0217	0.022	0.0219	0.0217	0.0217	0	0.0219	0.0217	0.0217	0.0217	0.0217	0.0217	0.0217	0.0217	0.0217
  f	0.0225	0.0231	0.0229	0.0225	0.0225	0.0224	0.0224	0.0225	0.0223	0.0337	0.0225	0.0224	0.0312	0.023	0.0338	0.0225	0.0225	0.0225	0.0225	0.0336	0.0232	0.0334	0.0228	0.0225	0.0225	0.0346	0.0224	0.0225	0.0453	0.0225	0.0225	0.0226	0.0236	0.0243	0.0225	0.0225	0.0225	0	0.0225	0.0225	0.0225	0.0227	0.0461	0.0253	0.0225	0.0319
  g	0.022	0.0221	0.0222	0.022	0.022	0.022	0.022	0.022	0.022	0.0221	0.022	0.022	0.0221	0.0222	0.022	0.022	0.0425	0.022	0.022	0.022	0.0222	0.022	0.0249	0.0243	0.0225	0.0222	0.022	0.0225	0.022	0.022	0.0221	0.0221	0.0298	0.0223	0.022	0.022	0.022	0.0222	0	0.0221	0.022	0.022	0.022	0.022	0.022	0.022
  h	0.0213	0.0215	0.0215	0.0214	0.0213	0.0213	0.0213	0.0213	0.0213	0.0215	0.0214	0.0213	0.0214	0.0215	0.0214	0.0214	0.0214	0.0213	0.0213	0.022	0.0216	0.0213	0.0274	0.0213	0.0214	0.0216	0.0213	0.0213	0.0214	0.0213	0.0214	0.0214	0.0272	0.0216	0.0213	0.0213	0.0213	0.0216	0.0214	0	0.0214	0.0214	0.0214	0.0213	0.0213	0.0213
  i	0.0216	0.0217	0.0218	0.0216	0.0216	0.0216	0.0216	0.0216	0.0216	0.0321	0.0216	0.0216	0.0217	0.0218	0.0216	0.0216	0.0216	0.0216	0.0216	0.0216	0.0218	0.0216	0.022	0.0216	0.0216	0.0218	0.0216	0.0216	0.0216	0.0216	0.0216	0.0216	0.0228	0.0218	0.0216	0.0216	0.0216	0.0218	0.0216	0.0216	0	0.0216	0.0216	0.0216	0.0216	0.0216
  j	0.0377	0.0254	0.0255	0.0252	0.0252	0.0377	0.0377	0.0252	0.297	0.0252	0.0252	0.0377	0.0254	0.0255	0.0252	0.0252	0.0252	0.0252	0.0252	0.0253	0.0255	0.0252	0.038	0.0252	0.0252	0.0256	0.088	0.0252	0.0253	0.0252	0.0252	0.0252	0.0258	0.0256	0.0252	0.0252	0.0252	0.0257	0.0252	0.0252	0.0252	0	0.0252	0.0252	0.0252	0.0252
  k	0.0211	0.0212	0.0213	0.0211	0.0211	0.0211	0.0211	0.0211	0.021	0.0211	0.0211	0.0211	0.0212	0.0213	0.0213	0.0211	0.0211	0.0211	0.0211	0.0212	0.0212	0.0211	0.0212	0.0211	0.0211	0.0215	0.0211	0.0211	0.0212	0.0211	0.0211	0.0211	0.0214	0.0234	0.0211	0.0211	0.0211	0.0437	0.0211	0.0211	0.0211	0.0211	0	0.0265	0.0211	0.0237
  l	0.0213	0.0215	0.0215	0.0214	0.0214	0.0213	0.0213	0.0214	0.0213	0.0214	0.0214	0.0213	0.0215	0.0215	0.0214	0.0214	0.0214	0.0213	0.0213	0.0214	0.0215	0.0214	0.0214	0.0213	0.0214	0.0216	0.0213	0.0214	0.0214	0.0214	0.0214	0.0214	0.0216	0.0337	0.0214	0.0214	0.0214	0.0243	0.0214	0.0214	0.0214	0.0214	0.0268	0	0.0214	0.0214
  m	0.0216	0.0217	0.0218	0.0216	0.0216	0.0216	0.0216	0.0216	0.0216	0.0216	0.0216	0.0216	0.0238	0.0218	0.0216	0.0216	0.0216	0.0216	0.0216	0.0216	0.0217	0.0216	0.0218	0.0216	0.0311	0.0218	0.0216	0.0216	0.0216	0.0216	0.0216	0.0216	0.0221	0.0221	0.0216	0.0216	0.0216	0.0218	0.0216	0.0216	0.0216	0.0216	0.0216	0.0216	0	0.0217
  n	0.0216	0.0217	0.0218	0.0216	0.0216	0.0216	0.0216	0.0216	0.0216	0.0216	0.0216	0.0216	0.0218	0.0218	0.0216	0.0216	0.0216	0.0216	0.0216	0.0216	0.0218	0.0216	0.0218	0.0216	0.0325	0.0219	0.0216	0.0216	0.0217	0.0216	0.0216	0.0216	0.022	0.022	0.0216	0.0216	0.0216	0.031	0.0216	0.0216	0.0216	0.0216	0.0243	0.0216	0.0217	0
