Map from character to field name
A:	AL
B:	AR
C:	ARG/B
D:	AZ
E:	BRA/ES
F:	CA
G:	CAN/QC
H:	CO
I:	COL/ANT
J:	CT
K:	DC
L:	FL
M:	GA
N:	IA
O:	ID
P:	IL
Q:	IN
R:	ISR/D
S:	KS
T:	KY
U:	LA
V:	MA
W:	MD
X:	MEX/BCN
Y:	MEX/CHH
Z:	MEX/SON
[:	MEX/TAM
\:	MI
]:	MN
^:	MO
_:	MS
`:	MT
a:	NC
b:	ND
c:	NE
d:	NH
e:	NJ
f:	NM
g:	NV
h:	NY
i:	OH
j:	OK
k:	OR
l:	PA
m:	SD
n:	TN
o:	TX
p:	US-VI
q:	UT
r:	VA
s:	WA
t:	WI
u:	WY
v:	?


Substitution rate (mu): 83.590028

Equilibrium frequencies (pi_i):
  A: 0.0243
  B: 0.0255
  C: 0.0257
  D: 0.0137
  E: 0.026
  F: 0.0034
  G: 0.0174
  H: 0.0036
  I: 0.0238
  J: 0.0072
  K: 0.0186
  L: 0.0168
  M: 0.0159
  N: 0.0268
  O: 0.0193
  P: 0.009
  Q: 0.025
  R: 0.0255
  S: 0.022
  T: 0.027
  U: 0.0099
  V: 0.0272
  W: 0.0189
  X: 0.0188
  Y: 0.0244
  Z: 0.0264
  [: 0.0258
  \: 0.0221
  ]: 0.0065
  ^: 0.0169
  _: 0.0182
  `: 0.0236
  a: 0.0167
  b: 0.0258
  c: 0.0208
  d: 0.0108
  e: 0.0221
  f: 0.0233
  g: 0.0197
  h: 0.0035
  i: 0.0099
  j: 0.0228
  k: 0.0154
  l: 0.0199
  m: 0.0197
  n: 0.0265
  o: 0.0078
  p: 0.0238
  q: 0.0263
  r: 0.0149
  s: 0.0128
  t: 0.0187
  u: 0.0235

Symmetrized rates from j->i (W_ij):
	A	B	C	D	E	F	G	H	I	J	K	L	M	N	O	P	Q	R	S	T	U	V	W	X	Y	Z	[	\	]	^	_	`	a	b	c	d	e	f	g	h	i	j	k	l	m	n	o	p	q	r	s	t	u
  A	0	0.9481	0.9475	0.9472	0.9475	1.3205	0.9474	0.9301	0.9474	0.946	0.9544	0.9472	0.9472	0.9471	0.947	0.9474	0.9472	0.9477	0.9473	0.9471	0.9469	0.9479	0.9482	0.9475	0.9472	0.9473	0.9472	1.133	0.9712	0.9525	0.9476	1.1269	1.2083	0.9518	0.9487	0.9464	0.9486	1.267	0.9475	1.3443	1.3008	1.2073	0.9472	0.9483	0.9494	0.9527	1.8987	0.9471	0.9475	0.9474	0.9475	2.0206	0.9471
  B	0.9481	0	0.9473	0.9478	0.9472	1.0145	0.9473	1.2156	0.9474	0.9444	1.0768	1.4194	2.3737	0.947	0.9471	0.948	0.9471	0.9475	0.947	0.947	0.9473	0.947	0.9507	0.9474	0.947	0.9472	0.9471	0.9475	0.9636	1.8654	0.9474	0.949	0.9563	1.2678	0.9476	0.9465	0.9485	0.9482	0.9474	0.9347	0.9494	1.14	0.9468	0.9478	0.9657	1.2364	1.4294	0.947	0.9473	0.9484	0.9473	0.9503	0.947
  C	0.9475	0.9473	0	0.9468	1.258	0.9286	0.9471	0.9282	0.947	1.0331	0.9473	0.9469	0.9468	0.9468	0.9467	0.9939	0.9468	0.9473	0.9468	0.9468	0.9464	0.9468	0.9475	0.9472	0.9469	0.947	0.9469	0.9475	0.9467	0.947	0.9472	0.9476	0.9473	0.9476	0.9475	0.9461	0.9475	0.9474	0.9472	1.1474	0.9476	0.9476	0.9469	0.9472	0.9478	0.947	0.9458	0.9468	0.947	0.9465	0.9471	0.9471	0.9468
  D	0.9472	0.9478	0.9468	0	0.9468	4.4562	1.1492	1.28	0.9473	2.2206	0.9479	1.0375	0.9475	0.9463	0.9466	0.9671	0.9469	0.9471	0.9468	0.9464	0.9475	0.9464	0.9501	0.9476	0.9464	0.9466	0.9467	0.9474	1.5092	1.0248	1.2146	0.9486	0.976	0.9477	0.9481	0.9468	1.0025	0.9481	0.9473	2.662	0.9492	0.9484	0.9468	0.9478	1.8432	0.947	6.8205	0.9464	0.947	2.5377	1.1057	1.0199	0.9464
  E	0.9475	0.9472	1.258	0.9468	0	0.9276	0.947	0.9279	0.947	1.0105	0.9473	0.9468	0.9468	0.9468	0.9467	0.9818	0.9468	0.9473	0.9468	0.9468	0.9464	0.9468	0.9475	0.9472	0.9469	0.947	0.9468	0.9475	0.9465	0.947	0.9471	0.9476	0.9473	0.9476	0.9474	0.9461	0.9475	0.9473	0.9472	1.0936	0.9475	0.9477	0.9469	0.9472	0.9478	0.947	0.9456	0.9468	0.947	0.9465	0.9471	0.9471	0.9468
  F	1.3205	1.0145	0.9286	4.4562	0.9276	0	2.2832	65.9154	1.094	14.3397	3.1626	3.1248	2.4008	0.9238	1.6486	8.6584	1.1187	1.1169	1.8819	0.9257	7.0356	0.9235	2.9029	2.189	1.0019	0.9406	0.9657	1.5213	25.3117	2.0943	2.3555	1.394	3.5967	1.2759	1.8474	8.1215	2.0307	1.0563	2.4829	42.7035	9.2748	1.6758	3.1429	2.5158	2.6493	0.9627	18.6963	1.1456	0.9281	3.4222	4.9415	3.1601	1.3857
  G	0.9474	0.9473	0.9471	1.1492	0.947	2.2832	0	0.9387	1.2114	2.0319	0.9475	0.9996	0.947	0.9465	0.9466	0.9725	0.9467	0.9471	0.9467	0.9465	0.947	0.9465	0.9476	0.9477	0.9466	0.9469	0.9842	0.9473	1.4275	0.9472	0.9473	0.9477	0.9476	0.9475	0.9476	0.9466	0.9475	0.9476	0.9472	2.6979	1.0968	0.9478	0.9469	0.9474	1.421	0.9469	1.9473	0.9466	0.9469	0.9474	0.9473	0.9474	0.9466
  H	0.9301	1.2156	0.9282	1.28	0.9279	65.9154	0.9387	0	0.9301	0.9714	0.937	1.0212	3.1555	0.9271	1.8635	8.1063	0.9291	0.9306	0.9317	0.927	6.4014	0.9268	0.9385	0.9351	0.9289	0.9276	0.928	0.9316	1.4445	2.3463	1.401	1.3985	0.948	1.2177	1.1267	2.0118	0.933	0.9742	0.9351	4.1418	1.2936	0.9332	0.9363	0.9863	0.9514	0.9277	2.3514	1.1769	0.9288	1.9664	0.9382	0.9367	0.9297
  I	0.9474	0.9474	0.947	0.9473	0.947	1.094	1.2114	0.9301	0	0.9485	0.9473	0.9468	0.9468	0.9467	0.9466	0.9469	0.9468	0.9473	0.9467	0.9467	0.9466	0.9467	0.9475	0.955	0.9467	0.9469	0.9468	0.9473	0.9475	0.9471	0.9471	0.9476	0.9473	0.9476	0.9473	0.9462	0.9474	0.9474	0.9471	1.4828	0.9477	0.9478	0.9467	0.9473	0.948	0.9471	1.442	0.9467	0.947	0.9467	0.947	0.9473	0.9467
  J	0.946	0.9444	1.0331	2.2206	1.0105	14.3397	2.0319	0.9714	0.9485	0	1.1064	0.9471	0.9461	0.9433	1.9063	5.7714	0.9445	0.9453	0.945	0.9434	0.9469	0.9433	0.947	1.3195	1.291	1.2103	0.9721	0.9608	7.366	0.9463	1.1008	1.4093	0.9465	0.9455	1.2207	0.9463	1.1419	1.2149	0.9455	11.3011	0.9514	0.9458	0.9452	0.9456	1.0396	0.9438	6.5873	0.9438	0.962	1.4427	0.9461	0.9457	0.9438
  K	0.9544	1.0768	0.9473	0.9479	0.9473	3.1626	0.9475	0.937	0.9473	1.1064	0	0.9474	0.9484	0.9471	0.9472	1.7935	0.9471	0.9478	1.1886	0.9471	0.9474	0.9471	1.1239	0.9476	0.947	0.9472	0.9471	1.1428	0.9592	2.0445	1.4083	0.9543	1.0414	0.9491	0.948	0.9472	0.9491	0.9526	0.9477	0.9521	1.297	1.7225	0.9472	0.953	0.9577	0.9505	1.0465	0.947	0.9472	1.1516	0.9475	1.7676	0.9471
  L	0.9472	1.4194	0.9469	1.0375	0.9468	3.1248	0.9996	1.0212	0.9468	0.9471	0.9474	0	0.9485	0.9466	0.9466	0.9469	0.9467	0.9473	0.9467	0.9466	0.9481	0.9466	0.9475	0.9471	0.9466	0.9467	0.9466	0.9471	0.9469	0.9471	0.947	0.9474	0.9471	0.9474	0.9472	0.9465	0.9473	0.947	0.947	1.4083	0.9475	0.9476	0.9467	0.947	0.9477	0.9472	0.9488	0.9466	0.9468	0.947	0.9468	0.947	0.9466
  M	0.9472	2.3737	0.9468	0.9475	0.9468	2.4008	0.947	3.1555	0.9468	0.9461	0.9484	0.9485	0	0.9466	0.9467	1.1369	0.9466	0.9471	0.9467	0.9466	1.011	0.9466	0.9477	0.9471	0.9466	0.9467	0.9466	0.9471	0.9484	0.9474	0.9469	0.9479	1.135	1.2264	0.9474	0.9468	1.5777	1.0144	0.9482	1.3886	1.4505	0.9493	0.9467	0.9471	1.4697	0.9478	1.1819	0.9466	0.9467	1.4295	1.7639	0.961	0.9466
  N	0.9471	0.947	0.9468	0.9463	0.9468	0.9238	0.9465	0.9271	0.9467	0.9433	0.9471	0.9466	0.9466	0	0.9464	0.9465	0.9466	0.947	1.4209	0.9465	0.9462	0.9465	0.9473	0.9469	0.9465	0.9467	0.9466	0.9471	0.9453	0.9468	0.9468	0.9473	0.9471	0.9474	0.9471	0.9459	0.9472	0.947	0.9469	0.9331	0.9471	0.9474	0.9465	0.947	0.9475	0.9467	0.9444	0.9465	0.9467	0.9463	0.9467	0.9468	0.9465
  O	0.947	0.9471	0.9467	0.9466	0.9467	1.6486	0.9466	1.8635	0.9466	1.9063	0.9472	0.9466	0.9467	0.9464	0	0.9468	0.9465	0.947	0.9465	0.9464	0.9466	0.9464	0.9473	0.9469	0.9464	0.9467	0.9465	0.9469	0.9462	0.9469	0.9468	0.9473	1.4194	0.9474	0.9471	0.9463	0.9473	0.947	0.9468	0.9382	1.1794	0.9475	0.9466	0.947	0.9475	0.9466	1.4591	0.9465	1.419	0.9468	0.9468	0.947	0.9465
  P	0.9474	0.948	0.9939	0.9671	0.9818	8.6584	0.9725	8.1063	0.9469	5.7714	1.7935	0.9469	1.1369	0.9465	0.9468	0	0.9467	0.9474	0.9471	0.9465	1.1164	0.9465	1.0638	0.9487	0.9465	0.947	0.9466	0.9476	2.6747	0.95	0.9476	0.9485	1.2892	0.9482	0.948	1.0321	1.0598	0.9478	0.9472	4.5633	1.0447	0.9498	0.9468	0.9474	1.0357	0.9467	1.2639	0.9466	0.9468	0.9482	0.9471	0.9493	0.9465
  Q	0.9472	0.9471	0.9468	0.9469	0.9468	1.1187	0.9467	0.9291	0.9468	0.9445	0.9471	0.9467	0.9466	0.9466	0.9465	0.9467	0	0.9471	0.9466	0.9465	0.9464	0.9466	0.9473	0.947	0.9466	0.9467	0.9466	0.9471	0.947	0.9469	0.9469	0.9474	0.9471	0.9474	0.9471	0.9461	0.9472	0.9471	0.947	0.9546	0.9474	0.9475	0.9466	0.9471	0.9476	0.9468	1.204	0.9466	0.9468	0.9465	0.9468	0.947	0.9466
  R	0.9477	0.9475	0.9473	0.9471	0.9473	1.1169	0.9471	0.9306	0.9473	0.9453	0.9478	0.9473	0.9471	0.947	0.947	0.9474	0.9471	0	0.9471	0.947	0.9471	0.947	0.948	1.2269	0.947	0.9472	0.947	0.9476	0.9472	0.9474	0.9474	0.9479	0.9478	0.9479	0.9476	0.947	0.9478	0.9474	0.9476	0.9371	0.9482	0.948	0.9472	0.9477	0.9483	0.9472	0.9483	0.947	0.9472	0.947	0.9475	0.9476	0.9471
  S	0.9473	0.947	0.9468	0.9468	0.9468	1.8819	0.9467	0.9317	0.9467	0.945	1.1886	0.9467	0.9467	1.4209	0.9465	0.9471	0.9466	0.9471	0	1.4197	0.9466	0.9465	0.9478	0.947	0.9465	0.9467	0.9465	1.0855	1.6579	0.9473	1.4008	0.9477	0.9473	0.9475	0.9474	0.9464	0.9473	0.947	0.9472	0.9375	0.9477	0.9477	0.9467	0.9476	0.9478	0.9467	0.946	0.9466	0.9468	0.9489	0.9469	0.9473	0.9466
  T	0.9471	0.947	0.9468	0.9464	0.9468	0.9257	0.9465	0.927	0.9467	0.9434	0.9471	0.9466	0.9466	0.9465	0.9464	0.9465	0.9465	0.947	1.4197	0	0.9462	0.9465	0.9473	0.9469	0.9465	0.9467	0.9465	0.9485	1.4185	0.9469	0.9469	0.9474	0.9471	0.9474	0.9472	0.9459	0.9472	0.947	0.947	0.9331	0.9472	0.9474	0.9465	0.9471	0.9476	0.9467	0.9444	0.9465	0.9468	0.9463	0.9467	0.9468	0.9465
  U	0.9469	0.9473	0.9464	0.9475	0.9464	7.0356	0.947	6.4014	0.9466	0.9469	0.9474	0.9481	1.011	0.9462	0.9466	1.1164	0.9464	0.9471	0.9466	0.9462	0	0.9462	0.9475	0.947	0.9463	0.9463	0.9463	0.9468	0.963	0.9473	0.9468	0.9473	0.9476	0.9476	0.9564	5.917	0.9472	1.2745	1.1405	0.9916	1.1843	0.9476	0.9466	0.9469	1.0753	0.9464	1.2745	0.9464	0.9464	0.9479	0.9468	0.9472	0.9463
  V	0.9479	0.947	0.9468	0.9464	0.9468	0.9235	0.9465	0.9268	0.9467	0.9433	0.9471	0.9466	0.9466	0.9465	0.9464	0.9465	0.9466	0.947	0.9465	0.9465	0.9462	0	0.9473	0.9469	0.9465	0.9467	0.9466	0.9473	0.9453	0.9469	0.9468	0.9485	0.9472	0.9474	0.9471	0.9459	0.9472	0.947	0.9469	0.9331	0.9473	0.9475	0.9465	0.9471	0.9512	0.9467	0.9445	0.9465	0.9467	0.9463	0.9467	1.8948	0.9465
  W	0.9482	0.9507	0.9475	0.9501	0.9475	2.9029	0.9476	0.9385	0.9475	0.947	1.1239	0.9475	0.9477	0.9473	0.9473	1.0638	0.9473	0.948	0.9478	0.9473	0.9475	0.9473	0	0.9478	0.9472	0.9475	0.9473	0.9492	2.3176	1.4669	0.9479	0.9512	1.0367	0.9979	1.2802	0.9473	0.9488	0.9481	0.9482	0.9471	1.1832	1.1366	0.9473	0.9488	1.0215	0.9477	1.1101	0.9472	0.9478	1.0978	0.9477	0.9553	0.9473
  X	0.9475	0.9474	0.9472	0.9476	0.9472	2.189	0.9477	0.9351	0.955	1.3195	0.9476	0.9471	0.9471	0.9469	0.9469	0.9487	0.947	1.2269	0.947	0.9469	0.947	0.9469	0.9478	0	0.9469	0.9472	0.9471	0.9475	1.0016	0.9474	0.9473	0.9478	0.9476	0.9477	0.9477	0.9468	0.9476	0.9475	0.9474	1.4977	0.948	0.9479	0.947	0.9475	0.9795	0.9471	1.5015	0.9469	0.9471	0.9471	0.9474	0.9475	0.9469
  Y	0.9472	0.947	0.9469	0.9464	0.9469	1.0019	0.9466	0.9289	0.9467	1.291	0.947	0.9466	0.9466	0.9465	0.9464	0.9465	0.9466	0.947	0.9465	0.9465	0.9463	0.9465	0.9472	0.9469	0	0.947	0.9466	0.9471	1.0011	0.9468	0.9469	0.9473	0.947	0.9473	0.9474	0.946	0.9472	0.947	0.9469	1.3934	0.9471	0.9474	0.9465	0.947	0.9474	0.9467	0.9449	0.9465	0.9467	0.9463	0.9467	0.9468	0.9465
  Z	0.9473	0.9472	0.947	0.9466	0.947	0.9406	0.9469	0.9276	0.9469	1.2103	0.9472	0.9467	0.9467	0.9467	0.9467	0.947	0.9467	0.9472	0.9467	0.9467	0.9463	0.9467	0.9475	0.9472	0.947	0	0.9468	0.9474	0.9608	0.947	0.947	0.9476	0.9473	0.9476	1.27	0.9461	0.9475	0.9473	0.9471	0.9346	0.9473	0.9476	0.9466	0.9472	0.9478	0.9469	0.9453	0.9467	0.9471	0.9466	0.9468	0.947	0.9467
  [	0.9472	0.9471	0.9469	0.9467	0.9468	0.9657	0.9842	0.928	0.9468	0.9721	0.9471	0.9466	0.9466	0.9466	0.9465	0.9466	0.9466	0.947	0.9465	0.9465	0.9463	0.9466	0.9473	0.9471	0.9466	0.9468	0	0.9471	0.9463	0.9469	0.9469	0.9473	0.9471	0.9474	0.9471	0.946	0.9472	0.9471	0.9469	1.0124	0.9473	0.9475	0.9465	0.9471	0.9476	0.9468	1.2479	0.9466	0.9468	0.9464	0.9467	0.9469	0.9466
  \	1.133	0.9475	0.9475	0.9474	0.9475	1.5213	0.9473	0.9316	0.9473	0.9608	1.1428	0.9471	0.9471	0.9471	0.9469	0.9476	0.9471	0.9476	1.0855	0.9485	0.9468	0.9473	0.9492	0.9475	0.9471	0.9474	0.9471	0	1.9203	0.9477	1.0788	1.0039	0.948	0.9481	1.4241	0.9466	0.9478	0.9498	0.9478	1.7006	0.9519	0.9483	0.9471	1.1029	0.9489	0.9473	0.9661	0.947	0.9493	0.9476	0.9474	1.0253	0.947
  ]	0.9712	0.9636	0.9467	1.5092	0.9465	25.3117	1.4275	1.4445	0.9475	7.366	0.9592	0.9469	0.9484	0.9453	0.9462	2.6747	0.947	0.9472	1.6579	1.4185	0.963	0.9453	2.3176	1.0016	1.0011	0.9608	0.9463	1.9203	0	2.1018	1.111	1.3676	1.8158	1.6368	1.5682	1.037	0.9494	0.9742	1.0448	9.7746	1.0214	1.4097	0.9464	1.6632	1.8289	0.9459	6.9155	0.9455	1.2421	1.4143	0.9472	0.9509	0.9456
  ^	0.9525	1.8654	0.947	1.0248	0.947	2.0943	0.9472	2.3463	0.9471	0.9463	2.0445	0.9471	0.9474	0.9468	0.9469	0.95	0.9469	0.9474	0.9473	0.9469	0.9473	0.9469	1.4669	0.9474	0.9468	0.947	0.9469	0.9477	2.1018	0	0.9475	1.2508	0.9735	1.7013	0.948	0.9471	0.9537	0.9524	0.948	0.9403	0.9508	1.4781	0.947	0.9482	2.1623	0.9473	1.1043	0.9469	0.9472	0.9586	0.9475	0.9662	0.9469
  _	0.9476	0.9474	0.9472	1.2146	0.9471	2.3555	0.9473	1.401	0.9471	1.1008	1.4083	0.947	0.9469	0.9468	0.9468	0.9476	0.9469	0.9474	1.4008	0.9469	0.9468	0.9468	0.9479	0.9473	0.9469	0.947	0.9469	1.0788	1.111	0.9475	0	0.9482	0.9476	0.9478	0.9477	0.9465	0.9476	0.9474	0.9474	1.286	0.9481	0.9479	0.9469	1.2807	0.9485	0.9471	1.1923	0.9468	0.9471	1.4139	0.9473	0.9475	0.9468
  `	1.1269	0.949	0.9476	0.9486	0.9476	1.394	0.9477	1.3985	0.9476	1.4093	0.9543	0.9474	0.9479	0.9473	0.9473	0.9485	0.9474	0.9479	0.9477	0.9474	0.9473	0.9485	0.9512	0.9478	0.9473	0.9476	0.9473	1.0039	1.3676	1.2508	0.9482	0	0.9733	1.4417	1.4254	0.947	0.9492	0.9482	1.1389	0.9898	1.3611	0.9553	0.9474	1.307	1.0729	0.9734	1.0907	0.9473	0.9478	1.2358	0.9478	1.8194	0.9473
  a	1.2083	0.9563	0.9473	0.976	0.9473	3.5967	0.9476	0.948	0.9473	0.9465	1.0414	0.9471	1.135	0.9471	1.4194	1.2892	0.9471	0.9478	0.9473	0.9471	0.9476	0.9472	1.0367	0.9476	0.947	0.9473	0.9471	0.948	1.8158	0.9735	0.9476	0.9733	0	1.6693	1.4216	0.947	2.2739	0.9486	0.9657	0.9411	2.4607	1.1685	0.9474	0.9561	2.6347	0.9475	1.4419	0.947	0.9506	1.4266	0.9478	1.6939	0.9486
  b	0.9518	1.2678	0.9476	0.9477	0.9476	1.2759	0.9475	1.2177	0.9476	0.9455	0.9491	0.9474	1.2264	0.9474	0.9474	0.9482	0.9474	0.9479	0.9475	0.9474	0.9476	0.9474	0.9979	0.9477	0.9473	0.9476	0.9474	0.9481	1.6368	1.7013	0.9478	1.4417	1.6693	0	0.9483	0.9468	1.7313	1.8981	0.9494	0.9379	1.1932	1.1208	0.9472	0.9485	1.2155	0.9478	0.9911	0.9473	0.9477	0.9929	0.9479	0.9543	0.9473
  c	0.9487	0.9476	0.9475	0.9481	0.9474	1.8474	0.9476	1.1267	0.9473	1.2207	0.948	0.9472	0.9474	0.9471	0.9471	0.948	0.9471	0.9476	0.9474	0.9472	0.9564	0.9471	1.2802	0.9477	0.9474	1.27	0.9471	1.4241	1.5682	0.948	0.9477	1.4254	1.4216	0.9483	0	0.9519	0.9481	0.9478	1.4216	1.6684	0.9563	0.9484	0.9471	0.9481	1.0181	0.9472	1.3184	0.947	1.2534	1.0899	0.9474	0.9483	0.9471
  d	0.9464	0.9465	0.9461	0.9468	0.9461	8.1215	0.9466	2.0118	0.9462	0.9463	0.9472	0.9465	0.9468	0.9459	0.9463	1.0321	0.9461	0.947	0.9464	0.9459	5.917	0.9459	0.9473	0.9468	0.946	0.9461	0.946	0.9466	1.037	0.9471	0.9465	0.947	0.947	0.9468	0.9519	0	0.9469	0.947	0.9471	0.9431	1.046	0.9471	0.9471	0.9465	0.9508	0.9461	1.1232	0.9461	0.9461	0.9473	0.9465	0.9466	0.946
  e	0.9486	0.9485	0.9475	1.0025	0.9475	2.0307	0.9475	0.933	0.9474	1.1419	0.9491	0.9473	1.5777	0.9472	0.9473	1.0598	0.9472	0.9478	0.9473	0.9472	0.9472	0.9472	0.9488	0.9476	0.9472	0.9475	0.9472	0.9478	0.9494	0.9537	0.9476	0.9492	2.2739	1.7313	0.9481	0.9469	0	0.9485	1.4226	0.9388	1.8617	1.2348	0.9472	0.9482	1.1869	0.9475	0.9885	0.9472	0.9474	1.0674	0.9481	0.9747	0.9472
  f	1.267	0.9482	0.9474	0.9481	0.9473	1.0563	0.9476	0.9742	0.9474	1.2149	0.9526	0.947	1.0144	0.947	0.947	0.9478	0.9471	0.9474	0.947	0.947	1.2745	0.947	0.9481	0.9475	0.947	0.9473	0.9471	0.9498	0.9742	0.9524	0.9474	0.9482	0.9486	1.8981	0.9478	0.947	0.9485	0	0.9474	1.6954	1.1145	1.1911	0.9469	0.9477	1.0785	0.9475	2.2493	0.9469	0.9494	0.9478	0.9473	0.9484	0.9469
  g	0.9475	0.9474	0.9472	0.9473	0.9472	2.4829	0.9472	0.9351	0.9471	0.9455	0.9477	0.947	0.9482	0.9469	0.9468	0.9472	0.947	0.9476	0.9472	0.947	1.1405	0.9469	0.9482	0.9474	0.9469	0.9471	0.9469	0.9478	1.0448	0.948	0.9474	1.1389	0.9657	0.9494	1.4216	0.9471	1.4226	0.9474	0	1.1063	0.9567	0.9481	0.9469	1.1221	1.1497	0.9472	0.9521	0.9469	0.9472	0.9817	0.9471	0.9481	0.9469
  h	1.3443	0.9347	1.1474	2.662	1.0936	42.7035	2.6979	4.1418	1.4828	11.3011	0.9521	1.4083	1.3886	0.9331	0.9382	4.5633	0.9546	0.9371	0.9375	0.9331	0.9916	0.9331	0.9471	1.4977	1.3934	0.9346	1.0124	1.7006	9.7746	0.9403	1.286	0.9898	0.9411	0.9379	1.6684	0.9431	0.9388	1.6954	1.1063	0	4.3654	0.9375	2.8198	0.9385	1.872	0.9337	7.935	0.9348	1.1329	0.9445	3.9163	1.0098	0.9349
  i	1.3008	0.9494	0.9476	0.9492	0.9475	9.2748	1.0968	1.2936	0.9477	0.9514	1.297	0.9475	1.4505	0.9471	1.1794	1.0447	0.9474	0.9482	0.9477	0.9472	1.1843	0.9473	1.1832	0.948	0.9471	0.9473	0.9473	0.9519	1.0214	0.9508	0.9481	1.3611	2.4607	1.1932	0.9563	1.046	1.8617	1.1145	0.9567	4.3654	0	1.1533	1.092	1.3444	1.0105	1.3527	2.0896	0.9472	0.9475	2.4825	1.0647	1.5615	0.95
  j	1.2073	1.14	0.9476	0.9484	0.9477	1.6758	0.9478	0.9332	0.9478	0.9458	1.7225	0.9476	0.9493	0.9474	0.9475	0.9498	0.9475	0.948	0.9477	0.9474	0.9476	0.9475	1.1366	0.9479	0.9474	0.9476	0.9475	0.9483	1.4097	1.4781	0.9479	0.9553	1.1685	1.1208	0.9484	0.9471	1.2348	1.1911	0.9481	0.9375	1.1533	0	0.9474	0.9485	0.9704	0.951	1.6409	0.9474	0.9478	0.9516	0.9476	0.956	0.9474
  k	0.9472	0.9468	0.9469	0.9468	0.9469	3.1429	0.9469	0.9363	0.9467	0.9452	0.9472	0.9467	0.9467	0.9465	0.9466	0.9468	0.9466	0.9472	0.9467	0.9465	0.9466	0.9465	0.9473	0.947	0.9465	0.9466	0.9465	0.9471	0.9464	0.947	0.9469	0.9474	0.9474	0.9472	0.9471	0.9471	0.9472	0.9469	0.9469	2.8198	1.092	0.9474	0	0.9469	0.9474	0.9466	0.9461	0.9465	0.9467	0.9469	0.9468	0.947	0.9466
  l	0.9483	0.9478	0.9472	0.9478	0.9472	2.5158	0.9474	0.9863	0.9473	0.9456	0.953	0.947	0.9471	0.947	0.947	0.9474	0.9471	0.9477	0.9476	0.9471	0.9469	0.9471	0.9488	0.9475	0.947	0.9472	0.9471	1.1029	1.6632	0.9482	1.2807	1.307	0.9561	0.9485	0.9481	0.9465	0.9482	0.9477	1.1221	0.9385	1.3444	0.9485	0.9469	0	1.0423	0.9742	1.5122	0.947	0.9475	0.9628	0.9471	1.2403	0.947
  m	0.9494	0.9657	0.9478	1.8432	0.9478	2.6493	1.421	0.9514	0.948	1.0396	0.9577	0.9477	1.4697	0.9475	0.9475	1.0357	0.9476	0.9483	0.9478	0.9476	1.0753	0.9512	1.0215	0.9795	0.9474	0.9478	0.9476	0.9489	1.8289	2.1623	0.9485	1.0729	2.6347	1.2155	1.0181	0.9508	1.1869	1.0785	1.1497	1.872	1.0105	0.9704	0.9474	1.0423	0	0.948	2.4486	0.9474	0.9481	1.4313	1.2299	2.1673	0.9475
  n	0.9527	1.2364	0.947	0.947	0.947	0.9627	0.9469	0.9277	0.9471	0.9438	0.9505	0.9472	0.9478	0.9467	0.9466	0.9467	0.9468	0.9472	0.9467	0.9467	0.9464	0.9467	0.9477	0.9471	0.9467	0.9469	0.9468	0.9473	0.9459	0.9473	0.9471	0.9734	0.9475	0.9478	0.9472	0.9461	0.9475	0.9475	0.9472	0.9337	1.3527	0.951	0.9466	0.9742	0.948	0	1.734	0.9467	0.947	0.9468	0.9468	0.9516	0.9467
  o	1.8987	1.4294	0.9458	6.8205	0.9456	18.6963	1.9473	2.3514	1.442	6.5873	1.0465	0.9488	1.1819	0.9444	1.4591	1.2639	1.204	0.9483	0.946	0.9444	1.2745	0.9445	1.1101	1.5015	0.9449	0.9453	1.2479	0.9661	6.9155	1.1043	1.1923	1.0907	1.4419	0.9911	1.3184	1.1232	0.9885	2.2493	0.9521	7.935	2.0896	1.6409	0.9461	1.5122	2.4486	1.734	0	0.9447	1.2178	3.7282	1.0274	3.0037	0.9447
  p	0.9471	0.947	0.9468	0.9464	0.9468	1.1456	0.9466	1.1769	0.9467	0.9438	0.947	0.9466	0.9466	0.9465	0.9465	0.9466	0.9466	0.947	0.9466	0.9465	0.9464	0.9465	0.9472	0.9469	0.9465	0.9467	0.9466	0.947	0.9455	0.9469	0.9468	0.9473	0.947	0.9473	0.947	0.9461	0.9472	0.9469	0.9469	0.9348	0.9472	0.9474	0.9465	0.947	0.9474	0.9467	0.9447	0	0.9467	0.9464	0.9467	0.9468	0.9466
  q	0.9475	0.9473	0.947	0.947	0.947	0.9281	0.9469	0.9288	0.947	0.962	0.9472	0.9468	0.9467	0.9467	1.419	0.9468	0.9468	0.9472	0.9468	0.9468	0.9464	0.9467	0.9478	0.9471	0.9467	0.9471	0.9468	0.9493	1.2421	0.9472	0.9471	0.9478	0.9506	0.9477	1.2534	0.9461	0.9474	0.9494	0.9472	1.1329	0.9475	0.9478	0.9467	0.9475	0.9481	0.947	1.2178	0.9467	0	0.9467	0.9469	0.9471	0.9467
  r	0.9474	0.9484	0.9465	2.5377	0.9465	3.4222	0.9474	1.9664	0.9467	1.4427	1.1516	0.947	1.4295	0.9463	0.9468	0.9482	0.9465	0.947	0.9489	0.9463	0.9479	0.9463	1.0978	0.9471	0.9463	0.9466	0.9464	0.9476	1.4143	0.9586	1.4139	1.2358	1.4266	0.9929	1.0899	0.9473	1.0674	0.9478	0.9817	0.9445	2.4825	0.9516	0.9469	0.9628	1.4313	0.9468	3.7282	0.9464	0.9467	0	1.2324	1.1041	0.9464
  s	0.9475	0.9473	0.9471	1.1057	0.9471	4.9415	0.9473	0.9382	0.947	0.9461	0.9475	0.9468	1.7639	0.9467	0.9468	0.9471	0.9468	0.9475	0.9469	0.9467	0.9468	0.9467	0.9477	0.9474	0.9467	0.9468	0.9467	0.9474	0.9472	0.9475	0.9473	0.9478	0.9478	0.9479	0.9474	0.9465	0.9481	0.9473	0.9471	3.9163	1.0647	0.9476	0.9468	0.9471	1.2299	0.9468	1.0274	0.9467	0.9469	1.2324	0	0.9474	0.9467
  t	2.0206	0.9503	0.9471	1.0199	0.9471	3.1601	0.9474	0.9367	0.9473	0.9457	1.7676	0.947	0.961	0.9468	0.947	0.9493	0.947	0.9476	0.9473	0.9468	0.9472	1.8948	0.9553	0.9475	0.9468	0.947	0.9469	1.0253	0.9509	0.9662	0.9475	1.8194	1.6939	0.9543	0.9483	0.9466	0.9747	0.9484	0.9481	1.0098	1.5615	0.956	0.947	1.2403	2.1673	0.9516	3.0037	0.9468	0.9471	1.1041	0.9474	0	0.9468
  u	0.9471	0.947	0.9468	0.9464	0.9468	1.3857	0.9466	0.9297	0.9467	0.9438	0.9471	0.9466	0.9466	0.9465	0.9465	0.9465	0.9466	0.9471	0.9466	0.9465	0.9463	0.9465	0.9473	0.9469	0.9465	0.9467	0.9466	0.947	0.9456	0.9469	0.9468	0.9473	0.9486	0.9473	0.9471	0.946	0.9472	0.9469	0.9469	0.9349	0.95	0.9474	0.9466	0.947	0.9475	0.9467	0.9447	0.9466	0.9467	0.9464	0.9467	0.9468	0

Actual rates from j->i (Q_ij):
	A	B	C	D	E	F	G	H	I	J	K	L	M	N	O	P	Q	R	S	T	U	V	W	X	Y	Z	[	\	]	^	_	`	a	b	c	d	e	f	g	h	i	j	k	l	m	n	o	p	q	r	s	t	u
  A	0	0.023	0.023	0.023	0.023	0.0321	0.023	0.0226	0.023	0.023	0.0232	0.023	0.023	0.023	0.023	0.023	0.023	0.023	0.023	0.023	0.023	0.023	0.023	0.023	0.023	0.023	0.023	0.0275	0.0236	0.0231	0.023	0.0274	0.0294	0.0231	0.0231	0.023	0.023	0.0308	0.023	0.0327	0.0316	0.0293	0.023	0.023	0.0231	0.0232	0.0461	0.023	0.023	0.023	0.023	0.0491	0.023
  B	0.0242	0	0.0242	0.0242	0.0242	0.0259	0.0242	0.031	0.0242	0.0241	0.0275	0.0362	0.0606	0.0242	0.0242	0.0242	0.0242	0.0242	0.0242	0.0242	0.0242	0.0242	0.0243	0.0242	0.0242	0.0242	0.0242	0.0242	0.0246	0.0476	0.0242	0.0242	0.0244	0.0323	0.0242	0.0241	0.0242	0.0242	0.0242	0.0238	0.0242	0.0291	0.0242	0.0242	0.0246	0.0315	0.0365	0.0242	0.0242	0.0242	0.0242	0.0242	0.0242
  C	0.0244	0.0244	0	0.0244	0.0324	0.0239	0.0244	0.0239	0.0244	0.0266	0.0244	0.0244	0.0244	0.0244	0.0244	0.0256	0.0244	0.0244	0.0244	0.0244	0.0243	0.0244	0.0244	0.0244	0.0244	0.0244	0.0244	0.0244	0.0243	0.0244	0.0244	0.0244	0.0244	0.0244	0.0244	0.0243	0.0244	0.0244	0.0244	0.0295	0.0244	0.0244	0.0244	0.0244	0.0244	0.0244	0.0243	0.0244	0.0244	0.0243	0.0244	0.0244	0.0244
  D	0.0129	0.0129	0.0129	0	0.0129	0.0608	0.0157	0.0175	0.0129	0.0303	0.0129	0.0142	0.0129	0.0129	0.0129	0.0132	0.0129	0.0129	0.0129	0.0129	0.0129	0.0129	0.013	0.0129	0.0129	0.0129	0.0129	0.0129	0.0206	0.014	0.0166	0.013	0.0133	0.0129	0.0129	0.0129	0.0137	0.0129	0.0129	0.0363	0.013	0.013	0.0129	0.0129	0.0252	0.0129	0.0931	0.0129	0.0129	0.0347	0.0151	0.0139	0.0129
  E	0.0246	0.0246	0.0327	0.0246	0	0.0241	0.0246	0.0241	0.0246	0.0263	0.0246	0.0246	0.0246	0.0246	0.0246	0.0255	0.0246	0.0246	0.0246	0.0246	0.0246	0.0246	0.0246	0.0246	0.0246	0.0246	0.0246	0.0246	0.0246	0.0246	0.0246	0.0246	0.0246	0.0246	0.0246	0.0246	0.0246	0.0246	0.0246	0.0284	0.0246	0.0246	0.0246	0.0246	0.0246	0.0246	0.0246	0.0246	0.0246	0.0246	0.0246	0.0246	0.0246
  F	0.0045	0.0035	0.0032	0.0153	0.0032	0	0.0078	0.2261	0.0038	0.0492	0.0108	0.0107	0.0082	0.0032	0.0057	0.0297	0.0038	0.0038	0.0065	0.0032	0.0241	0.0032	0.01	0.0075	0.0034	0.0032	0.0033	0.0052	0.0868	0.0072	0.0081	0.0048	0.0123	0.0044	0.0063	0.0279	0.007	0.0036	0.0085	0.1465	0.0318	0.0057	0.0108	0.0086	0.0091	0.0033	0.0641	0.0039	0.0032	0.0117	0.0169	0.0108	0.0048
  G	0.0165	0.0165	0.0165	0.02	0.0165	0.0398	0	0.0164	0.0211	0.0354	0.0165	0.0174	0.0165	0.0165	0.0165	0.0169	0.0165	0.0165	0.0165	0.0165	0.0165	0.0165	0.0165	0.0165	0.0165	0.0165	0.0171	0.0165	0.0249	0.0165	0.0165	0.0165	0.0165	0.0165	0.0165	0.0165	0.0165	0.0165	0.0165	0.047	0.0191	0.0165	0.0165	0.0165	0.0248	0.0165	0.0339	0.0165	0.0165	0.0165	0.0165	0.0165	0.0165
  H	0.0034	0.0044	0.0034	0.0047	0.0034	0.2398	0.0034	0	0.0034	0.0035	0.0034	0.0037	0.0115	0.0034	0.0068	0.0295	0.0034	0.0034	0.0034	0.0034	0.0233	0.0034	0.0034	0.0034	0.0034	0.0034	0.0034	0.0034	0.0053	0.0085	0.0051	0.0051	0.0034	0.0044	0.0041	0.0073	0.0034	0.0035	0.0034	0.0151	0.0047	0.0034	0.0034	0.0036	0.0035	0.0034	0.0086	0.0043	0.0034	0.0072	0.0034	0.0034	0.0034
  I	0.0225	0.0225	0.0225	0.0225	0.0225	0.026	0.0288	0.0221	0	0.0225	0.0225	0.0225	0.0225	0.0225	0.0225	0.0225	0.0225	0.0225	0.0225	0.0225	0.0225	0.0225	0.0225	0.0227	0.0225	0.0225	0.0225	0.0225	0.0225	0.0225	0.0225	0.0225	0.0225	0.0225	0.0225	0.0225	0.0225	0.0225	0.0225	0.0352	0.0225	0.0225	0.0225	0.0225	0.0225	0.0225	0.0343	0.0225	0.0225	0.0225	0.0225	0.0225	0.0225
  J	0.0068	0.0068	0.0074	0.0159	0.0072	0.1026	0.0145	0.0069	0.0068	0	0.0079	0.0068	0.0068	0.0067	0.0136	0.0413	0.0068	0.0068	0.0068	0.0067	0.0068	0.0067	0.0068	0.0094	0.0092	0.0087	0.007	0.0069	0.0527	0.0068	0.0079	0.0101	0.0068	0.0068	0.0087	0.0068	0.0082	0.0087	0.0068	0.0808	0.0068	0.0068	0.0068	0.0068	0.0074	0.0068	0.0471	0.0068	0.0069	0.0103	0.0068	0.0068	0.0068
  K	0.0178	0.0201	0.0177	0.0177	0.0177	0.0589	0.0177	0.0175	0.0177	0.0206	0	0.0177	0.0177	0.0176	0.0176	0.0334	0.0176	0.0177	0.0221	0.0176	0.0177	0.0176	0.0209	0.0177	0.0176	0.0177	0.0176	0.0213	0.0179	0.0381	0.0262	0.0178	0.0194	0.0177	0.0177	0.0176	0.0177	0.0178	0.0177	0.0177	0.0242	0.0321	0.0177	0.0178	0.0178	0.0177	0.0195	0.0176	0.0177	0.0215	0.0177	0.0329	0.0176
  L	0.0159	0.0239	0.0159	0.0174	0.0159	0.0526	0.0168	0.0172	0.0159	0.0159	0.0159	0	0.016	0.0159	0.0159	0.0159	0.0159	0.0159	0.0159	0.0159	0.0159	0.0159	0.0159	0.0159	0.0159	0.0159	0.0159	0.0159	0.0159	0.0159	0.0159	0.0159	0.0159	0.0159	0.0159	0.0159	0.0159	0.0159	0.0159	0.0237	0.0159	0.0159	0.0159	0.0159	0.0159	0.0159	0.016	0.0159	0.0159	0.0159	0.0159	0.0159	0.0159
  M	0.0151	0.0379	0.0151	0.0151	0.0151	0.0383	0.0151	0.0503	0.0151	0.0151	0.0151	0.0151	0	0.0151	0.0151	0.0181	0.0151	0.0151	0.0151	0.0151	0.0161	0.0151	0.0151	0.0151	0.0151	0.0151	0.0151	0.0151	0.0151	0.0151	0.0151	0.0151	0.0181	0.0196	0.0151	0.0151	0.0252	0.0162	0.0151	0.0221	0.0231	0.0151	0.0151	0.0151	0.0234	0.0151	0.0189	0.0151	0.0151	0.0228	0.0281	0.0153	0.0151
  N	0.0254	0.0254	0.0254	0.0254	0.0254	0.0248	0.0254	0.0249	0.0254	0.0253	0.0254	0.0254	0.0254	0	0.0254	0.0254	0.0254	0.0254	0.0381	0.0254	0.0254	0.0254	0.0254	0.0254	0.0254	0.0254	0.0254	0.0254	0.0254	0.0254	0.0254	0.0254	0.0254	0.0254	0.0254	0.0254	0.0254	0.0254	0.0254	0.025	0.0254	0.0254	0.0254	0.0254	0.0254	0.0254	0.0253	0.0254	0.0254	0.0254	0.0254	0.0254	0.0254
  O	0.0183	0.0183	0.0183	0.0183	0.0183	0.0319	0.0183	0.036	0.0183	0.0368	0.0183	0.0183	0.0183	0.0183	0	0.0183	0.0183	0.0183	0.0183	0.0183	0.0183	0.0183	0.0183	0.0183	0.0183	0.0183	0.0183	0.0183	0.0183	0.0183	0.0183	0.0183	0.0274	0.0183	0.0183	0.0183	0.0183	0.0183	0.0183	0.0181	0.0228	0.0183	0.0183	0.0183	0.0183	0.0183	0.0282	0.0183	0.0274	0.0183	0.0183	0.0183	0.0183
  P	0.0086	0.0086	0.009	0.0087	0.0089	0.0782	0.0088	0.0732	0.0086	0.0521	0.0162	0.0086	0.0103	0.0085	0.0086	0	0.0086	0.0086	0.0086	0.0085	0.0101	0.0085	0.0096	0.0086	0.0085	0.0086	0.0085	0.0086	0.0242	0.0086	0.0086	0.0086	0.0116	0.0086	0.0086	0.0093	0.0096	0.0086	0.0086	0.0412	0.0094	0.0086	0.0086	0.0086	0.0094	0.0086	0.0114	0.0086	0.0086	0.0086	0.0086	0.0086	0.0085
  Q	0.0237	0.0237	0.0237	0.0237	0.0237	0.0279	0.0237	0.0232	0.0237	0.0236	0.0237	0.0237	0.0237	0.0236	0.0236	0.0237	0	0.0237	0.0236	0.0236	0.0236	0.0236	0.0237	0.0237	0.0236	0.0237	0.0236	0.0237	0.0237	0.0237	0.0237	0.0237	0.0237	0.0237	0.0237	0.0236	0.0237	0.0237	0.0237	0.0238	0.0237	0.0237	0.0236	0.0237	0.0237	0.0237	0.0301	0.0236	0.0237	0.0236	0.0237	0.0237	0.0236
  R	0.0242	0.0242	0.0242	0.0242	0.0242	0.0285	0.0242	0.0238	0.0242	0.0241	0.0242	0.0242	0.0242	0.0242	0.0242	0.0242	0.0242	0	0.0242	0.0242	0.0242	0.0242	0.0242	0.0313	0.0242	0.0242	0.0242	0.0242	0.0242	0.0242	0.0242	0.0242	0.0242	0.0242	0.0242	0.0242	0.0242	0.0242	0.0242	0.0239	0.0242	0.0242	0.0242	0.0242	0.0242	0.0242	0.0242	0.0242	0.0242	0.0242	0.0242	0.0242	0.0242
  S	0.0208	0.0208	0.0208	0.0208	0.0208	0.0413	0.0208	0.0205	0.0208	0.0208	0.0261	0.0208	0.0208	0.0312	0.0208	0.0208	0.0208	0.0208	0	0.0312	0.0208	0.0208	0.0208	0.0208	0.0208	0.0208	0.0208	0.0238	0.0364	0.0208	0.0308	0.0208	0.0208	0.0208	0.0208	0.0208	0.0208	0.0208	0.0208	0.0206	0.0208	0.0208	0.0208	0.0208	0.0208	0.0208	0.0208	0.0208	0.0208	0.0208	0.0208	0.0208	0.0208
  T	0.0255	0.0255	0.0255	0.0255	0.0255	0.025	0.0255	0.025	0.0255	0.0254	0.0255	0.0255	0.0255	0.0255	0.0255	0.0255	0.0255	0.0255	0.0383	0	0.0255	0.0255	0.0256	0.0255	0.0255	0.0255	0.0255	0.0256	0.0383	0.0255	0.0255	0.0256	0.0255	0.0256	0.0256	0.0255	0.0256	0.0255	0.0255	0.0252	0.0256	0.0256	0.0255	0.0255	0.0256	0.0255	0.0255	0.0255	0.0255	0.0255	0.0255	0.0255	0.0255
  U	0.0093	0.0093	0.0093	0.0093	0.0093	0.0694	0.0093	0.0631	0.0093	0.0093	0.0093	0.0094	0.01	0.0093	0.0093	0.011	0.0093	0.0093	0.0093	0.0093	0	0.0093	0.0093	0.0093	0.0093	0.0093	0.0093	0.0093	0.0095	0.0093	0.0093	0.0093	0.0093	0.0093	0.0094	0.0584	0.0093	0.0126	0.0112	0.0098	0.0117	0.0093	0.0093	0.0093	0.0106	0.0093	0.0126	0.0093	0.0093	0.0093	0.0093	0.0093	0.0093
  V	0.0258	0.0258	0.0258	0.0258	0.0258	0.0252	0.0258	0.0252	0.0258	0.0257	0.0258	0.0258	0.0258	0.0258	0.0258	0.0258	0.0258	0.0258	0.0258	0.0258	0.0258	0	0.0258	0.0258	0.0258	0.0258	0.0258	0.0258	0.0258	0.0258	0.0258	0.0258	0.0258	0.0258	0.0258	0.0258	0.0258	0.0258	0.0258	0.0254	0.0258	0.0258	0.0258	0.0258	0.0259	0.0258	0.0257	0.0258	0.0258	0.0258	0.0258	0.0516	0.0258
  W	0.0179	0.0179	0.0179	0.0179	0.0179	0.0548	0.0179	0.0177	0.0179	0.0179	0.0212	0.0179	0.0179	0.0179	0.0179	0.0201	0.0179	0.0179	0.0179	0.0179	0.0179	0.0179	0	0.0179	0.0179	0.0179	0.0179	0.0179	0.0437	0.0277	0.0179	0.018	0.0196	0.0188	0.0242	0.0179	0.0179	0.0179	0.0179	0.0179	0.0223	0.0214	0.0179	0.0179	0.0193	0.0179	0.021	0.0179	0.0179	0.0207	0.0179	0.018	0.0179
  X	0.0178	0.0178	0.0178	0.0178	0.0178	0.0411	0.0178	0.0175	0.0179	0.0248	0.0178	0.0178	0.0178	0.0178	0.0178	0.0178	0.0178	0.023	0.0178	0.0178	0.0178	0.0178	0.0178	0	0.0178	0.0178	0.0178	0.0178	0.0188	0.0178	0.0178	0.0178	0.0178	0.0178	0.0178	0.0178	0.0178	0.0178	0.0178	0.0281	0.0178	0.0178	0.0178	0.0178	0.0184	0.0178	0.0282	0.0178	0.0178	0.0178	0.0178	0.0178	0.0178
  Y	0.0231	0.0231	0.0231	0.0231	0.0231	0.0244	0.0231	0.0226	0.0231	0.0315	0.0231	0.0231	0.0231	0.0231	0.0231	0.0231	0.0231	0.0231	0.0231	0.0231	0.0231	0.0231	0.0231	0.0231	0	0.0231	0.0231	0.0231	0.0244	0.0231	0.0231	0.0231	0.0231	0.0231	0.0231	0.0231	0.0231	0.0231	0.0231	0.034	0.0231	0.0231	0.0231	0.0231	0.0231	0.0231	0.023	0.0231	0.0231	0.0231	0.0231	0.0231	0.0231
  Z	0.025	0.025	0.025	0.025	0.025	0.0248	0.025	0.0245	0.025	0.0319	0.025	0.025	0.025	0.025	0.025	0.025	0.025	0.025	0.025	0.025	0.025	0.025	0.025	0.025	0.025	0	0.025	0.025	0.0253	0.025	0.025	0.025	0.025	0.025	0.0335	0.0249	0.025	0.025	0.025	0.0246	0.025	0.025	0.025	0.025	0.025	0.025	0.0249	0.025	0.025	0.025	0.025	0.025	0.025
  [	0.0244	0.0244	0.0244	0.0244	0.0244	0.0249	0.0254	0.0239	0.0244	0.0251	0.0244	0.0244	0.0244	0.0244	0.0244	0.0244	0.0244	0.0244	0.0244	0.0244	0.0244	0.0244	0.0244	0.0244	0.0244	0.0244	0	0.0244	0.0244	0.0244	0.0244	0.0244	0.0244	0.0244	0.0244	0.0244	0.0244	0.0244	0.0244	0.0261	0.0244	0.0244	0.0244	0.0244	0.0244	0.0244	0.0322	0.0244	0.0244	0.0244	0.0244	0.0244	0.0244
  \	0.0251	0.021	0.021	0.021	0.021	0.0336	0.021	0.0206	0.021	0.0213	0.0253	0.0209	0.0209	0.0209	0.0209	0.021	0.0209	0.021	0.024	0.021	0.0209	0.021	0.021	0.021	0.0209	0.021	0.0209	0	0.0425	0.021	0.0239	0.0222	0.021	0.021	0.0315	0.0209	0.021	0.021	0.021	0.0376	0.0211	0.021	0.0209	0.0244	0.021	0.021	0.0214	0.0209	0.021	0.021	0.021	0.0227	0.0209
  ]	0.0063	0.0063	0.0062	0.0098	0.0062	0.165	0.0093	0.0094	0.0062	0.048	0.0063	0.0062	0.0062	0.0062	0.0062	0.0174	0.0062	0.0062	0.0108	0.0092	0.0063	0.0062	0.0151	0.0065	0.0065	0.0063	0.0062	0.0125	0	0.0137	0.0072	0.0089	0.0118	0.0107	0.0102	0.0068	0.0062	0.0064	0.0068	0.0637	0.0067	0.0092	0.0062	0.0108	0.0119	0.0062	0.0451	0.0062	0.0081	0.0092	0.0062	0.0062	0.0062
  ^	0.0161	0.0316	0.016	0.0174	0.016	0.0355	0.016	0.0398	0.016	0.016	0.0346	0.016	0.0161	0.016	0.016	0.0161	0.016	0.0161	0.016	0.016	0.016	0.016	0.0249	0.016	0.016	0.016	0.016	0.0161	0.0356	0	0.0161	0.0212	0.0165	0.0288	0.0161	0.016	0.0162	0.0161	0.0161	0.0159	0.0161	0.025	0.016	0.0161	0.0366	0.016	0.0187	0.016	0.016	0.0162	0.0161	0.0164	0.016
  _	0.0172	0.0172	0.0172	0.0221	0.0172	0.0428	0.0172	0.0255	0.0172	0.02	0.0256	0.0172	0.0172	0.0172	0.0172	0.0172	0.0172	0.0172	0.0255	0.0172	0.0172	0.0172	0.0172	0.0172	0.0172	0.0172	0.0172	0.0196	0.0202	0.0172	0	0.0172	0.0172	0.0172	0.0172	0.0172	0.0172	0.0172	0.0172	0.0234	0.0172	0.0172	0.0172	0.0233	0.0172	0.0172	0.0217	0.0172	0.0172	0.0257	0.0172	0.0172	0.0172
  `	0.0266	0.0224	0.0224	0.0224	0.0224	0.0329	0.0224	0.033	0.0224	0.0333	0.0225	0.0224	0.0224	0.0224	0.0224	0.0224	0.0224	0.0224	0.0224	0.0224	0.0224	0.0224	0.0225	0.0224	0.0224	0.0224	0.0224	0.0237	0.0323	0.0296	0.0224	0	0.023	0.0341	0.0337	0.0224	0.0224	0.0224	0.0269	0.0234	0.0322	0.0226	0.0224	0.0309	0.0254	0.023	0.0258	0.0224	0.0224	0.0292	0.0224	0.043	0.0224
  a	0.0201	0.0159	0.0158	0.0163	0.0158	0.0599	0.0158	0.0158	0.0158	0.0158	0.0173	0.0158	0.0189	0.0158	0.0236	0.0215	0.0158	0.0158	0.0158	0.0158	0.0158	0.0158	0.0173	0.0158	0.0158	0.0158	0.0158	0.0158	0.0302	0.0162	0.0158	0.0162	0	0.0278	0.0237	0.0158	0.0379	0.0158	0.0161	0.0157	0.041	0.0195	0.0158	0.0159	0.0439	0.0158	0.024	0.0158	0.0158	0.0238	0.0158	0.0282	0.0158
  b	0.0246	0.0327	0.0245	0.0245	0.0245	0.0329	0.0245	0.0314	0.0245	0.0244	0.0245	0.0244	0.0317	0.0244	0.0244	0.0245	0.0244	0.0245	0.0245	0.0244	0.0245	0.0244	0.0258	0.0245	0.0244	0.0245	0.0244	0.0245	0.0422	0.0439	0.0245	0.0372	0.0431	0	0.0245	0.0244	0.0447	0.049	0.0245	0.0242	0.0308	0.0289	0.0244	0.0245	0.0314	0.0245	0.0256	0.0244	0.0245	0.0256	0.0245	0.0246	0.0244
  c	0.0197	0.0197	0.0197	0.0197	0.0197	0.0384	0.0197	0.0234	0.0197	0.0254	0.0197	0.0197	0.0197	0.0197	0.0197	0.0197	0.0197	0.0197	0.0197	0.0197	0.0199	0.0197	0.0266	0.0197	0.0197	0.0264	0.0197	0.0296	0.0326	0.0197	0.0197	0.0296	0.0295	0.0197	0	0.0198	0.0197	0.0197	0.0295	0.0347	0.0199	0.0197	0.0197	0.0197	0.0212	0.0197	0.0274	0.0197	0.026	0.0226	0.0197	0.0197	0.0197
  d	0.0102	0.0102	0.0102	0.0102	0.0102	0.0873	0.0102	0.0216	0.0102	0.0102	0.0102	0.0102	0.0102	0.0102	0.0102	0.0111	0.0102	0.0102	0.0102	0.0102	0.0636	0.0102	0.0102	0.0102	0.0102	0.0102	0.0102	0.0102	0.0112	0.0102	0.0102	0.0102	0.0102	0.0102	0.0102	0	0.0102	0.0102	0.0102	0.0101	0.0112	0.0102	0.0102	0.0102	0.0102	0.0102	0.0121	0.0102	0.0102	0.0102	0.0102	0.0102	0.0102
  e	0.021	0.0209	0.0209	0.0221	0.0209	0.0449	0.0209	0.0206	0.0209	0.0252	0.021	0.0209	0.0348	0.0209	0.0209	0.0234	0.0209	0.0209	0.0209	0.0209	0.0209	0.0209	0.021	0.0209	0.0209	0.0209	0.0209	0.0209	0.021	0.0211	0.0209	0.021	0.0502	0.0382	0.0209	0.0209	0	0.0209	0.0314	0.0207	0.0411	0.0273	0.0209	0.0209	0.0262	0.0209	0.0218	0.0209	0.0209	0.0236	0.0209	0.0215	0.0209
  f	0.0295	0.0221	0.0221	0.0221	0.0221	0.0246	0.0221	0.0227	0.0221	0.0283	0.0222	0.0221	0.0236	0.0221	0.0221	0.0221	0.0221	0.0221	0.0221	0.0221	0.0297	0.0221	0.0221	0.0221	0.0221	0.0221	0.0221	0.0221	0.0227	0.0222	0.0221	0.0221	0.0221	0.0442	0.0221	0.0221	0.0221	0	0.0221	0.0395	0.026	0.0277	0.0221	0.0221	0.0251	0.0221	0.0524	0.0221	0.0221	0.0221	0.0221	0.0221	0.0221
  g	0.0187	0.0187	0.0187	0.0187	0.0187	0.049	0.0187	0.0185	0.0187	0.0187	0.0187	0.0187	0.0187	0.0187	0.0187	0.0187	0.0187	0.0187	0.0187	0.0187	0.0225	0.0187	0.0187	0.0187	0.0187	0.0187	0.0187	0.0187	0.0206	0.0187	0.0187	0.0225	0.0191	0.0187	0.0281	0.0187	0.0281	0.0187	0	0.0218	0.0189	0.0187	0.0187	0.0222	0.0227	0.0187	0.0188	0.0187	0.0187	0.0194	0.0187	0.0187	0.0187
  h	0.0048	0.0033	0.0041	0.0094	0.0039	0.1509	0.0095	0.0146	0.0052	0.0399	0.0034	0.005	0.0049	0.0033	0.0033	0.0161	0.0034	0.0033	0.0033	0.0033	0.0035	0.0033	0.0033	0.0053	0.0049	0.0033	0.0036	0.006	0.0345	0.0033	0.0045	0.0035	0.0033	0.0033	0.0059	0.0033	0.0033	0.006	0.0039	0	0.0154	0.0033	0.01	0.0033	0.0066	0.0033	0.028	0.0033	0.004	0.0033	0.0138	0.0036	0.0033
  i	0.0129	0.0094	0.0094	0.0094	0.0094	0.0921	0.0109	0.0129	0.0094	0.0095	0.0129	0.0094	0.0144	0.0094	0.0117	0.0104	0.0094	0.0094	0.0094	0.0094	0.0118	0.0094	0.0118	0.0094	0.0094	0.0094	0.0094	0.0095	0.0101	0.0094	0.0094	0.0135	0.0244	0.0119	0.0095	0.0104	0.0185	0.0111	0.0095	0.0434	0	0.0115	0.0108	0.0134	0.01	0.0134	0.0208	0.0094	0.0094	0.0247	0.0106	0.0155	0.0094
  j	0.0275	0.026	0.0216	0.0216	0.0216	0.0382	0.0216	0.0213	0.0216	0.0216	0.0393	0.0216	0.0217	0.0216	0.0216	0.0217	0.0216	0.0216	0.0216	0.0216	0.0216	0.0216	0.0259	0.0216	0.0216	0.0216	0.0216	0.0216	0.0322	0.0337	0.0216	0.0218	0.0267	0.0256	0.0216	0.0216	0.0282	0.0272	0.0216	0.0214	0.0263	0	0.0216	0.0216	0.0221	0.0217	0.0374	0.0216	0.0216	0.0217	0.0216	0.0218	0.0216
  k	0.0146	0.0146	0.0146	0.0146	0.0146	0.0483	0.0146	0.0144	0.0146	0.0145	0.0146	0.0146	0.0146	0.0146	0.0146	0.0146	0.0146	0.0146	0.0146	0.0146	0.0146	0.0146	0.0146	0.0146	0.0146	0.0146	0.0146	0.0146	0.0145	0.0146	0.0146	0.0146	0.0146	0.0146	0.0146	0.0146	0.0146	0.0146	0.0146	0.0434	0.0168	0.0146	0	0.0146	0.0146	0.0146	0.0145	0.0146	0.0146	0.0146	0.0146	0.0146	0.0146
  l	0.0189	0.0189	0.0188	0.0189	0.0188	0.0501	0.0189	0.0196	0.0188	0.0188	0.019	0.0188	0.0188	0.0188	0.0188	0.0189	0.0188	0.0189	0.0189	0.0188	0.0188	0.0188	0.0189	0.0189	0.0188	0.0188	0.0188	0.0219	0.0331	0.0189	0.0255	0.026	0.019	0.0189	0.0189	0.0188	0.0189	0.0189	0.0223	0.0187	0.0268	0.0189	0.0188	0	0.0207	0.0194	0.0301	0.0188	0.0189	0.0192	0.0188	0.0247	0.0188
  m	0.0187	0.019	0.0187	0.0363	0.0187	0.0522	0.028	0.0187	0.0187	0.0205	0.0189	0.0187	0.0289	0.0187	0.0187	0.0204	0.0187	0.0187	0.0187	0.0187	0.0212	0.0187	0.0201	0.0193	0.0187	0.0187	0.0187	0.0187	0.036	0.0426	0.0187	0.0211	0.0519	0.0239	0.02	0.0187	0.0234	0.0212	0.0226	0.0369	0.0199	0.0191	0.0187	0.0205	0	0.0187	0.0482	0.0187	0.0187	0.0282	0.0242	0.0427	0.0187
  n	0.0253	0.0328	0.0251	0.0251	0.0251	0.0255	0.0251	0.0246	0.0251	0.025	0.0252	0.0251	0.0251	0.0251	0.0251	0.0251	0.0251	0.0251	0.0251	0.0251	0.0251	0.0251	0.0251	0.0251	0.0251	0.0251	0.0251	0.0251	0.0251	0.0251	0.0251	0.0258	0.0251	0.0251	0.0251	0.0251	0.0251	0.0251	0.0251	0.0248	0.0359	0.0252	0.0251	0.0258	0.0252	0	0.046	0.0251	0.0251	0.0251	0.0251	0.0252	0.0251
  o	0.0148	0.0111	0.0074	0.0532	0.0074	0.1458	0.0152	0.0183	0.0112	0.0514	0.0082	0.0074	0.0092	0.0074	0.0114	0.0099	0.0094	0.0074	0.0074	0.0074	0.0099	0.0074	0.0087	0.0117	0.0074	0.0074	0.0097	0.0075	0.0539	0.0086	0.0093	0.0085	0.0112	0.0077	0.0103	0.0088	0.0077	0.0175	0.0074	0.0619	0.0163	0.0128	0.0074	0.0118	0.0191	0.0135	0	0.0074	0.0095	0.0291	0.008	0.0234	0.0074
  p	0.0225	0.0225	0.0225	0.0225	0.0225	0.0273	0.0225	0.028	0.0225	0.0225	0.0225	0.0225	0.0225	0.0225	0.0225	0.0225	0.0225	0.0225	0.0225	0.0225	0.0225	0.0225	0.0225	0.0225	0.0225	0.0225	0.0225	0.0225	0.0225	0.0225	0.0225	0.0225	0.0225	0.0226	0.0225	0.0225	0.0225	0.0225	0.0225	0.0223	0.0225	0.0226	0.0225	0.0225	0.0226	0.0225	0.0225	0	0.0225	0.0225	0.0225	0.0225	0.0225
  q	0.0249	0.0249	0.0249	0.0249	0.0249	0.0244	0.0249	0.0244	0.0249	0.0253	0.0249	0.0249	0.0249	0.0249	0.0373	0.0249	0.0249	0.0249	0.0249	0.0249	0.0249	0.0249	0.0249	0.0249	0.0249	0.0249	0.0249	0.025	0.0327	0.0249	0.0249	0.0249	0.025	0.0249	0.033	0.0249	0.0249	0.025	0.0249	0.0298	0.0249	0.0249	0.0249	0.0249	0.0249	0.0249	0.032	0.0249	0	0.0249	0.0249	0.0249	0.0249
  r	0.0141	0.0141	0.0141	0.0378	0.0141	0.051	0.0141	0.0293	0.0141	0.0215	0.0171	0.0141	0.0213	0.0141	0.0141	0.0141	0.0141	0.0141	0.0141	0.0141	0.0141	0.0141	0.0163	0.0141	0.0141	0.0141	0.0141	0.0141	0.0211	0.0143	0.0211	0.0184	0.0212	0.0148	0.0162	0.0141	0.0159	0.0141	0.0146	0.0141	0.037	0.0142	0.0141	0.0143	0.0213	0.0141	0.0555	0.0141	0.0141	0	0.0184	0.0164	0.0141
  s	0.0122	0.0122	0.0122	0.0142	0.0122	0.0634	0.0122	0.012	0.0122	0.0121	0.0122	0.0121	0.0226	0.0121	0.0121	0.0122	0.0121	0.0122	0.0121	0.0121	0.0121	0.0121	0.0122	0.0122	0.0121	0.0121	0.0121	0.0122	0.0122	0.0122	0.0122	0.0122	0.0122	0.0122	0.0122	0.0121	0.0122	0.0122	0.0122	0.0502	0.0137	0.0122	0.0121	0.0122	0.0158	0.0121	0.0132	0.0121	0.0121	0.0158	0	0.0122	0.0121
  t	0.0377	0.0177	0.0177	0.019	0.0177	0.059	0.0177	0.0175	0.0177	0.0177	0.033	0.0177	0.0179	0.0177	0.0177	0.0177	0.0177	0.0177	0.0177	0.0177	0.0177	0.0354	0.0178	0.0177	0.0177	0.0177	0.0177	0.0191	0.0178	0.018	0.0177	0.034	0.0316	0.0178	0.0177	0.0177	0.0182	0.0177	0.0177	0.0188	0.0291	0.0178	0.0177	0.0232	0.0405	0.0178	0.0561	0.0177	0.0177	0.0206	0.0177	0	0.0177
