{
  "generated_by": {
    "program": "augur",
    "version": "13.1.0"
  },
  "models": {
    "continent": {
      "alphabet": [
        "Africa",
        "Asia",
        "Europe",
        "North America",
        "Oceania",
        "South America",
        "?"
      ],
      "equilibrium_probabilities": [
        0.11931670314646874,
        0.17733612255076264,
        0.19160532212499998,
        0.18820601226966366,
        0.15161427663688434,
        0.1719215632712206
      ],
      "rate": 10.592551166130027,
      "transition_matrix": [
        [
          0.0,
          2.2790808752859535,
          4.767065525767433,
          0.5582144057553233,
          0.7525661257960067,
          0.7122418091614452
        ],
        [
          2.2790808752859535,
          0.0,
          2.0687457879111166,
          0.8880346785755602,
          0.6521773876525053,
          0.9305159966114315
        ],
        [
          4.767065525767433,
          2.0687457879111166,
          0.0,
          0.5464507877912274,
          0.7015167749432413,
          0.7893503989929572
        ],
        [
          0.5582144057553233,
          0.8880346785755602,
          0.5464507877912274,
          0.0,
          0.5854160965076257,
          1.773402658381875
        ],
        [
          0.7525661257960067,
          0.6521773876525053,
          0.7015167749432413,
          0.5854160965076257,
          0.0,
          0.6147714825870882
        ],
        [
          0.7122418091614452,
          0.9305159966114315,
          0.7893503989929572,
          1.773402658381875,
          0.6147714825870882,
          0.0
        ]
      ]
    },
    "country": {
      "alphabet": [
        "Argentina",
        "Australia",
        "Austria",
        "Azerbaijan",
        "Belgium",
        "Brazil",
        "British Virgin Islands",
        "Bulgaria",
        "Canada",
        "Central African Republic",
        "China",
        "Colombia",
        "Cyprus",
        "Czech Republic",
        "Democratic Republic of the Congo",
        "Egypt",
        "France",
        "Germany",
        "Greece",
        "Hungary",
        "India",
        "Iran",
        "Israel",
        "Italy",
        "Kenya",
        "Madagascar",
        "Mexico",
        "Morocco",
        "Namibia",
        "Netherlands",
        "Niger",
        "Nigeria",
        "Portugal",
        "Romania",
        "Russia",
        "Senegal",
        "Serbia",
        "Slovakia",
        "Slovenia",
        "South Africa",
        "Spain",
        "Tunisia",
        "Turkey",
        "USA",
        "Uganda",
        "Ukraine",
        "United Arab Emirates",
        "Zambia",
        "?"
      ],
      "equilibrium_probabilities": [
        0.019830897894884465,
        0.021929495905162414,
        0.01906959975798049,
        0.020984428698351845,
        0.02127502014217741,
        0.019497982642489056,
        0.02019198141030865,
        0.021526507180863404,
        0.012838557211985688,
        0.020943123697605065,
        0.020915168540384443,
        0.020204281739489294,
        0.02147433645719336,
        0.02150770829980777,
        0.020987716219773463,
        0.020871746436855205,
        0.020392086590278594,
        0.021976043386402237,
        0.0222469421907137,
        0.02148917250805251,
        0.021776394776166663,
        0.020706935711793724,
        0.020305066267196442,
        0.021966788371443776,
        0.020130377252311028,
        0.021578106127520914,
        0.017739373651047354,
        0.02071449777867086,
        0.021007473718876717,
        0.021149747471893774,
        0.020931786520587976,
        0.020694380657148924,
        0.021056348637731634,
        0.020186377071320042,
        0.02119054776811414,
        0.023855974585628017,
        0.02099938638985244,
        0.021668876713500134,
        0.021413823817349152,
        0.021412026415434778,
        0.020549373247457356,
        0.021030393956140436,
        0.02135104995470588,
        0.022110894054655522,
        0.020865372239334493,
        0.020748894129333197,
        0.021332362390400674,
        0.021374573413624923
      ],
      "rate": 55.11040198273038,
      "transition_matrix": [
        [
          0.0,
          0.9762541222790089,
          0.9764930649979796,
          0.9713866187646906,
          0.968514025503484,
          0.9681438142294503,
          0.9683216264301967,
          0.9685284736501615,
          0.9672225619191896,
          0.9763560960923163,
          0.9715852756763963,
          0.9682833289179082,
          0.9724548091120719,
          0.9685025644084205,
          0.9690163223691501,
          0.9694656296891984,
          0.9682690184477714,
          0.9677562108633996,
          0.9681113342969322,
          1.467379197962583,
          0.9837162357775812,
          0.9685254842360039,
          1.4715617187011159,
          0.9688284946877904,
          0.9719475565806512,
          0.9789638790335142,
          0.9678172343183874,
          0.9686881524431521,
          0.9698168171723051,
          0.9684549351860647,
          0.9690326047942304,
          0.9734170105703372,
          0.9687098637121118,
          0.9695924771538866,
          1.3031060504448833,
          0.9902963935141379,
          0.9683565231506566,
          0.9685242066624372,
          0.9684777478107742,
          0.9765149098337704,
          0.9714922421743527,
          1.133007861077049,
          0.969304928426165,
          1.4614570243101728,
          0.9690539555646979,
          0.9685845227695389,
          0.9686737423758589,
          0.9686538428902941
        ],
        [
          0.9762541222790089,
          0.0,
          0.9833802848320501,
          0.9853627691616489,
          0.9747431324136682,
          0.9738539639146804,
          0.9742323623064044,
          0.9748413966120207,
          0.9710394953124859,
          0.9781393977995733,
          0.9758200640013972,
          0.9741943261030765,
          0.9790731773686592,
          0.974797688132462,
          0.9751605040957579,
          0.9780080079230048,
          0.9743381910345286,
          0.974104601288236,
          0.9745868178439735,
          0.9755215154061003,
          0.9948427227930062,
          0.975103771967755,
          0.9844353979350443,
          0.9742732796647117,
          0.9766596478408923,
          0.9862540167652446,
          0.9730267898403725,
          0.9748772908165231,
          0.9759953342394743,
          0.9746243673100344,
          0.9751185979712469,
          0.9804209467619691,
          0.9755130413260743,
          0.9766848709829302,
          1.1036357021439496,
          1.000578202631694,
          0.9742360661024184,
          0.9748724081216843,
          0.9747469366102345,
          0.9835600850010141,
          0.9763722714530343,
          0.9767931043647089,
          0.9752284093935121,
          0.9691657348090571,
          0.9751179529334697,
          0.9745406528243686,
          0.9749450318478652,
          0.9749082632966765
        ],
        [
          0.9764930649979796,
          0.9833802848320501,
          0.0,
          0.9775481478525173,
          0.9763514052848641,
          0.9752299739280931,
          0.9756383110425736,
          0.9763944773393148,
          0.9720238303901338,
          0.9770570027553088,
          0.9765622899317455,
          0.9756073805591994,
          0.9800502011206201,
          2.747906482380605,
          0.976521885999302,
          0.9769013539708158,
          0.9757919664252597,
          4.461317310361675,
          0.9770160892490442,
          0.9794102872764625,
          0.9856595240902478,
          0.9761410978212975,
          0.9775919626147184,
          1.9404109479523783,
          0.9765233257484194,
          0.9862074637476054,
          0.9743076799242262,
          0.9762337220361296,
          0.9772482705223124,
          1.3276717209541478,
          0.9764402574759757,
          0.9772676319434256,
          0.9764284499500199,
          0.9768201759400285,
          1.0257234429321376,
          0.9961371880306493,
          1.9485690481539897,
          2.41244118547241,
          1.4589450551559788,
          0.9839149257463738,
          0.9764853837032791,
          0.977153312867394,
          0.9764581880353939,
          0.9714613643503134,
          0.9764376541589539,
          0.9758912679254084,
          0.9764053904939853,
          0.9763509307587882
        ],
        [
          0.9713866187646906,
          0.9853627691616489,
          0.9775481478525173,
          0.0,
          0.9691166891506002,
          0.9686653843683602,
          0.9688795034339824,
          0.9691370812418032,
          0.967376446761469,
          0.9748684945953984,
          0.9695059402692952,
          0.9688390631348723,
          0.9732382559002586,
          0.9691094936174761,
          0.9696307263615362,
          0.9848361513599055,
          0.9688665144365275,
          0.9683338683607261,
          0.9687095064777136,
          0.9698544835131641,
          0.9825381727995124,
          0.9690732932363365,
          1.0222549858677243,
          0.9693795339383708,
          0.9725436880882428,
          0.979993716986921,
          0.9682521756700204,
          0.9692329898580185,
          0.9704601521679626,
          0.9690509464389803,
          0.9696736412962852,
          0.9808215052527238,
          0.9716637884300491,
          0.9700123289248074,
          1.4408862174605603,
          0.99620666599481,
          0.9685881318539067,
          0.9691351982004592,
          0.969081549974374,
          0.9773058739096419,
          0.9715069609727225,
          0.9715192210730844,
          0.9696564533026922,
          0.9634354521373156,
          0.9696625040854823,
          0.9692002464205557,
          0.9692931536453936,
          0.9692727638770586
        ],
        [
          0.968514025503484,
          0.9747431324136682,
          0.9763514052848641,
          0.9691166891506002,
          0.0,
          0.9678181263080249,
          0.9680071508230029,
          0.9682887291854777,
          0.9667757133668318,
          0.9686961756184408,
          0.9681331593829158,
          0.9679654884089495,
          0.9724217918228723,
          0.968184478179738,
          0.9687560842446855,
          0.9685350681225399,
          0.9679253435062176,
          0.9673701175949388,
          1.1663547307011124,
          0.9685097766730415,
          0.9773241888060444,
          0.9680560450588875,
          0.9691255771939353,
          0.9658964084263991,
          0.9685252311166092,
          0.979445992828693,
          0.9674705004083801,
          0.9681324709608895,
          0.9696243209880699,
          0.9681436096462525,
          0.96877979314597,
          0.9690855597708558,
          0.9682044470014477,
          0.9681313851641473,
          0.983711614165739,
          0.9872196224222988,
          1.3209034736374656,
          1.0351249457979252,
          0.9682695376799344,
          0.9765965516938855,
          0.9680386481365263,
          0.9687139781516811,
          0.9682900385467913,
          0.9622496505466444,
          0.9687908395268974,
          0.9683005582158029,
          0.968344110099111,
          0.9683309765347164
        ],
        [
          0.9681438142294503,
          0.9738539639146804,
          0.9752299739280931,
          0.9686653843683602,
          0.9678181263080249,
          0.0,
          0.9676543669221696,
          0.9678231329112543,
          0.9666649642037253,
          0.9682790677917287,
          0.9677595215338218,
          0.9676164667273653,
          0.9717025210458696,
          0.9678009386065988,
          0.9683316686999502,
          0.9681297905087797,
          0.9675709006184804,
          0.9670501103698289,
          0.9673905757408034,
          0.9680441822672587,
          0.9762326761589352,
          0.9676898858160031,
          0.9686920945003565,
          0.9657042677985253,
          0.968126518703244,
          0.9781789967079175,
          0.9680820869058797,
          0.9677593004276362,
          0.9691324340929931,
          0.9677662251140339,
          0.9683560352104872,
          0.9686395364933825,
          0.9678235251809273,
          0.9677635164662363,
          0.9821231030079405,
          0.9853373146296573,
          0.9673163778886861,
          0.9678165378437585,
          0.9677777242044076,
          0.9755508461542342,
          0.9676761982147576,
          0.9683041892920206,
          0.9679000374777224,
          1.923213991654834,
          0.9683639019320691,
          0.9679149579999652,
          0.9679495297044546,
          0.9679374404931261
        ],
        [
          0.9683216264301967,
          0.9742323623064044,
          0.9756383110425736,
          0.9688795034339824,
          0.9680071508230029,
          0.9676543669221696,
          0.0,
          0.9680135032198329,
          0.9693116366691301,
          0.9684802482630688,
          0.9679443620250582,
          0.9677892987221283,
          0.9720187581868334,
          0.967990476194345,
          0.9685356689962447,
          0.9683263807516116,
          0.9677469370766548,
          0.9672147126819103,
          0.9675688207819223,
          0.9682343065720426,
          0.9766871845439139,
          0.9678714062840282,
          0.9688962684048134,
          0.9658192702995599,
          0.9683194364753276,
          0.9787003852478818,
          0.9673363120125276,
          0.9679432572395178,
          0.9693617197810933,
          0.9679527684604149,
          0.9685596462615014,
          0.9688512662557421,
          0.9680111945440278,
          0.9679446106774482,
          0.9827542784243134,
          0.9860898700260028,
          0.9674859420461708,
          0.9680072946843543,
          0.9679660540338131,
          0.9759882148136932,
          0.9678556442153552,
          0.968501590316021,
          0.968091745035145,
          1.4410652802125026,
          0.9685688230592112,
          0.9681040423227589,
          0.9681428872609407,
          0.9681305518135561
        ],
        [
          0.9685284736501615,
          0.9748413966120207,
          0.9763944773393148,
          0.9691370812418032,
          0.9682887291854777,
          0.9678231329112543,
          0.9680135032198329,
          0.0,
          0.9667768360973582,
          0.9687109245520309,
          0.9681402270244297,
          0.9679713366762464,
          0.9724857791304198,
          0.9681913163151852,
          0.9687714517797332,
          0.9685476774512525,
          0.9679305203273941,
          0.9673648486403404,
          1.2445091509393518,
          0.9687042528798196,
          0.9774575034134908,
          0.9680625354587306,
          0.9691470260882679,
          0.9658765331016272,
          0.968538646040183,
          0.9796066500498649,
          0.9674736324355906,
          0.9681398322548832,
          0.9696517537803511,
          0.9681504411704057,
          0.9687958917816227,
          0.969105814715581,
          0.9682123389225302,
          0.9681396222809052,
          0.9839456485270272,
          0.9874888501113719,
          1.802664259025428,
          0.968281066131445,
          0.968189497736266,
          0.9767203457079069,
          0.9680453906486751,
          0.9687291136250655,
          0.9682986039230664,
          0.962186559937363,
          0.9688068444782906,
          0.9683101652010125,
          0.9683534066043841,
          0.9683400544806908
        ],
        [
          0.9672225619191896,
          0.9710394953124859,
          0.9720238303901338,
          0.967376446761469,
          0.9667757133668318,
          0.9666649642037253,
          0.9693116366691301,
          0.9667768360973582,
          0.0,
          0.9671122207439821,
          0.9667448574627946,
          0.9666978826496975,
          0.969462132050009,
          0.966761884851471,
          0.9671373701868621,
          0.967002186733274,
          0.9666203754021769,
          0.9662656666885324,
          0.9664858016819643,
          0.9670177476497592,
          0.9726868354085798,
          0.9666992973651166,
          0.9674910552131621,
          0.9653942962900032,
          0.9670092012614436,
          0.9739931134521034,
          0.9665607230448646,
          0.9667453943663868,
          0.9676996840275804,
          0.9667429684116926,
          0.9671634540126313,
          0.9673635542714769,
          0.96678659930763,
          0.9667586205132009,
          0.9769249908814794,
          0.9790376211323656,
          0.9664496353488662,
          0.9667717257862932,
          0.9667467474329503,
          0.9721659922602315,
          0.9667003636286724,
          0.9671891692245859,
          0.9668352821025746,
          11.091271745544303,
          0.9671572010589616,
          0.9668540071471022,
          0.9668683720904038,
          0.9668601198789329
        ],
        [
          0.9763560960923163,
          0.9781393977995733,
          0.9770570027553088,
          0.9748684945953984,
          0.9686961756184408,
          0.9682790677917287,
          0.9684802482630688,
          0.9687109245520309,
          0.9671122207439821,
          0.0,
          0.9705644594153137,
          0.9684395924126333,
          0.9740047705190658,
          0.9686850887737887,
          0.9693707880797302,
          0.9703571064086793,
          0.9684592241403855,
          0.9679022847660357,
          0.9682698469081932,
          0.9708847706371605,
          0.9822055886404083,
          0.9687248886329022,
          0.9754164421383992,
          0.9721477244199777,
          0.9766093149475448,
          0.9814897047335097,
          0.9678985967518012,
          0.969046988672387,
          0.9705162156007261,
          0.9686341691267151,
          0.9692475654760817,
          0.9798464953316388,
          0.9689872872193934,
          0.9708751511386483,
          1.4311991566178475,
          0.9964718994425762,
          0.968181738685166,
          0.9687069843893286,
          0.9686585183213193,
          1.4631635920214645,
          0.976442491092889,
          0.976828260617522,
          1.4408195709836615,
          0.9630766847230179,
          0.9694813396786398,
          0.9688427468606172,
          0.9688909565976697,
          0.9689328424268346
        ],
        [
          0.9715852756763963,
          0.9758200640013972,
          0.9765622899317455,
          0.9695059402692952,
          0.9681331593829158,
          0.9677595215338218,
          0.9679443620250582,
          0.9681402270244297,
          0.9667448574627946,
          0.9705644594153137,
          0.0,
          0.9679033996000383,
          0.9722140966102547,
          0.9681168076439517,
          0.9686656321128084,
          0.9686572645299644,
          0.9678720661377583,
          0.967314794552008,
          0.9676807035469451,
          0.9692004120254146,
          0.9910618081384803,
          0.968051138852828,
          0.9697278089512928,
          0.966503733320546,
          0.9692540618576797,
          0.9789565740896461,
          0.9674203121775911,
          0.9681284321261627,
          0.9694969237640156,
          0.9680763242273288,
          0.9686896345206909,
          0.9701070750200473,
          0.9682102041981497,
          0.9683184846975943,
          1.4689090086344652,
          0.9876244619957915,
          0.9676024308524662,
          0.9681337970501589,
          0.968091726198217,
          0.9762206153113339,
          0.9686777155587308,
          0.9718190738271721,
          0.9684337647659172,
          0.9623575617593136,
          0.9687013517034903,
          0.9682271184547224,
          0.9682833894456682,
          0.9682681156824411
        ],
        [
          0.9682833289179082,
          0.9741943261030765,
          0.9756073805591994,
          0.9688390631348723,
          0.9679654884089495,
          0.9676164667273653,
          0.9677892987221283,
          0.9679713366762464,
          0.9666978826496975,
          0.9684395924126333,
          0.9679033996000383,
          0.0,
          0.9719794943705551,
          0.9679483347708241,
          0.968494976373052,
          0.9682857723843461,
          0.9677069369508228,
          0.9671712251866396,
          0.9675249541869299,
          0.9681923892672916,
          0.9766513757014514,
          0.967830831002353,
          0.9688587544520684,
          0.9657751134394585,
          0.9682802871654229,
          0.9786661125573185,
          0.9673022639694667,
          0.9679027089089924,
          0.9693216006358314,
          0.9679113339549581,
          0.9685191333703568,
          0.96881136464142,
          0.9679699970227195,
          0.967905151592601,
          0.9827238164966938,
          0.9860570475219489,
          0.9674445755235439,
          0.9679648380139554,
          0.9679240871275998,
          0.975952080482957,
          0.9678154048283348,
          0.9684607588455367,
          0.9680499939170104,
          1.4432100383181394,
          0.9685283632443795,
          0.9680635284340846,
          0.9681012053914909,
          0.9680887789987456
        ],
        [
          0.9724548091120719,
          0.9790731773686592,
          0.9800502011206201,
          0.9732382559002586,
          0.9724217918228723,
          0.9717025210458696,
          0.9720187581868334,
          0.9724857791304198,
          0.969462132050009,
          0.9740047705190658,
          0.9722140966102547,
          0.9719794943705551,
          0.0,
          0.9724400689524207,
          0.9780660657774364,
          0.9726291605843118,
          0.9720241475541209,
          0.9716945242561307,
          0.9721581248461657,
          0.973944002379247,
          0.9817886168696661,
          0.9733589642441449,
          0.973594930349061,
          0.9737950557094243,
          1.402070342968144,
          1.0185567727715228,
          0.9710328151843595,
          0.9727076910412614,
          1.0096847174556967,
          0.9723259540446553,
          0.972851121966367,
          0.9731299414516806,
          0.9723649905412043,
          0.9723231977540319,
          0.9998534459937833,
          1.0035653903020625,
          0.9718912328524016,
          0.9724958400578049,
          0.9724049131875716,
          1.3474201022165389,
          0.9721858786739482,
          0.9728542863092794,
          0.972520959309197,
          0.9666335317955603,
          0.9765426040642979,
          0.9727515613730132,
          1.0583278735134618,
          0.9787452301617726
        ],
        [
          0.9685025644084205,
          0.974797688132462,
          2.747906482380605,
          0.9691094936174761,
          0.968184478179738,
          0.9678009386065988,
          0.967990476194345,
          0.9681913163151852,
          0.966761884851471,
          0.9686850887737887,
          0.9681168076439517,
          0.9679483347708241,
          0.9724400689524207,
          0.0,
          0.9687441965606942,
          0.9685222928253715,
          0.9679079143958406,
          1.251028037977514,
          0.9677189910734099,
          0.9684210152701638,
          0.9773969970442671,
          0.9680392565609999,
          0.9691198670480885,
          0.9659094127470887,
          0.968514743877765,
          0.9795226561719577,
          0.9674534378542566,
          0.9681161438044941,
          0.9696191503010788,
          0.969121603177062,
          0.9687712917603603,
          0.9690789492266519,
          0.9681880183661541,
          0.9681171884883756,
          0.985723193328482,
          0.9875351520869299,
          0.9676756748075444,
          0.9685771732221614,
          0.9681599253740668,
          0.976647057363406,
          0.9680223910868501,
          0.9687022602527927,
          0.9682736794162814,
          0.9621668493587672,
          0.9687798720016515,
          0.968285553321414,
          0.9683279583721788,
          0.96831471666839
        ],
        [
          0.9690163223691501,
          0.9751605040957579,
          0.976521885999302,
          0.9696307263615362,
          0.9687560842446855,
          0.9683316686999502,
          0.9685356689962447,
          0.9687714517797332,
          0.9671373701868621,
          0.9693707880797302,
          0.9686656321128084,
          0.968494976373052,
          0.9780660657774364,
          0.9687441965606942,
          0.0,
          0.9690607341594343,
          0.9684654064988663,
          0.9679485439255917,
          0.9683313116718241,
          0.9695485089909777,
          0.9777620023892368,
          0.9696835659475923,
          0.969627754732331,
          0.9665015376371465,
          0.9690645601478773,
          1.0044431977340353,
          0.9679441483090206,
          0.9686734490341345,
          0.9719867740910227,
          0.9686935514107005,
          0.9692997147644303,
          0.9695853217570684,
          0.9687480121574136,
          0.9686579753994013,
          0.9839444153037549,
          0.9878106349294541,
          0.9682222946196267,
          0.968767228833427,
          0.9687177422377531,
          1.474468922802988,
          0.9685663898222083,
          0.9692408938087232,
          0.9688423058275141,
          0.9629173279132245,
          0.9773350674205037,
          0.969218763418461,
          0.9689089722893743,
          0.9690601596231443
        ],
        [
          0.9694656296891984,
          0.9780080079230048,
          0.9769013539708158,
          0.9848361513599055,
          0.9685350681225399,
          0.9681297905087797,
          0.9683263807516116,
          0.9685476774512525,
          0.967002186733274,
          0.9703571064086793,
          0.9686572645299644,
          0.9682857723843461,
          0.9726291605843118,
          0.9685222928253715,
          0.9690607341594343,
          0.0,
          0.9682664976666364,
          0.9677305489718521,
          0.9681028664171161,
          0.968956581000271,
          1.1349387546401788,
          0.9684960324335303,
          1.0219026672596225,
          0.9670333850133429,
          0.9696717815548181,
          0.9794108752708918,
          0.9677604193332562,
          0.9685392992846749,
          0.9698932286778758,
          0.9684746624444149,
          0.969084492204541,
          0.97206272396398,
          1.3348834893124952,
          0.9688401955191468,
          1.492807103670511,
          0.9893103069019649,
          0.9680001373907586,
          0.9685430458595097,
          0.9684961587451726,
          0.9766782304249111,
          0.9690520728092379,
          0.9696537456946953,
          0.9687750907174564,
          0.962764870088484,
          0.9690921717773985,
          0.968616533604597,
          0.9686877211405964,
          0.9686712895166486
        ],
        [
          0.9682690184477714,
          0.9743381910345286,
          0.9757919664252597,
          0.9688665144365275,
          0.9679253435062176,
          0.9675709006184804,
          0.9677469370766548,
          0.9679305203273941,
          0.9666203754021769,
          0.9684592241403855,
          0.9678720661377583,
          0.9677069369508228,
          0.9720241475541209,
          0.9679079143958406,
          0.9684654064988663,
          0.9682664976666364,
          0.0,
          0.9671396181722282,
          0.9674778799251211,
          0.9681572545421874,
          0.9768079586747219,
          0.9677942326506273,
          0.9692525324340422,
          2.9087147143567207,
          0.9688151999485602,
          0.978816625468266,
          0.9672506272622475,
          0.9693060278685488,
          0.9693076415301789,
          0.9678713127043,
          0.9684922512733534,
          0.9688450942651164,
          0.9684907698673153,
          0.9679561227147938,
          0.9838454222277982,
          0.9864388304685593,
          0.9674012929359679,
          0.9679242180640025,
          0.9678830576921919,
          0.9760573038494454,
          0.9687400025764304,
          0.9684514500271093,
          0.9680180426517773,
          0.9622174602160714,
          0.9684990326062567,
          0.9680279489440836,
          0.968081340294845,
          0.9680648912243135
        ],
        [
          0.9677562108633996,
          0.974104601288236,
          4.461317310361675,
          0.9683338683607261,
          0.9673701175949388,
          0.9670501103698289,
          0.9672147126819103,
          0.9673648486403404,
          0.9662656666885324,
          0.9679022847660357,
          0.967314794552008,
          0.9671712251866396,
          0.9716945242561307,
          1.251028037977514,
          0.9679485439255917,
          0.9677305489718521,
          0.9671396181722282,
          0.0,
          0.9668561151889644,
          0.9676068831884685,
          0.9767447365866438,
          0.9672427105956525,
          0.9684115836661914,
          1.4476443367382368,
          0.967823831854524,
          0.9788972711899164,
          0.9667683933593388,
          0.9673669037325873,
          0.9688371531742495,
          1.1603347187208803,
          0.9679795719560603,
          0.9683151141409795,
          0.9673855353375368,
          0.9673626997713671,
          0.9868213807466357,
          0.9870998736288682,
          0.9675224336102993,
          0.9819683032697558,
          0.9674323445225329,
          0.9759716114564437,
          0.9672612841511155,
          0.9679105416969861,
          0.9674567395326757,
          0.9611981209614957,
          0.9679893543105217,
          0.9674903275645328,
          0.9675153032700792,
          0.9674990230347029
        ],
        [
          0.9681113342969322,
          0.9745868178439735,
          0.9770160892490442,
          0.9687095064777136,
          1.1663547307011124,
          0.9673905757408034,
          0.9675688207819223,
          1.2445091509393518,
          0.9664858016819643,
          0.9682698469081932,
          0.9676807035469451,
          0.9675249541869299,
          0.9721581248461657,
          0.9677189910734099,
          0.9683313116718241,
          0.9681028664171161,
          0.9674778799251211,
          0.9668561151889644,
          0.0,
          0.9728900743473309,
          0.9772989098832989,
          0.9676060024137777,
          0.9687376323842875,
          0.9653165840074728,
          0.9681128012245173,
          0.9795228596883241,
          0.9670761048527774,
          0.96768544569267,
          0.9692409914695288,
          0.9676852097267435,
          0.9683585194067812,
          0.9686843852229307,
          0.9677513860054056,
          0.9676994288560645,
          0.9840610139345355,
          0.9876268987249266,
          2.958383034153574,
          1.0690034409610436,
          0.9679102938590484,
          0.9765422435411689,
          0.967592576979579,
          0.9682869461459296,
          0.967832692783539,
          0.9615031013212791,
          0.9683713099488233,
          0.9678606316635437,
          0.9678897367673536,
          0.9678748981310745
        ],
        [
          1.467379197962583,
          0.9755215154061003,
          0.9794102872764625,
          0.9698544835131641,
          0.9685097766730415,
          0.9680441822672587,
          0.9682343065720426,
          0.9687042528798196,
          0.9670177476497592,
          0.9708847706371605,
          0.9692004120254146,
          0.9681923892672916,
          0.973944002379247,
          0.9684210152701638,
          0.9695485089909777,
          0.968956581000271,
          0.9681572545421874,
          0.9676068831884685,
          0.9728900743473309,
          0.0,
          0.9795313830068869,
          0.96849817572522,
          0.9757810009218278,
          0.9667402123278119,
          0.9695613010955426,
          0.9819642976270823,
          0.9676958806171365,
          0.9684205042309687,
          0.97225328771501,
          0.9683731742253178,
          0.9690085345316745,
          0.9703552952819579,
          0.968500292645009,
          0.9687146523278631,
          1.0776278601792046,
          0.9890002214444703,
          2.6237363193004652,
          0.9685012411981748,
          0.9684071807488257,
          1.4608104636550552,
          0.9690563666720652,
          1.0129796778477227,
          0.9687066133228935,
          0.9740327729368307,
          0.976067874476729,
          0.9688679555289861,
          0.9685854994020948,
          0.9686619910164901
        ],
        [
          0.9837162357775812,
          0.9948427227930062,
          0.9856595240902478,
          0.9825381727995124,
          0.9773241888060444,
          0.9762326761589352,
          0.9766871845439139,
          0.9774575034134908,
          0.9726868354085798,
          0.9822055886404083,
          0.9910618081384803,
          0.9766513757014514,
          0.9817886168696661,
          0.9773969970442671,
          0.9777620023892368,
          1.1349387546401788,
          0.9768079586747219,
          0.9767447365866438,
          0.9772989098832989,
          0.9795313830068869,
          0.0,
          0.9771325438858454,
          1.0005324252411611,
          0.9770704419420889,
          0.9790590433347255,
          0.9890465828294023,
          0.9752103671975026,
          0.9772667691655613,
          0.9786480805796239,
          0.9771821742343411,
          0.9776007944012629,
          0.9810285304849528,
          1.0083838889503223,
          0.9777450699687887,
          1.7924928176482195,
          1.0010907991741296,
          0.9768300610190527,
          0.9774945656300217,
          0.9773444828903769,
          0.9867926416216197,
          0.978875544685822,
          0.9845588460075982,
          0.9779570031606838,
          0.9720228237883883,
          0.9777203410420693,
          0.977004771310993,
          0.9775387758937335,
          0.9775473554844903
        ],
        [
          0.9685254842360039,
          0.975103771967755,
          0.9761410978212975,
          0.9690732932363365,
          0.9680560450588875,
          0.9676898858160031,
          0.9678714062840282,
          0.9680625354587306,
          0.9666992973651166,
          0.9687248886329022,
          0.968051138852828,
          0.967830831002353,
          0.9733589642441449,
          0.9680392565609999,
          0.9696835659475923,
          0.9684960324335303,
          0.9677942326506273,
          0.9672427105956525,
          0.9676060024137777,
          0.96849817572522,
          0.9771325438858454,
          0.0,
          0.9690952511791174,
          0.9666387713400071,
          0.968507805286465,
          0.9811921428988821,
          0.9673577706959565,
          0.9680168653048844,
          0.9699650000432198,
          0.967999961298805,
          0.968608430869061,
          0.9690816024051379,
          0.9681112736676666,
          1.2764125843110758,
          1.299099160085156,
          0.9866152369976929,
          0.967525255959471,
          0.9680557705025697,
          0.9680146937277956,
          1.4476916463380114,
          0.9679838192914004,
          0.9687170654975575,
          0.9681837315198164,
          0.9622700408320195,
          0.97099168738992,
          0.9682949723198877,
          0.9681995426311699,
          0.9682678035621645
        ],
        [
          1.4715617187011159,
          0.9844353979350443,
          0.9775919626147184,
          1.0222549858677243,
          0.9691255771939353,
          0.9686920945003565,
          0.9688962684048134,
          0.9691470260882679,
          0.9674910552131621,
          0.9754164421383992,
          0.9697278089512928,
          0.9688587544520684,
          0.973594930349061,
          0.9691198670480885,
          0.969627754732331,
          1.0219026672596225,
          0.9692525324340422,
          0.9684115836661914,
          0.9687376323842875,
          0.9757810009218278,
          1.0005324252411611,
          0.9690952511791174,
          0.0,
          1.3423630682845558,
          1.0307765285608745,
          0.9797825007942543,
          0.9682994058159778,
          1.0364510512325025,
          0.9704420943607074,
          0.9690610677922481,
          0.969667291497374,
          0.9799115386141324,
          0.982066418294689,
          0.9731765675747182,
          1.59348528702697,
          0.9966850656331827,
          0.9686253290115887,
          0.9691461630563073,
          0.9690920628806329,
          0.9771572825495379,
          0.9735049601299169,
          0.9739804708976902,
          0.9697871909440428,
          1.4638057389012908,
          0.9696563082407978,
          0.9692012446876015,
          0.9697420930467904,
          0.9695696389559125
        ],
        [
          0.9688284946877904,
          0.9742732796647117,
          1.9404109479523783,
          0.9693795339383708,
          0.9658964084263991,
          0.9657042677985253,
          0.9658192702995599,
          0.9658765331016272,
          0.9653942962900032,
          0.9721477244199777,
          0.966503733320546,
          0.9657751134394585,
          0.9737950557094243,
          0.9659094127470887,
          0.9665015376371465,
          0.9670333850133429,
          2.9087147143567207,
          1.4476443367382368,
          0.9653165840074728,
          0.9667402123278119,
          0.9770704419420889,
          0.9666387713400071,
          1.3423630682845558,
          0.0,
          1.2612910143384204,
          0.977544959241798,
          0.9655476424746515,
          1.831210067045124,
          0.967398263160726,
          0.9659328525538633,
          0.9665515992746934,
          0.9717656721714258,
          1.448947411849618,
          1.4815956664485086,
          1.281380615714302,
          0.9993681816777584,
          0.9653933498039693,
          0.9660989901878686,
          0.9658455404904321,
          0.9746599393104042,
          2.4293681969218857,
          0.968877077252981,
          0.96653170521401,
          0.9598170164819322,
          0.9665536990027165,
          0.9660693515881644,
          0.9696482258813472,
          0.9683992213696458
        ],
        [
          0.9719475565806512,
          0.9766596478408923,
          0.9765233257484194,
          0.9725436880882428,
          0.9685252311166092,
          0.968126518703244,
          0.9683194364753276,
          0.968538646040183,
          0.9670092012614436,
          0.9766093149475448,
          0.9692540618576797,
          0.9682802871654229,
          1.402070342968144,
          0.968514743877765,
          0.9690645601478773,
          0.9696717815548181,
          0.9688151999485602,
          0.967823831854524,
          0.9681128012245173,
          0.9695613010955426,
          0.9790590433347255,
          0.968507805286465,
          1.0307765285608745,
          1.2612910143384204,
          0.0,
          0.9792034437987718,
          0.9677621340215711,
          1.033964546853004,
          0.97000109415287,
          0.968466267053761,
          0.9693007534205765,
          0.975785821468502,
          0.9687928990976943,
          1.0099339712040811,
          1.4334472955824251,
          1.477996582209334,
          0.9680158891266591,
          0.968534914673726,
          0.9684891670159121,
          0.9774278932208907,
          0.9862632959931747,
