{
  "generated_by": {
    "program": "augur",
    "version": "13.1.0"
  },
  "models": {
    "country": {
      "alphabet": [
        "Argentina",
        "Australia",
        "Austria",
        "Azerbaijan",
        "Belgium",
        "Brazil",
        "British Virgin Islands",
        "Bulgaria",
        "Canada",
        "Central African Republic",
        "China",
        "Colombia",
        "Cyprus",
        "Czech Republic",
        "Democratic Republic of the Congo",
        "Egypt",
        "France",
        "Germany",
        "Greece",
        "Hungary",
        "India",
        "Iran",
        "Israel",
        "Italy",
        "Kenya",
        "Madagascar",
        "Mexico",
        "Morocco",
        "Namibia",
        "Netherlands",
        "Nigeria",
        "Romania",
        "Russia",
        "Senegal",
        "Serbia",
        "Slovakia",
        "Slovenia",
        "South Africa",
        "Spain",
        "Tunisia",
        "USA",
        "Uganda",
        "Ukraine",
        "United Arab Emirates",
        "Zambia",
        "?"
      ],
      "equilibrium_probabilities": [
        0.019871439070671758,
        0.02385547772284619,
        0.02081355013428328,
        0.02270677559602552,
        0.02275399708457776,
        0.020532583368383976,
        0.020509905179534937,
        0.022964300502148243,
        0.009453243647197917,
        0.02270624562968123,
        0.02256598269768038,
        0.020528741680963237,
        0.022730170451374262,
        0.022793489668285975,
        0.022555049242329657,
        0.02268407176428992,
        0.022514035443545508,
        0.024608964193822535,
        0.02284481413855839,
        0.022860503568248085,
        0.023014680262421407,
        0.022633870812009255,
        0.020788381669230686,
        0.02402304174075448,
        0.02205050465631454,
        0.02322446809371491,
        0.014963333673562947,
        0.023006206221757506,
        0.02291769857547205,
        0.02261759970016045,
        0.022331858059336077,
        0.02230961998781756,
        0.023431326597529004,
        0.025541161295757488,
        0.023430327561742344,
        0.0230630101097407,
        0.02301756297792656,
        0.02239320759609143,
        0.023332663704003324,
        0.022246077315835375,
        0.026213479194149507,
        0.022609819157403337,
        0.022265703641759307,
        0.022745643266614025,
        0.02297541334444706
      ],
      "rate": 52.19257857378025,
      "transition_matrix": [
        [
          0.0,
          0.9752427554103863,
          0.9675868193093331,
          0.9711991897703351,
          0.9680422269497383,
          0.9677982783717354,
          0.967831995551004,
          0.9679679210887149,
          0.9670882981702871,
          0.9738521597557078,
          0.9709312370994273,
          0.9678006164656902,
          0.9684892170562491,
          0.9679678124656224,
          0.9686835232541914,
          0.9688380673929362,
          0.9680397540147251,
          0.9672704969033503,
          0.9675218205339051,
          1.0222547274891562,
          0.9706775359611616,
          0.9685471931017233,
          1.2542846134648222,
          0.9676077873915859,
          0.9735688601473654,
          0.9794880529379415,
          0.9675556104902665,
          0.9683928084934427,
          0.972873943798197,
          0.9679692457086425,
          0.971491169932582,
          0.9685269973172563,
          0.9873331231858687,
          0.9911520116842013,
          0.9680513328132425,
          0.9679954820572721,
          0.9680517952760594,
          0.9738927546764468,
          0.9709961187075491,
          0.9909389274857411,
          1.6811617131685703,
          0.9687303627978109,
          0.968140791524563,
          0.9681227414668531,
          0.9683098639394672
        ],
        [
          0.9752427554103863,
          0.0,
          0.9749778383449951,
          0.9901058961676702,
          0.9759559834147838,
          0.9749433805342176,
          0.9749791439196921,
          0.9759654202522792,
          0.9703034194394418,
          0.9825543960119085,
          0.9774532805947439,
          0.9749460560415159,
          0.976558420729552,
          0.9759263984882365,
          0.9766420069872325,
          0.9792991428083466,
          0.9761048205827796,
          0.9757634190466382,
          0.9754024262736888,
          0.9775540710332967,
          0.9788437692509514,
          0.9767500329757908,
          0.9941879733253569,
          0.9760609114106009,
          0.9844618236503304,
          0.9890720373992814,
          0.9725619880179789,
          0.9765614481893239,
          0.9814469984849093,
          0.9758207676942052,
          0.9834460217307003,
          0.977322967225299,
          1.0109029094433712,
          1.0105757356426113,
          0.9761399138555009,
          0.9760461237191734,
          0.9760726094699331,
          0.9827608777218264,
          0.9797869124222578,
          0.9788049955366057,
          0.9681144913904867,
          0.9767787113456338,
          0.9758196261199483,
          0.9761387956108839,
          0.976502323954401
        ],
        [
          0.9675868193093331,
          0.9749778383449951,
          0.0,
          0.9701753328520302,
          0.9676532123254207,
          0.9673072095273911,
          0.9673432066490966,
          0.9674680463564485,
          0.9665499058203585,
          0.9696300830074451,
          0.9681684586901861,
          0.9673098614116066,
          0.967738541220669,
          2.0966044050701433,
          0.9693217103352475,
          0.9681879243528737,
          0.9679287361500574,
          3.6867870503006985,
          1.4495067380372297,
          2.2827160714745305,
          0.9682144191070263,
          0.9683531460032115,
          0.9709489544524611,
          1.8508474775177972,
          0.9702064569126225,
          0.9812089197640212,
          0.9668644634263979,
          0.9679544252266887,
          0.9750440409627007,
          1.2683332067327324,
          0.9695447147043944,
          0.9683605480047636,
          0.9730349983698665,
          0.9894725123172616,
          1.7206264057614702,
          2.320280469614097,
          1.4509682167525662,
          1.3152784439710843,
          0.9689299164200624,
          0.9693037035993177,
          0.9592393446610845,
          0.97855062107537,
          0.9681668636571825,
          0.9675798108546626,
          0.9679263510900832
        ],
        [
          0.9711991897703351,
          0.9901058961676702,
          0.9701753328520302,
          0.0,
          0.9709065394164602,
          0.9703708888815705,
          0.9704078527051577,
          0.9708544462640195,
          0.9681649158635977,
          0.993088566831493,
          0.9743873795519887,
          0.9703735456261265,
          0.9728814899384292,
          0.9708390396362321,
          0.971605261297073,
          1.0120511396141318,
          0.9712534498777841,
          0.9702668824799405,
          0.9703180629887782,
          0.974127279597528,
          0.9878333961928765,
          0.9716733179961233,
          1.1350791935149342,
          0.9708663922257389,
          0.9987662185853128,
          0.9837928862331561,
          0.9691883477725636,
          0.9715798899132533,
          0.9762925316225757,
          0.9708072296723353,
          0.9968240281656745,
          0.9721827511047095,
          1.2312831065114285,
          1.0268334414106735,
          0.9709541025715845,
          0.9709018149606539,
          0.9709526546300297,
          0.977791924676021,
          0.983513277540499,
          0.9787742006930811,
          0.9645806817227631,
          0.9717248593313804,
          0.9710837743597133,
          0.9713261845023359,
          0.9714996267712975
        ],
        [
          0.9680422269497383,
          0.9759559834147838,
          0.9676532123254207,
          0.9709065394164602,
          0.0,
          0.9678756202898676,
          0.9679144569823531,
          0.9681950631735912,
          0.9667890416661302,
          0.9699659982948443,
          0.9687351493884993,
          0.967878441352832,
          0.9683655869477774,
          0.9680916028337889,
          0.9689031887387577,
          0.9688493303090963,
          0.9680817937571452,
          0.9672819607818489,
          1.3399297669766508,
          0.9689909582964743,
          0.9688055847966544,
          0.968725442957086,
          0.9713330259958435,
          0.9675909735386695,
          0.9707069213155313,
          0.9811223202148307,
          0.9672608081292166,
          0.9684495170085566,
          0.9736477222354261,
          0.9680950278637661,
          0.9701951983123311,
          0.9686147693953641,
          0.9732490006491018,
          0.990835411236837,
          0.9681644299646734,
          0.9681217007125963,
          1.2832960699006528,
          0.9747667646407002,
          0.9694046712628077,
          0.9695093614544007,
          0.9588551832564219,
          0.9689545621348475,
          0.9682810824273342,
          0.968213126800046,
          0.9684409427878694
        ],
        [
          0.9677982783717354,
          0.9749433805342176,
          0.9673072095273911,
          0.9703708888815705,
          0.9678756202898676,
          0.0,
          0.9676519902454539,
          0.9677968825689683,
          0.9667112134269792,
          0.9695646457231484,
          0.9684192386738897,
          0.9676194260048546,
          0.968054021980683,
          0.9677974876936317,
          0.9685344313239164,
          0.9684898827882731,
          0.9677914695559136,
          0.9670573958414946,
          0.9673036561466498,
          0.9686570198154317,
          0.9684752110419445,
          0.968373021836725,
          0.9707919252977657,
          0.9673416149865071,
          0.9702285688643759,
          0.9796056301829859,
          0.9670982821825533,
          0.9681220703165339,
          0.9728316275993044,
          0.967801970973813,
          0.9697445442494539,
          0.9682758205069721,
          0.9726124921405606,
          0.9884489953456883,
          0.967804076335045,
          0.9678232979684667,
          0.9678824196461469,
          0.9738448298886117,
          0.9690240256491619,
          0.9692435384753636,
          1.4386649001068907,
          0.9685796385596005,
          0.9679755667304624,
          0.9679099660577776,
          0.9681140352387758
        ],
        [
          0.967831995551004,
          0.9749791439196921,
          0.9673432066490966,
          0.9704078527051577,
          0.9679144569823531,
          0.9676519902454539,
          0.0,
          0.9678361419354204,
          0.9667377742659984,
          0.9696022100377775,
          0.9684573924036826,
          0.9676544286676022,
          0.9680927240098914,
          0.9678364559922812,
          0.968572441579492,
          0.9685281652274215,
          0.9678300252362031,
          0.9671003590245006,
          0.9673432205881186,
          0.9686954974806162,
          0.9685141632234265,
          0.968411316736713,
          0.9708250980901844,
          0.9673833504356478,
          0.9702645303438127,
          0.9796364018399348,
          0.9671247491228271,
          0.9681612070211177,
          0.9728670493298541,
          0.9678406240521301,
          0.9697813374186178,
          0.9683136541431574,
          0.9726493210383678,
          0.9884771466099933,
          0.967844199687969,
          0.96786272044515,
          0.967921717318635,
          0.9738785889183722,
          0.9690631711262551,
          0.9692805792178003,
          1.4398991035542004,
          0.9686176939135208,
          0.9680135169954577,
          0.9679487813256411,
          0.9681531137385414
        ],
        [
          0.9679679210887149,
          0.9759654202522792,
          0.9674680463564485,
          0.9708544462640195,
          0.9681950631735912,
          0.9677968825689683,
          0.9678361419354204,
          0.0,
          0.9667490140641914,
          0.9699016764729498,
          0.9686574565396038,
          0.9677997346725141,
          0.9682838893484772,
          0.9680045957489261,
          0.9688271191603063,
          0.9687724971343229,
          0.9679961626967032,
          0.9671788321984514,
          1.9386776860548702,
          0.9689329333205364,
          0.9687271250801387,
          0.9686468760164206,
          0.9712927926760972,
          0.9674948030941757,
          0.9706559515970524,
          0.9811902761720646,
          0.9672006689142683,
          0.9683666533101805,
          0.9736262760259609,
          0.9680093640670714,
          0.9701376440395253,
          0.968536902735711,
          0.9732224912939371,
          0.9910051663192059,
          0.9680923957395903,
          0.96803379511773,
          0.968200903085855,
          0.9747604131548496,
          0.9693328700015141,
          0.9694420336298601,
          0.95867342041061,
          0.9688784626172144,
          0.9682024961689396,
          0.968129157475224,
          0.9683576152229838
        ],
        [
          0.9670882981702871,
          0.9703034194394418,
          0.9665499058203585,
          0.9681649158635977,
          0.9667890416661302,
          0.9667112134269792,
          0.9667377742659984,
          0.9667490140641914,
          0.0,
          0.9682140505824256,
          0.9673843155107067,
          0.9667225430276267,
          0.9669306319033519,
          0.9667518972858875,
          0.9671083760287935,
          0.9671227116319377,
          0.9667631253690353,
          0.9663946881216249,
          0.9665234953388887,
          0.9681112241192592,
          0.9673522905919508,
          0.9670307984658449,
          0.9686758220775709,
          0.9665416622066538,
          0.9684262006278188,
          0.9724262789692892,
          0.9666157754284728,
          0.966909941459186,
          0.9691671004073391,
          0.9667555595125631,
          0.9680079243538227,
          0.9669962458479644,
          0.9703593300114483,
          0.9771152093385743,
          0.9667505870154167,
          0.9667611460676144,
          0.9667895955395661,
          0.9696514187290423,
          0.9676695225030358,
          0.9689375293400705,
          11.271730244549872,
          0.9671260140409448,
          0.9668444120952582,
          0.966813332993971,
          0.966906513566445
        ],
        [
          0.9738521597557078,
          0.9825543960119085,
          0.9696300830074451,
          0.993088566831493,
          0.9699659982948443,
          0.9695646457231484,
          0.9696022100377775,
          0.9699016764729498,
          0.9682140505824256,
          0.0,
          0.9907101705653212,
          0.969567340834503,
          0.9784193705584975,
          0.9698928751640954,
          0.9723946546041818,
          0.9749950946554349,
          0.9708824597830633,
          0.9692401487838148,
          0.969401278679281,
          0.987386755789647,
          0.9897163915694505,
          0.9719413483057924,
          1.0529088903551045,
          0.9704298653586616,
          1.0691295055086674,
          0.9853086659555997,
          0.9687723570648749,
          0.9708422783182664,
          0.9771190342758458,
          0.9698734243012694,
          1.0231109763035853,
          0.9725121969006878,
          1.1841879028100724,
          1.068701492502635,
          0.9700779060763012,
          0.9699464031561313,
          0.9699997432679469,
          1.4628923460240064,
          1.0296031561830583,
          1.0171022715040898,
          0.9787055146329154,
          0.9734038861420391,
          0.9703729701766002,
          0.9711274285608261,
          0.9710204078180453
        ],
        [
          0.9709312370994273,
          0.9774532805947439,
          0.9681684586901861,
          0.9743873795519887,
          0.9687351493884993,
          0.9684192386738897,
          0.9684573924036826,
          0.9686574565396038,
          0.9673843155107067,
          0.9907101705653212,
          0.0,
          0.9684220029971389,
          0.9701958295763027,
          0.9686542584654602,
          0.969451812797064,
          0.9702226340407124,
          0.9688575843094691,
          0.967900151357598,
          0.9681406845204964,
          0.9788203689328228,
          1.0765033977912832,
          0.9694940427854513,
          0.999675095328023,
          0.9683767638547608,
          0.9866480125504541,
          0.9815609411975503,
          0.9678063625482993,
          0.9691798249890887,
          0.9741404588824055,
          0.968650171232753,
          0.9783897386796135,
          0.9696527460826645,
          1.3932311843387117,
          1.0055307914138825,
          0.9687460217195338,
          0.9686913108180027,
          0.9687521650927482,
          0.9755966692094789,
          0.978464593229464,
          0.9951866792746112,
          0.9694832741058754,
          0.9695216078968913,
          0.9688618909815948,
          0.9689880334762363,
          0.9691510701855158
        ],
        [
          0.9678006164656902,
          0.9749460560415159,
          0.9673098614116066,
          0.9703735456261265,
          0.967878441352832,
          0.9676194260048546,
          0.9676544286676022,
          0.9677997346725141,
          0.9667225430276267,
          0.969567340834503,
          0.9684220029971389,
          0.0,
          0.9680568433455303,
          0.967800320047951,
          0.9685371857597633,
          0.9684926581505927,
          0.9677942875304464,
          0.9670606107659999,
          0.9673065803570691,
          0.9686597553103222,
          0.9684780489715968,
          0.9683757984018294,
          0.9707941869678458,
          0.9673447342252512,
          0.9702311443934796,
          0.9796077506612154,
          0.9671008824158378,
          0.9681249165472612,
          0.9728341387364096,
          0.9678047815836109,
          0.9697472005156054,
          0.9682785761403577,
          0.9726151422410922,
          0.988450855195927,
          0.9678070052012003,
          0.9678261629455995,
          0.9678852742295015,
          0.9738471827880765,
          0.969026874770892,
          0.9692461970948498,
          1.439160964801491,
          0.9685823824293358,
          0.967978346617669,
          0.9679127932053389,
          0.968116875408093
        ],
        [
          0.9684892170562491,
          0.976558420729552,
          0.967738541220669,
          0.9728814899384292,
          0.9683655869477774,
          0.968054021980683,
          0.9680927240098914,
          0.9682838893484772,
          0.9669306319033519,
          0.9784193705584975,
          0.9701958295763027,
          0.9680568433455303,
          0.0,
          0.9682821070442387,
          0.9690803211310811,
          0.9694440211364911,
          0.9708455014754032,
          0.96749263962296,
          0.9677414027099,
          0.9701692600303866,
          0.9703624103297503,
          0.9689548269032559,
          0.9892638625816036,
          0.9701054641734626,
          1.3385719773974079,
          0.9811464644559481,
          0.9674171847959244,
          0.9702359507853994,
          0.9737587818889205,
          0.9682828690916466,
          0.9751980901312188,
          0.9704333402952529,
          1.0315711425777772,
          1.0326848341708155,
          0.9683067873941031,
          0.9683166152505243,
          0.9683774934794617,
          0.9749627032777244,
          0.987294104485232,
          0.9725611032487868,
          0.9601785966422021,
          0.9691538429613746,
          0.9685085579280723,
          0.9726776584560306,
          0.970662710164658
        ],
        [
          0.9679678124656224,
          0.9759263984882365,
          2.0966044050701433,
          0.9708390396362321,
          0.9680916028337889,
          0.9677974876936317,
          0.9678364559922812,
          0.9680045957489261,
          0.9667518972858875,
          0.9698928751640954,
          0.9686542584654602,
          0.967800320047951,
          0.9682821070442387,
          0.0,
          0.9688318500287219,
          0.9687683934662703,
          0.9679979335400206,
          2.1778987808771837,
          0.967484853581428,
          0.9689889417163344,
          0.9687240109844576,
          0.9686456362709999,
          0.9712752071204218,
          0.9678020752647377,
          0.9706404754142264,
          0.9811435352497289,
          0.96720305899983,
          0.9683650794130779,
          0.9736161602172175,
          0.9682128225462927,
          0.9701250150152229,
          0.9685363866630955,
          0.9731967494655386,
          0.9908961392690473,
          0.9681175258293444,
          0.9681683624307575,
          0.968129460261703,
          0.97499768084567,
          0.9693260238909547,
          0.9694353464563209,
          0.9587455865803234,
          0.9689121135829624,
          0.968203691682099,
          0.9681282551313968,
          0.9683562989078753
        ],
        [
          0.9686835232541914,
          0.9766420069872325,
          0.9693217103352475,
          0.971605261297073,
          0.9689031887387577,
          0.9685344313239164,
          0.968572441579492,
          0.9688271191603063,
          0.9671083760287935,
          0.9723946546041818,
          0.969451812797064,
          0.9685371857597633,
          0.9690803211310811,
          0.9688318500287219,
          0.0,
          0.9695669095176886,
          0.9688167817738199,
          0.968108249054793,
          0.9682876040479904,
          0.9696774265367731,
          0.9695375323189939,
          0.9708273334315306,
          0.9719856027678355,
          0.9688887622491427,
          0.9713805546943258,
          1.0230697317985415,
          0.9677515589224447,
          0.9691796893800463,
          0.9939316989917243,
          0.9688190475973953,
          0.9708751188778527,
          0.970720944505476,
          0.9753108190674173,
          0.9925847866707593,
          0.9688575445571755,
          0.9688728139143977,
          0.9689260979716896,
          1.4546256508107402,
          0.9701303063147501,
          0.9702083030368258,
          0.9597680487309685,
          0.9864026355254301,
          0.9698706470217984,
          0.9689318830126925,
          0.9693749355271403
        ],
        [
          0.9688380673929362,
          0.9792991428083466,
          0.9681879243528737,
          1.0120511396141318,
          0.9688493303090963,
          0.9684898827882731,
          0.9685281652274215,
          0.9687724971343229,
          0.9671227116319377,
          0.9749950946554349,
          0.9702226340407124,
          0.9684926581505927,
          0.9694440211364911,
          0.9687683934662703,
          0.9695669095176886,
          0.0,
          0.9689064110917376,
          0.968019252191358,
          0.9682289256937684,
          0.9702531490466187,
          1.3180272962685213,
          0.9695007777017781,
          1.3473906129471143,
          0.9684362891181173,
          0.9767873630889471,
          0.9817280454577063,
          0.9677336067713336,
          0.9693148606228116,
          0.9742793295558468,
          0.9687631013700115,
          0.9759385430913462,
          0.9695354399248455,
          1.1746995921617345,
          0.998552275354182,
          0.9688032151103859,
          0.9688064338924962,
          0.96886766325779,
          0.9755523804744447,
          0.972590711105922,
          0.9717811802995294,
          0.9602888151754294,
          0.96963386074199,
          0.9689638654505958,
          0.9689815471278455,
          0.9691951124103619
        ],
        [
          0.9680397540147251,
          0.9761048205827796,
          0.9679287361500574,
          0.9712534498777841,
          0.9680817937571452,
          0.9677914695559136,
          0.9678300252362031,
          0.9679961626967032,
          0.9667631253690353,
          0.9708824597830633,
          0.9688575843094691,
          0.9677942875304464,
          0.9708455014754032,
          0.9679979335400206,
          0.9688167817738199,
          0.9689064110917376,
          0.0,
          0.9672348070407741,
          0.9674564559095953,
          0.9690418908764357,
          0.9689790173379802,
          0.9686900665747955,
          1.0818892762008387,
          3.2490719187060324,
          1.136408447796924,
          0.9810389552306928,
          0.9672066059720832,
          1.4094681619055394,
          0.9735599339712541,
          0.9680005389741829,
          0.9708107730809491,
          0.9952127591820232,
          1.0309959667729087,
          1.0100213915629979,
          0.9680069923859744,
          0.9681368671656078,
          0.9680905041911438,
          0.9751744723006567,
          1.5704325313336143,
          0.9698595868672703,
          0.9590802114891508,
          0.9689061688793017,
          0.9682026082147418,
          0.9703232923924118,
          0.9694717654900189
        ],
        [
          0.9672704969033503,
          0.9757634190466382,
          3.6867870503006985,
          0.9702668824799405,
          0.9672819607818489,
          0.9670573958414946,
          0.9671003590245006,
          0.9671788321984514,
          0.9663946881216249,
          0.9692401487838148,
          0.967900151357598,
          0.9670606107659999,
          0.96749263962296,
          2.1778987808771837,
          0.968108249054793,
          0.968019252191358,
          0.9672348070407741,
          0.0,
          0.9666519615830244,
          0.9684076300334903,
          0.967958057602103,
          0.9678918781534014,
          0.9708807840548144,
          1.4511923283498331,
          0.9701415130965649,
          0.9814751737189435,
          0.9666502762232129,
          0.9676346089188868,
          0.9733026454399507,
          1.2251179515002497,
          0.9695052516506629,
          0.9678129194952789,
          0.9728301231521121,
          0.9919723471541122,
          0.967402196872842,
          0.9684381662145197,
          0.967847289519674,
          0.9755153273402778,
          0.9686522923213483,
          0.968761785033562,
          0.9570802300680903,
          0.9682477120496864,
          0.9674285063695943,
          0.9673249724652921,
          0.9675622597783722
        ],
        [
          0.9675218205339051,
          0.9754024262736888,
          1.4495067380372297,
          0.9703180629887782,
          1.3399297669766508,
          0.9673036561466498,
          0.9673432205881186,
          1.9386776860548702,
          0.9665234953388887,
          0.969401278679281,
          0.9681406845204964,
          0.9673065803570691,
          0.9677414027099,
          0.967484853581428,
          0.9682876040479904,
          0.9682289256937684,
          0.9674564559095953,
          0.9666519615830244,
          0.0,
          1.2708540003659212,
          0.9681957095477365,
          0.9681022814482134,
          0.970876500819124,
          0.967013425199868,
          0.9701590890572654,
          0.9806304479015798,
          0.9668425201004311,
          0.9678131938966643,
          0.9730764005548684,
          0.9674893068677455,
          0.969621048570987,
          0.9680012084700671,
          0.9727663270345961,
          0.9904193540487498,
          1.3227053490906764,
          0.9675103676666341,
          1.3101913391471172,
          0.9743215826423108,
          0.9687954553297444,
          0.9690422566322947,
          0.9581946850625921,
          0.9683488439200036,
          0.9676685475957303,
          0.9675827932944486,
          0.9678052467747931
        ],
        [
          1.0222547274891562,
          0.9775540710332967,
          2.2827160714745305,
          0.974127279597528,
          0.9689909582964743,
          0.9686570198154317,
          0.9686954974806162,
          0.9689329333205364,
          0.9681112241192592,
          0.987386755789647,
          0.9788203689328228,
          0.9686597553103222,
          0.9701692600303866,
          0.9689889417163344,
          0.9696774265367731,
          0.9702531490466187,
          0.9690418908764357,
          0.9684076300334903,
          1.2708540003659212,
          0.0,
          0.9775928655221271,
          0.9695748238798173,
          1.2187830424546047,
          0.9692140733004404,
          0.9841564683883113,
          0.9821381715137625,
          0.9683583354080145,
          0.9694204587194997,
          0.9745112262512282,
          0.9689244637392433,
          0.9772542808565432,
          0.96972130933673,
          1.0344564760262969,
          1.0038973474520736,
          1.8268239512371505,
          0.970892929704438,
          0.9690456062325927,
          0.9763181450709542,
          0.9772734659013727,
          1.0581502147384483,
          1.1624595808075608,
          0.969784436630519,
          0.9690502763969372,
          0.9691406767241212,
          0.9693278259970993
        ],
        [
          0.9706775359611616,
          0.9788437692509514,
          0.9682144191070263,
          0.9878333961928765,
          0.9688055847966544,
          0.9684752110419445,
          0.9685141632234265,
          0.9687271250801387,
          0.9673522905919508,
          0.9897163915694505,
          1.0765033977912832,
          0.9684780489715968,
          0.9703624103297503,
          0.9687240109844576,
          0.9695375323189939,
          1.3180272962685213,
          0.9689790173379802,
          0.967958057602103,
          0.9681957095477365,
          0.9775928655221271,
          0.0,
          0.9696256152308402,
          1.1706200186762548,
          0.9684779855735598,
          0.9866900673507079,
          0.9818778524033042,
          0.9678224126929529,
          0.9693416490589165,
          0.9743151528182272,
          0.9687186866985085,
          0.9798226380076313,
          0.9697583883815138,
          1.5350326303845503,
          1.0060812624157367,
          0.9688055817539298,
          0.9687619287927424,
          0.9688235227562808,
          0.9758580172507179,
          0.9791327494862416,
          0.9916293397072133,
          0.9678855703564526,
          0.9696102741409927,
          0.968932458128799,
          0.9690823977940565,
          0.9692424184490146
        ],
        [
          0.9685471931017233,
          0.9767500329757908,
          0.9683531460032115,
          0.9716733179961233,
          0.968725442957086,
          0.968373021836725,
          0.968411316736713,
          0.9686468760164206,
          0.9670307984658449,
          0.9719413483057924,
          0.9694940427854513,
          0.9683757984018294,
          0.9689548269032559,
          0.9686456362709999,
          0.9708273334315306,
          0.9695007777017781,
          0.9686900665747955,
          0.9678918781534014,
          0.9681022814482134,
          0.9695748238798173,
          0.9696256152308402,
          0.0,
          0.9721798678818961,
          0.9692279126637441,
          0.9715809964840966,
          0.9830617593598211,
          0.9676314077814503,
          0.9690631295353929,
          0.9752929375137236,
          0.9686403689929193,
          0.9708691027323674,
          1.1905649281185853,
          1.1891224614377824,
          0.9919439817805429,
          0.9686692126363681,
          0.9686832907090425,
          0.9687429574745694,
          1.169028801078673,
          0.9701291226414356,
          0.9702190248735381,
          0.9596025977938564,
          0.9719713542369407,
          0.9689834438924205,
          0.9687869583765992,
          0.9692627484589953
        ],
        [
          1.2542846134648222,
          0.9941879733253569,
          0.9709489544524611,
          1.1350791935149342,
          0.9713330259958435,
          0.9707919252977657,
          0.9708250980901844,
          0.9712927926760972,
          0.9686758220775709,
          1.0529088903551045,
          0.999675095328023,
          0.9707941869678458,
          0.9892638625816036,
          0.9712752071204218,
          0.9719856027678355,
          1.3473906129471143,
          1.0818892762008387,
          0.9708807840548144,
          0.970876500819124,
          1.2187830424546047,
          1.1706200186762548,
          0.9721798678818961,
          0.0,
          1.0663756262240456,
          1.1983393566305598,
          0.9833724152611092,
          0.9703467618953625,
          1.1742921544275082,
          0.9763719280425891,
          0.9712359600369114,
          1.0274250302086794,
          0.9935360363891884,
          1.624700216112219,
          1.0724863513722216,
          0.9715635774535086,
          0.9713835788443147,
          0.9713861365865343,
          0.9780021357952874,
          1.0782524758180616,
          1.1217767087503634,
          1.462826510709408,
          0.9721171258132706,
          0.9715067088689124,
          0.9813965602783896,
          0.9768377181996765
        ],
        [
          0.9676077873915859,
          0.9760609114106009,
          1.8508474775177972,
          0.9708663922257389,
          0.9675909735386695,
          0.9673416149865071,
          0.9673833504356478,
          0.9674948030941757,
          0.9665416622066538,
          0.9704298653586616,
          0.9683767638547608,
          0.9673447342252512,
          0.9701054641734626,
          0.9678020752647377,
          0.9688887622491427,
          0.9684362891181173,
          3.2490719187060324,
          1.4511923283498331,
          0.967013425199868,
          0.9692140733004404,
          0.9684779855735598,
          0.9692279126637441,
          1.0663756262240456,
          0.0,
          1.0810356493048345,
          0.9821007430726352,
          0.9668675202844915,
          1.249082189066117,
          0.9745528951093698,
          0.9676472523502082,
          0.9703191629401285,
          1.4856765746880198,
          1.0196654765483701,
          1.0059376628150216,
          0.967680221110415,
          1.2573165180920876,
          0.9676832763182699,
          1.1196469903606532,
          1.2636346208112075,
          0.9694053292643726,
          0.9578603765819202,
          0.9731145626569572,
          0.9679641332434736,
          0.9696364819668981,
          0.9689813935395742
        ],
        [
          0.9735688601473654,
          0.9844618236503304,
          0.9702064569126225,
          0.9987662185853128,
          0.9707069213155313,
          0.9702285688643759,
          0.9702645303438127,
          0.9706559515970524,
          0.9684262006278188,
          1.0691295055086674,
          0.9866480125504541,
          0.9702311443934796,
          1.3385719773974079,
          0.9706404754142264,
          0.9713805546943258,
          0.9767873630889471,
          1.136408447796924,
          0.9701415130965649,
          0.9701590890572654,
          0.9841564683883113,
          0.9866900673507079,
          0.9715809964840966,
          1.1983393566305598,
          1.0810356493048345,
          0.0,
          0.983075063479578,
          0.9692225777998883,
          1.1216141243767874,
          0.9758848799992357,
          0.9706119276414089,
          1.0302653368421257,
          1.1026013111068151,
          1.4052593179126225,
          1.5315005702555153,
          0.9708215943608751,
          0.9707436736698379,
          0.9707504562017173,
          0.9778792890133325,
          1.2135808873553808,
          1.006856139500894,
          0.9755414418363799,
          0.9716893207754755,
          0.970961351695337,
          1.3884263349128168,
          1.4675819266869057
        ],
        [
          0.9794880529379415,
          0.9890720373992814,
          0.9812089197640212,
          0.9837928862331561,
          0.9811223202148307,
          0.9796056301829859,
          0.9796364018399348,
          0.9811902761720646,
          0.9724262789692892,
          0.9853086659555997,
          0.9815609411975503,
          0.9796077506612154,
          0.9811464644559481,
          0.9811435352497289,
          1.0230697317985415,
          0.9817280454577063,
          0.9810389552306928,
          0.9814751737189435,
          0.9806304479015798,
          0.9821381715137625,
          0.9818778524033042,
          0.9830617593598211,
          0.9833724152611092,
          0.9821007430726352,
          0.983075063479578,
          0.0,
          0.9759597308762022,
          0.9814822688498577,
          1.0930193001469795,
          0.9809609974655888,
          0.9828431033127724,
          0.9826430807212898,
          0.9876202922202315,
          1.0130439241730613,
          0.9814647133893355,
          0.9813267794298732,
          0.9813159048303276,
          1.3898004760898661,
          0.9825189443104712,
          0.9821916986925552,
          0.9735399655821841,
          0.9967373669054003,
          0.9815567151692345,
          0.9810516629669634,
          0.9828231711361445
        ],
        [
          0.9675556104902665,
          0.9725619880179789,
          0.9668644634263979,
          0.9691883477725636,
          0.9672608081292166,
          0.9670982821825533,
          0.9671247491228271,
          0.9672006689142683,
          0.9666157754284728,
          0.9687723570648749,
          0.9678063625482993,
          0.9671008824158378,
          0.9674171847959244,
          0.96720305899983,
          0.9677515589224447,
          0.9677336067713336,
          0.9672066059720832,
          0.9666502762232129,
          0.9668425201004311,
          0.9683583354080145,
          0.9678224126929529,
          0.9676314077814503,
          0.9703467618953625,
          0.9668675202844915,
          0.9692225777998883,
          0.9759597308762022,
          0.0,
          0.9674437325482113,
          0.970934081810437,
          0.967207653026039,
          0.9687845646410744,
          0.967566456753464,
          0.9713378081464497,
          0.9827072017480606,
          0.9672041530048029,
          0.9672197267379653,
          0.9672636697610233,
          0.9716831770810651,
          0.9682490519061514,
          0.9689272555206081,
          3.859774728704226,
          0.9677820882912661,
          0.9673403322495716,
          0.9672897374188608,
          0.9674381834036717
        ],
        [
          0.9683928084934427,
          0.9765614481893239,
          0.9679544252266887,
          0.9715798899132533,
          0.9684495170085566,
          0.9681220703165339,
          0.9681612070211177,
          0.9683666533101805,
          0.966909941459186,
          0.9708422783182664,
          0.9691798249890887,
          0.9681249165472612,
          0.9702359507853994,
          0.9683650794130779,
          0.9691796893800463,
          0.9693148606228116,
          1.4094681619055394,
          0.9676346089188868,
          0.9678131938966643,
          0.9694204587194997,
          0.9693416490589165,
          0.9690631295353929,
          1.1742921544275082,
          1.249082189066117,
          1.1216141243767874,
          0.9814822688498577,
          0.9674437325482113,
          0.0,
          0.9739547283753104,
          0.96836501649246,
          0.9709264626130767,
          0.9894147780354947,
          1.026494727482205,
          1.0085998075120808,
          0.968381704599216,
