{
  "generated_by": {
    "program": "augur",
    "version": "13.1.0"
  },
  "models": {
    "continent": {
      "alphabet": [
        "Africa",
        "Asia",
        "Europe",
        "North America",
        "Oceania",
        "South America",
        "?"
      ],
      "equilibrium_probabilities": [
        0.1193088063032951,
        0.1773931545238163,
        0.19133533492660634,
        0.18841053964937907,
        0.1515574576933618,
        0.17199470690354138
      ],
      "rate": 10.601079524760063,
      "transition_matrix": [
        [
          0.0,
          2.282167772801906,
          4.776185586145579,
          0.5584863177369168,
          0.7534259654302794,
          0.713657903967549
        ],
        [
          2.282167772801906,
          0.0,
          2.065587375673953,
          0.8880611283881924,
          0.6527425624254005,
          0.9307085273479457
        ],
        [
          4.776185586145579,
          2.065587375673953,
          0.0,
          0.5464282245132133,
          0.7019018102886551,
          0.7838325127969161
        ],
        [
          0.5584863177369168,
          0.8880611283881924,
          0.5464282245132133,
          0.0,
          0.5857419075704581,
          1.7743614175066793
        ],
        [
          0.7534259654302794,
          0.6527425624254005,
          0.7019018102886551,
          0.5857419075704581,
          0.0,
          0.6152150952956316
        ],
        [
          0.713657903967549,
          0.9307085273479457,
          0.7838325127969161,
          1.7743614175066793,
          0.6152150952956316,
          0.0
        ]
      ]
    },
    "country": {
      "alphabet": [
        "Argentina",
        "Australia",
        "Austria",
        "Azerbaijan",
        "Belgium",
        "Brazil",
        "British Virgin Islands",
        "Bulgaria",
        "Canada",
        "Central African Republic",
        "China",
        "Colombia",
        "Cyprus",
        "Czech Republic",
        "Democratic Republic of the Congo",
        "Egypt",
        "France",
        "Germany",
        "Greece",
        "Hungary",
        "India",
        "Iran",
        "Israel",
        "Italy",
        "Kenya",
        "Madagascar",
        "Mexico",
        "Morocco",
        "Namibia",
        "Netherlands",
        "Niger",
        "Nigeria",
        "Portugal",
        "Romania",
        "Russia",
        "Senegal",
        "Serbia",
        "Slovakia",
        "Slovenia",
        "South Africa",
        "Spain",
        "Tunisia",
        "Turkey",
        "USA",
        "Uganda",
        "Ukraine",
        "United Arab Emirates",
        "Zambia",
        "?"
      ],
      "equilibrium_probabilities": [
        0.019823810648212085,
        0.021929713592247633,
        0.019095989084973272,
        0.020986325290531776,
        0.021273434749933273,
        0.01947639808291843,
        0.020181549752053135,
        0.0215328800765756,
        0.012754794100554039,
        0.020943257849323785,
        0.020916753776356625,
        0.02019394252153489,
        0.02147576120698995,
        0.021490845401975864,
        0.020989622375524708,
        0.020871959724516966,
        0.02037464836312404,
        0.021929264512217998,
        0.02191722832277646,
        0.021150592010477566,
        0.021778794117492478,
        0.020694690113328695,
        0.020289320284977312,
        0.0219719497202431,
        0.020128964726085337,
        0.021583452206418708,
        0.017690620441138272,
        0.020706976948482572,
        0.021008388565316474,
        0.02114808410888134,
        0.020932822224725065,
        0.02070387128672284,
        0.021053215281331205,
        0.02018154270267044,
        0.02118074233536228,
        0.023849783818618603,
        0.02189454310741204,
        0.02166848493703866,
        0.02143481348775585,
        0.021406245425766312,
        0.02053598049966504,
        0.021042204605965332,
        0.021353795122563995,
        0.022128420316260316,
        0.02086365630659519,
        0.020749910067179928,
        0.02133428125302333,
        0.02137567454616124
      ],
      "rate": 55.73630111147559,
      "transition_matrix": [
        [
          0.0,
          0.9750938076855873,
          0.9753992755898033,
          0.9702137517446087,
          0.967377062650437,
          0.9669808091812232,
          0.9671607650162679,
          0.9674133621464546,
          0.966040378098565,
          0.9751495473212862,
          0.9704313979766322,
          0.9671225171365876,
          0.9713034515629283,
          0.9673462642990813,
          0.9678599423086723,
          0.9683296980571715,
          0.9671086404385578,
          0.966571134054785,
          0.9671107633243101,
          1.4646223085944368,
          0.9824195903466466,
          0.9673756838511054,
          1.4697450326158552,
          0.9676514671136633,
          0.9707900692729183,
          0.9778386409509443,
          0.9666579527616272,
          0.9675303459425791,
          0.9686639568534897,
          0.9672659187001823,
          0.9678850587887154,
          0.9722343937334982,
          0.967556735567328,
          0.9684358996802169,
          1.2926536074135315,
          0.9892225092865038,
          0.9673928404140373,
          0.9673887947050166,
          0.9673249093154209,
          0.9753839731111182,
          0.9703069518754729,
          1.1502114242327708,
          0.9681425461795755,
          1.4598388886687912,
          0.9679037567227354,
          0.9674264013353306,
          0.9675204386646662,
          0.9674996496714
        ],
        [
          0.9750938076855873,
          0.0,
          0.9821811642336601,
          0.9840914802566048,
          0.973629636364657,
          0.9727054747752572,
          0.9730892254365364,
          0.9737371906005157,
          0.9698500425738156,
          0.9769857824914074,
          0.9746745155214087,
          0.973051253096229,
          0.9779405070107755,
          0.9736608157952718,
          0.9740241238003341,
          0.976912402534512,
          0.9731948676880842,
          0.9729121707923089,
          0.9733542810471764,
          0.9742243337003685,
          0.9934700159347718,
          0.9739782618970256,
          0.9831265043466658,
          0.9731257446743896,
          0.9755253945961606,
          0.9851286817556949,
          0.9718750192625534,
          0.9737365092429368,
          0.9748610474155662,
          0.9734601998558214,
          0.9739922502635877,
          0.9793032140218028,
          0.9743794220382119,
          0.9755252675127681,
          1.1001379043327386,
          0.9994673030697808,
          0.9736973265811064,
          0.9737609260151538,
          0.9736226801163922,
          0.982428061883131,
          0.9752136928385146,
          0.9756560083774732,
          0.9740921167753784,
          0.9680161298703128,
          0.9739865317987025,
          0.9734037064059318,
          0.9738140248759217,
          0.9737754098160243
        ],
        [
          0.9753992755898033,
          0.9821811642336601,
          0.0,
          0.9763487500564194,
          0.9752853471120376,
          0.9740270874043608,
          0.9744395054796923,
          0.9754468605887315,
          0.9707959421188691,
          0.9758636077968289,
          0.9753577762777501,
          0.9744085638722297,
          0.9788607377283921,
          2.7653941931429866,
          0.9753289889210425,
          0.9757084045748031,
          0.9745905737515645,
          4.455808170730327,
          1.0780195994851298,
          1.220112518860365,
          0.9844171922923972,
          0.9749450897625282,
          0.9763828589791214,
          1.9375956158073504,
          0.9753332925287111,
          0.9850300076119974,
          0.9731035528763297,
          0.9750354407949691,
          0.9760579804942989,
          1.4560973502640098,
          0.9752529211672757,
          0.9760947422171691,
          0.9752293145195299,
          0.9756042268788483,
          1.022989263307161,
          0.9948457361214755,
          2.2996977355683206,
          2.408088587306521,
          1.45338960839023,
          0.9827599941180037,
          0.97527774578778,
          0.9760472370583605,
          0.9752642402387244,
          0.9702573710738592,
          0.97525381496901,
          0.9746956692938629,
          0.97521557215273,
          0.9751593901103056
        ],
        [
          0.9702137517446087,
          0.9840914802566048,
          0.9763487500564194,
          0.0,
          0.9679658697579845,
          0.9674879590297647,
          0.9677041921670151,
          0.9679942601011486,
          0.9661809646035481,
          0.9737355888882879,
          0.9683415032257721,
          0.9676637713533158,
          0.9720732074165719,
          0.9679379006509445,
          0.968459901438809,
          0.9841332934067196,
          0.9676918968555085,
          0.9671303661271051,
          0.9675310135189462,
          0.9686706936595142,
          0.9814221305980574,
          0.967905991683002,
          1.0207011208205938,
          0.9682196427312184,
          0.9714216079778883,
          0.9788532640672719,
          0.9670792124381992,
          0.9680625240521782,
          0.9692927208959042,
          0.9678461543357298,
          0.9685138862135062,
          0.9797968832383426,
          0.9705676710064829,
          0.9688464388485648,
          1.4386876328839362,
          0.9953419509761546,
          0.9677430384710836,
          0.9679855426957711,
          0.9679145279162238,
          0.9761557084309015,
          0.9703438477226664,
          0.9703633087036491,
          0.9684880932546756,
          0.9622424886364067,
          0.9684984770476432,
          0.9680296409097101,
          0.9681259273242464,
          0.9681044982023423
        ],
        [
          0.967377062650437,
          0.973629636364657,
          0.9752853471120376,
          0.9679658697579845,
          0.0,
          0.9666544742842054,
          0.9668456539763395,
          0.967222115701286,
          0.9655920915188327,
          0.9675466695280306,
          0.9669749887742056,
          0.966804023504631,
          0.9712705165229101,
          0.9670279483690988,
          0.9675992988327478,
          0.9673886688414431,
          0.966764314005128,
          0.9661871879929717,
          1.2449396704430327,
          0.9675017854955971,
          0.9761688079601611,
          0.9668980078026659,
          0.967967302969139,
          0.9647393339463863,
          0.9673784044796491,
          0.9783234036945326,
          0.9663112940212986,
          0.9669738004859841,
          0.968471222980258,
          0.9669508790635855,
          0.9676325799971213,
          0.9679475434019084,
          0.967047756233115,
          0.9669722962835233,
          0.9826200026374033,
          0.9860910017086367,
          1.2319401760111017,
          1.06541652744197,
          0.9671635690476648,
          0.9754616885240502,
          0.9668809017037842,
          0.9675957602202362,
          0.9671338862464302,
          0.961070809996149,
          0.9676405935265583,
          0.9671417671280726,
          0.9671901034043814,
          0.9671761773001109
        ],
        [
          0.9669808091812232,
          0.9727054747752572,
          0.9740270874043608,
          0.9674879590297647,
          0.9666544742842054,
          0.0,
          0.9664685798397024,
          0.9666668011154915,
          0.965467075785617,
          0.9671033595379762,
          0.9665762974984089,
          0.966430743481187,
          0.9705209461592923,
          0.9666179914752174,
          0.9671488592027596,
          0.9669570088047211,
          0.9663853468043665,
          0.9658409213617911,
          0.9662157714212178,
          0.9668630732273201,
          0.9750440402033862,
          0.9665071507115583,
          0.9675084113176043,
          0.9645228449574066,
          0.9669543558451895,
          0.9770182766589722,
          0.9669204297884401,
          0.9665754685676181,
          0.9679523644034322,
          0.9665505770041217,
          0.9671824635630215,
          0.967474334131926,
          0.966641246790679,
          0.9665802272827487,
          0.980984777913063,
          0.9841618605188542,
          0.9663921058441343,
          0.9666538309711757,
          0.9665975257984265,
          0.9743810016809021,
          0.9664937749576685,
          0.9671578742562925,
          0.9667178073410815,
          1.9208028911403117,
          0.967187367184316,
          0.966731278722739,
          0.9667691488077558,
          0.9667564183529984
        ],
        [
          0.9671607650162679,
          0.9730892254365364,
          0.9744395054796923,
          0.9677041921670151,
          0.9668456539763395,
          0.9664685798397024,
          0.0,
          0.9668595777411135,
          0.9680899780336674,
          0.9673065078633261,
          0.9667626116291873,
          0.9666048302253107,
          0.9708406611803249,
          0.9668089508904775,
          0.9673546316302983,
          0.9671555815286911,
          0.9665625911581124,
          0.9660055107809452,
          0.9663939334699004,
          0.9670531173748619,
          0.9755037009299683,
          0.9666900594853777,
          0.9677143981989557,
          0.9646380902174834,
          0.9671492996534503,
          0.9775467481192606,
          0.9661565753619974,
          0.9667608365184717,
          0.9681838691880654,
          0.9667375382113872,
          0.9673881188972772,
          0.967688598286502,
          0.9668304236622525,
          0.96676275842282,
          0.9816257913701962,
          0.9849242195107162,
          0.9665762976433702,
          0.9668467614692968,
          0.966787543978371,
          0.9748239703081929,
          0.9666745881952084,
          0.9673577585469024,
          0.9669110949405081,
          1.4392687505603454,
          0.9673942814146701,
          0.9669218906392638,
          0.9669641709494278,
          0.9669511585877885
        ],
        [
          0.9674133621464546,
          0.9737371906005157,
          0.9754468605887315,
          0.9679942601011486,
          0.967222115701286,
          0.9666668011154915,
          0.9668595777411135,
          0.0,
          0.9655984163350492,
          0.9675695810055978,
          0.9669898151297589,
          0.9668174330764517,
          0.9713439919232946,
          0.967042887547083,
          0.9676226606369961,
          0.9674091339706032,
          0.9667772183990406,
          0.9661905839927104,
          1.443169229579667,
          0.9859970537819432,
          0.9763112421376302,
          0.9669119816837703,
          0.9679969917550468,
          0.9647270565045519,
          0.9673993640392315,
          0.9784953382907463,
          0.9663212730020553,
          0.9669889688010905,
          0.9685070590034015,
          0.9669651546234266,
          0.9676563228942258,
          0.9679758229904435,
          0.9670634622007942,
          0.9669878455827131,
          0.982870499771382,
          0.9863715904243057,
          1.6395422457474653,
          0.9672077410005967,
          0.9670575861094275,
          0.9756015067993252,
          0.9668953859314803,
          0.9676267611365447,
          0.9671504615995377,
          0.9610144737387553,
          0.9676650209073742,
          0.9671588313014748,
          0.9672074686093272,
          0.9671932434240239
        ],
        [
          0.966040378098565,
          0.9698500425738156,
          0.9707959421188691,
          0.9661809646035481,
          0.9655920915188327,
          0.965467075785617,
          0.9680899780336674,
          0.9655984163350492,
          0.0,
          0.9659191107529375,
          0.9655480904982879,
          0.9655000747727512,
          0.9682548804094512,
          0.9655652258608506,
          0.9659391996771307,
          0.9658116557230803,
          0.9654228646792382,
          0.9650534144596191,
          0.9652996350034023,
          0.9658264148081571,
          0.9714634620102129,
          0.9655032421745098,
          0.9662915075715939,
          0.9642061679137665,
          0.9658190058199744,
          0.9727834368769289,
          0.9653678791823725,
          0.9655483294483571,
          0.9665012776435918,
          0.9655235352777098,
          0.965971864506223,
          0.9661766085065858,
          0.9655903628259073,
          0.9655620197226595,
          0.9757178438846124,
          0.9777979500173033,
          0.9654178862529392,
          0.965588811694788,
          0.965551623947099,
          0.9709564387369587,
          0.9655046928145972,
          0.9660221562996025,
          0.965638700690916,
          11.086428589380397,
          0.9659632465245168,
          0.965656537468213,
          0.9656729182019119,
          0.9656642965922776
        ],
        [
          0.9751495473212862,
          0.9769857824914074,
          0.9758636077968289,
          0.9737355888882879,
          0.9675466695280306,
          0.9671033595379762,
          0.9673065078633261,
          0.9675695810055978,
          0.9659191107529375,
          0.0,
          0.9694471123677479,
          0.9672658746593521,
          0.9728422295599191,
          0.9675151399397777,
          0.9682027368471389,
          0.9692443541082087,
          0.96728657437864,
          0.9667023375999935,
          0.9671041652472415,
          0.9697586083631929,
          0.9810524912126185,
          0.967560215056327,
          0.974238830251548,
          0.9710362971991621,
          0.9755724441248838,
          0.9803442131773168,
          0.9667276787040564,
          0.9678827876930892,
          0.9693541532406265,
          0.9674307912344615,
          0.9680881796551207,
          0.978797135557087,
          0.9678263940558541,
          0.9697309354214864,
          1.4294212123965124,
          0.995636142250948,
          0.9673160711150339,
          0.9675586422089276,
          0.9674924958004266,
          1.4614391436534644,
          0.9753595647450413,
          0.9756047486924259,
          1.4390094253700008,
          0.9618830566904262,
          0.9683224873043017,
          0.9676725603717724,
          0.9677259501034189,
          0.9677671120233587
        ],
        [
          0.9704313979766322,
          0.9746745155214087,
          0.9753577762777501,
          0.9683415032257721,
          0.9669749887742056,
          0.9665762974984089,
          0.9667626116291873,
          0.9669898151297589,
          0.9655480904982879,
          0.9694471123677479,
          0.0,
          0.966721662163344,
          0.9710415668370582,
          0.9669382908358874,
          0.9674877821743125,
          0.9674954994437446,
          0.966690707489572,
          0.9661078877826366,
          0.9665111457997232,
          0.968054147111553,
          0.9902404525409984,
          0.9668746653054038,
          0.9685533135128239,
          0.9653395487156735,
          0.9681120730153259,
          0.9778098088272558,
          0.9662431071559094,
          0.9669503324756767,
          0.9683226129552788,
          0.9668638451683745,
          0.9675214216067172,
          0.9689730812097166,
          0.9670337748985893,
          0.9671450772192458,
          1.467031387130893,
          0.9865142808032559,
          0.9667033809531955,
          0.9669765735050074,
          0.9669163368226905,
          0.9750639610745917,
          0.9675166887559311,
          0.970674927719307,
          0.9672606375591791,
          0.9611557530617415,
          0.9675301440501433,
          0.9670480511464034,
          0.9671084296883548,
          0.9670922943808341
        ],
        [
          0.9671225171365876,
          0.973051253096229,
          0.9744085638722297,
          0.9676637713533158,
          0.966804023504631,
          0.966430743481187,
          0.9666048302253107,
          0.9668174330764517,
          0.9655000747727512,
          0.9672658746593521,
          0.966721662163344,
          0.0,
          0.9708014273022025,
          0.9667668603701424,
          0.967313954060785,
          0.9671149979993545,
          0.9665226406830121,
          0.9659621108378212,
          0.9663507512749222,
          0.9670118999046936,
          0.9754679334083208,
          0.9666495250107866,
          0.9676769521548629,
          0.964593929104831,
          0.967110177431957,
          0.9775125449486801,
          0.9661226565046843,
          0.9667203195270886,
          0.9681437719941477,
          0.9666961016391995,
          0.9673476297802963,
          0.9676487093626934,
          0.9667892498103652,
          0.9667233251439655,
          0.981595438482447,
          0.9848914938632745,
          0.9665332820833654,
          0.9668043352970407,
          0.9667455527988306,
          0.974787901835135,
          0.9666343921004658,
          0.9673169458053812,
          0.9668693558779369,
          1.4413943050925409,
          0.9673538484144805,
          0.9668813911931059,
          0.9669225041774228,
          0.9669094020548069
        ],
        [
          0.9713034515629283,
          0.9779405070107755,
          0.9788607377283921,
          0.9720732074165719,
          0.9712705165229101,
          0.9705209461592923,
          0.9708406611803249,
          0.9713439919232946,
          0.9682548804094512,
          0.9728422295599191,
          0.9710415668370582,
          0.9708014273022025,
          0.0,
          0.9712656325098095,
          0.9769032355341117,
          0.97146835607832,
          0.9708460957980254,
          0.9704755032372757,
          0.9709306304885765,
          0.9726441407631109,
          0.9806040640379623,
          0.9721843743874289,
          0.9724276596002915,
          0.9726830857268804,
          1.400011023324779,
          1.0172172057424704,
          0.969852586842925,
          0.9715414708213171,
          1.0080763662834897,
          0.9711197845662606,
          0.9716884127125586,
          0.9719812431483205,
          0.9711927760288007,
          0.9711549688911362,
          0.9990109116242777,
          1.0024961061160387,
          0.9711933215640481,
          0.971346010091629,
          0.971240060645607,
          1.3448928724463103,
          0.9710141984790249,
          0.9717253424112215,
          0.9713497467300535,
          0.9654421663137839,
          0.9753984889174898,
          0.9715730722127379,
          1.0575831544422003,
          0.9778473603443212
        ],
        [
          0.9673462642990813,
          0.9736608157952718,
          2.7653941931429866,
          0.9679379006509445,
          0.9670279483690988,
          0.9666179914752174,
          0.9668089508904775,
          0.967042887547083,
          0.9655652258608506,
          0.9675151399397777,
          0.9669382908358874,
          0.9667668603701424,
          0.9712656325098095,
          0.0,
          0.9675664757527258,
          0.9673554180049215,
          0.9667266382668847,
          1.258993444504029,
          0.9665900500367192,
          0.9673413643388175,
          0.9762162742345675,
          0.9668611586957939,
          0.9679412069611176,
          0.9647380501443269,
          0.9673484527708592,
          0.9783742277700578,
          0.9662767945977742,
          0.9669369236436024,
          0.9684448935731348,
          0.9687556844702083,
          0.9676035208497141,
          0.9679207188165732,
          0.9670105876462464,
          0.9669384823041524,
          0.9845212176634505,
          0.986361057642925,
          0.9674587310603862,
          0.9691143770484395,
          0.9715602759591436,
          0.9754879675888545,
          0.9668446641645997,
          0.9675637642726125,
          0.9670964172162726,
          0.9609701803515353,
          0.96760904303555,
          0.967106580944545,
          0.9671527459669055,
          0.967138778003957
        ],
        [
          0.9678599423086723,
          0.9740241238003341,
          0.9753289889210425,
          0.968459901438809,
          0.9675992988327478,
          0.9671488592027596,
          0.9673546316302983,
          0.9676226606369961,
          0.9659391996771307,
          0.9682027368471389,
          0.9674877821743125,
          0.967313954060785,
          0.9769032355341117,
          0.9675664757527258,
          0.0,
          0.9678943191217952,
          0.9672843973960611,
          0.966739543548793,
          0.9671515795129814,
          0.9683621488668752,
          0.9765810588312976,
          0.9685233711955565,
          0.968449723583011,
          0.9653231286939288,
          0.9678985933112665,
          1.0029764504793708,
          0.966766657814639,
          0.9674947817517574,
          0.9708352346772049,
          0.9674817557384128,
          0.9681323642131497,
          0.9684278648287286,
          0.9675711558282344,
          0.9674792377639583,
          0.9828288807319407,
          0.9866524439293064,
          0.967354574194112,
          0.9676114954290512,
          0.9675440943699825,
          1.472703192407014,
          0.9673888417967607,
          0.9681025767316013,
          0.9676658041107852,
          0.9617174368254634,
          0.9762668694060515,
          0.9680413136881794,
          0.9677344999658981,
          0.9678861527850203
        ],
        [
          0.9683296980571715,
          0.976912402534512,
          0.9757084045748031,
          0.9841332934067196,
          0.9673886688414431,
          0.9669570088047211,
          0.9671555815286911,
          0.9674091339706032,
          0.9658116557230803,
          0.9692443541082087,
          0.9674954994437446,
          0.9671149979993545,
          0.97146835607832,
          0.9673554180049215,
          0.9678943191217952,
          0.0,
          0.9670965260756856,
          0.9665338910229755,
          0.9669360921434004,
          0.9677876322720314,
          1.1341373882716699,
          0.9673331565719833,
          1.021215443551335,
          0.9658879964335356,
          0.9685488811797506,
          0.9782758240211108,
          0.9665923498881568,
          0.9673732262510473,
          0.9687302699102557,
          0.9672739147422141,
          0.9679280895503564,
          0.9710282091132063,
          1.3335961343008869,
          0.967681399436548,
          1.491957280932448,
          0.9882990641839585,
          0.9671337469563623,
          0.9673978509164048,
          0.9673330071668002,
          0.9755334977406543,
          0.9679062096278557,
          0.968537571212202,
          0.9676129585294686,
          0.9615776231201176,
          0.9679323055133401,
          0.9674491791301485,
          0.9675246110450663,
          0.9675072573124515
        ],
        [
          0.9671086404385578,
          0.9731948676880842,
          0.9745905737515645,
          0.9676918968555085,
          0.966764314005128,
          0.9663853468043665,
          0.9665625911581124,
          0.9667772183990406,
          0.9654228646792382,
          0.96728657437864,
          0.966690707489572,
          0.9665226406830121,
          0.9708460957980254,
          0.9667266382668847,
          0.9672843973960611,
          0.9670965260756856,
          0.0,
          0.9659304205725973,
          0.9663053017877629,
          0.9669782790021936,
          0.9756232248176969,
          0.9666131227901416,
          0.9680749283098847,
          2.905320110462761,
          0.9676510108149187,
          0.9776618131856563,
          0.9660713853127587,
          0.9681362035343439,
          0.9681297551673063,
          0.966655565415759,
          0.9673209651934804,
          0.9676838952040618,
          0.9673137410814249,
          0.9667752848711488,
          0.9827214772856634,
          0.9852726202154651,
          0.9664907185284941,
          0.9667641117716885,
          0.9667046198380566,
          0.9748920720722712,
          0.9675583531110437,
          0.9673076562556502,
          0.9668376317402508,
          0.9610188325581351,
          0.9673246285649885,
          0.9668459086116148,
          0.9669034625712138,
          0.9668861572788371
        ],
        [
          0.966571134054785,
          0.9729121707923089,
          4.455808170730327,
          0.9671303661271051,
          0.9661871879929717,
          0.9658409213617911,
          0.9660055107809452,
          0.9661905839927104,
          0.9650534144596191,
          0.9667023375999935,
          0.9661078877826366,
          0.9659621108378212,
          0.9704755032372757,
          1.258993444504029,
          0.966739543548793,
          0.9665338910229755,
          0.9659304205725973,
          0.0,
          0.9658265705181898,
          0.9667759623978672,
          0.9754989247363625,
          0.9660369942179299,
          0.967201965819989,
          1.4457964327908064,
          0.9666300158278132,
          0.9776773451007627,
          0.9655691144637377,
          0.9661590181250596,
          0.9676282958882104,
          0.9685603744676421,
          0.9667810271705027,
          0.9671259380133136,
          0.9661787983745747,
          0.9661565202945971,
          0.9855564759807613,
          0.9858090895219969,
          0.9848957403000144,
          0.9806409262804617,
          0.9664786623297129,
          0.9747507602582213,
          0.9660556769791206,
          0.9667416682891237,
          0.9662493557575175,
          0.9599776332050436,
          0.9667881016386835,
          0.9662825637670959,
          0.966309784740439,
          0.9662929596616909
        ],
        [
          0.9671107633243101,
          0.9733542810471764,
          1.0780195994851298,
          0.9675310135189462,
          1.2449396704430327,
          0.9662157714212178,
          0.9663939334699004,
          1.443169229579667,
          0.9652996350034023,
          0.9671041652472415,
          0.9665111457997232,
          0.9663507512749222,
          0.9709306304885765,
          0.9665900500367192,
          0.9671515795129814,
          0.9669360921434004,
          0.9663053017877629,
          0.9658265705181898,
          0.0,
          1.3212534471524227,
          0.9759839534264497,
          0.966434979157606,
          0.9675556295926139,
          0.96420498586688,
          0.9669476092470667,
          0.9782156155403227,
          0.9659096781699071,
          0.9665122507228364,
          0.9680543333082678,
          0.966488014839138,
          0.9671859607209475,
          0.9675207787151137,
          0.9665792319407559,
          0.9665257275934696,
          0.9830083284518788,
          0.9861912599311174,
          3.251342723956691,
          1.1056377659195953,
          0.9668407464515586,
          0.9753096229971936,
          0.9664250921771025,
          0.9672502653247693,
          0.966660716856302,
          0.9604102239761985,
          0.9672068994312382,
          0.9666847795565469,
          0.9667182230054837,
          0.9667029152216455
        ],
        [
          1.4646223085944368,
          0.9742243337003685,
          1.220112518860365,
          0.9686706936595142,
          0.9675017854955971,
          0.9668630732273201,
          0.9670531173748619,
          0.9859970537819432,
          0.9658264148081571,
          0.9697586083631929,
          0.968054147111553,
          0.9670118999046936,
          0.9726441407631109,
          0.9673413643388175,
          0.9683621488668752,
          0.9677876322720314,
          0.9669782790021936,
          0.9667759623978672,
          1.3212534471524227,
          0.0,
          0.9781617052867158,
          0.9673270809181012,
          0.9745179977470813,
          0.965662826944942,
          0.9684105426615249,
          0.9804944383059969,
          0.9665227750802424,
          0.9672421329086346,
          0.9712487845236907,
          0.967184779284615,
          0.9678238773926445,
          0.9691996898392302,
          0.9673232012292251,
          0.9675451820141597,
          1.0774767260492626,
          0.9874698193232434,
          2.3996677019955164,
          0.9675373966804633,
          0.9672767318494142,
          1.4593279503264818,
          0.9679005834748484,
          1.0189848842559768,
          0.9675312333802819,
          0.972862983817233,
          0.9749019197562752,
          0.967679468089036,
          0.9674063669122994,
          0.9674816602364527
        ],
        [
          0.9824195903466466,
          0.9934700159347718,
          0.9844171922923972,
          0.9814221305980574,
          0.9761688079601611,
          0.9750440402033862,
          0.9755037009299683,
          0.9763112421376302,
          0.9714634620102129,
          0.9810524912126185,
          0.9902404525409984,
          0.9754679334083208,
          0.9806040640379623,
          0.9762162742345675,
          0.9765810588312976,
          1.1341373882716699,
          0.9756232248176969,
          0.9754989247363625,
          0.9759839534264497,
          0.9781617052867158,
          0.0,
          0.975950741261863,
          0.9993686751807667,
          0.9758986168024063,
          0.9779083722481281,
          0.9878344449675315,
          0.9740189507963789,
          0.9760874392855299,
          0.9774650744807118,
          0.975978712009533,
          0.9764316651695957,
          0.979896854398069,
          1.0072780855699166,
          0.976560536406777,
          1.789687862458872,
          0.9999116613504918,
          0.976357934006995,
          0.9763397185535303,
          0.9761810277123344,
          0.9855593046641971,
          0.9776970327550871,
          0.983260225671947,
          0.9767831558911761,
          0.9708299663101513,
          0.9765421711921644,
          0.9758248404008191,
          0.9763669272192246,
          0.9763709848153486
        ],
        [
          0.9673756838511054,
          0.9739782618970256,
          0.9749450897625282,
          0.967905991683002,
          0.9668980078026659,
          0.9665071507115583,
          0.9666900594853777,
          0.9669119816837703,
          0.9655032421745098,
          0.967560215056327,
          0.9668746653054038,
          0.9666495250107866,
          0.9721843743874289,
          0.9668611586957939,
          0.9685233711955565,
          0.9673331565719833,
          0.9666131227901416,
          0.9660369942179299,
          0.966434979157606,
          0.9673270809181012,
          0.975950741261863,
          0.0,
          0.9679209559570218,
          0.9654433762743889,
          0.9673455388468468,
          0.9800305792045296,
          0.9661810810750403,
          0.9668385150471871,
          0.9687982556996689,
          0.9667882174960223,
          0.9674396976291187,
          0.9679302402468566,
          0.9669356540780322,
          1.2628017272253245,
          1.3114744101670088,
          0.9854512259633632,
          0.9666237467161443,
          0.9668987075453332,
          0.9668396207782096,
          1.4458536990839062,
          0.9668085230736765,
          0.9675869665733943,
          0.9670079313689596,
          0.9610732815037503,
          0.9698689913860459,
          0.9671165922195946,
          0.967024653452633,
          0.9670928103152372
        ],
        [
          1.4697450326158552,
          0.9831265043466658,
          0.9763828589791214,
          1.0207011208205938,
          0.967967302969139,
          0.9675084113176043,
          0.9677143981989557,
          0.9679969917550468,
          0.9662915075715939,
          0.974238830251548,
          0.9685533135128239,
          0.9676769521548629,
          0.9724276596002915,
          0.9679412069611176,
          0.968449723583011,
          1.021215443551335,
          0.9680749283098847,
          0.967201965819989,
          0.9675556295926139,
          0.9745179977470813,
          0.9993686751807667,
          0.9679209559570218,
          0.0,
          1.3411326022101728,
          1.0293132872643314,
          0.9786282771113974,
          0.9671204635125177,
          1.035500779979823,
          0.9692669419573221,
          0.9678500446408659,
          0.968499859554784,
          0.9787972760484074,
          0.9809573234110626,
          0.9719897378138173,
          1.5898521732763873,
          0.9957681776810441,
          0.9677655624142409,
          0.9679889735433758,
          0.9679180556223258,
          0.9759946442675984,
          0.972312808576157,
          0.9729682853447175,
          0.9686081390142296,
          1.4619794833066728,
          0.9684848342587418,
          0.9680234725622441,
          0.9685754775144633,
          0.9683991519880043
        ],
        [
          0.9676514671136633,
          0.9731257446743896,
          1.9375956158073504,
          0.9682196427312184,
          0.9647393339463863,
          0.9645228449574066,
          0.9646380902174834,
          0.9647270565045519,
          0.9642061679137665,
          0.9710362971991621,
          0.9653395487156735,
          0.964593929104831,
          0.9726830857268804,
          0.9647380501443269,
          0.9653231286939288,
          0.9658879964335356,
          2.905320110462761,
          1.4457964327908064,
          0.96420498586688,
          0.965662826944942,
          0.9758986168024063,
          0.9654433762743889,
          1.3411326022101728,
          0.0,
          1.2589813180204479,
          0.9764026195644704,
          0.9643756989199468,
          1.8294833241850574,
          0.9662239368758613,
          0.9646435911354907,
          0.9653842893756697,
          0.9706440721444224,
          1.4471723656600493,
          1.4798152401815805,
          1.2797466508793136,
          0.998603374782915,
          0.9646091025736024,
          0.964717844908458,
          0.9646667920511337,
          0.9735064385977764,
          2.426408639305961,
          0.9677074707243929,
          0.9653579777727656,
          0.9586109554243634,
          0.9653831185278265,
          0.9648903030288329,
          0.9685352684467091,
          0.9672612856634148
        ],
        [
          0.9707900692729183,
          0.9755253945961606,
          0.9753332925287111,
          0.9714216079778883,
          0.9673784044796491,
          0.9669543558451895,
          0.9671492996534503,
          0.9673993640392315,
          0.9658190058199744,
          0.9755724441248838,
          0.9681120730153259,
          0.967110177431957,
          1.400011023324779,
          0.9673484527708592,
          0.9678985933112665,
          0.9685488811797506,
          0.9676510108149187,
          0.9666300158278132,
          0.9669476092470667,
          0.9684105426615249,
          0.9779083722481281,
          0.9673455388468468,
          1.0293132872643314,
          1.2589813180204479,
          0.0,
          0.9780622137026191,
          0.9665942365519082,
          1.032525679709501,
          0.9688370521718473,
          0.9672681192793602,
          0.9681493157903509,
          0.9747277446786959,
          0.9676341541731084,
          1.0089137300168163,
          1.432493549840787,
          1.4762457268986018,
          0.9671412692763662,
          0.9673892123719122,
          0.9673266375543303,
          0.9762808871253267,
          0.9852108408193568,
