Map from character to field name
A:	Argentina
B:	Australia
C:	Austria
D:	Azerbaijan
E:	Belgium
F:	Brazil
G:	British Virgin Islands
H:	Bulgaria
I:	Canada
J:	Central African Republic
K:	China
L:	Colombia
M:	Cyprus
N:	Czech Republic
O:	Democratic Republic of the Congo
P:	Egypt
Q:	France
R:	Germany
S:	Greece
T:	Hungary
U:	India
V:	Iran
W:	Israel
X:	Italy
Y:	Kenya
Z:	Madagascar
[:	Mexico
\:	Morocco
]:	Namibia
^:	Netherlands
_:	Nigeria
`:	Romania
a:	Russia
b:	Senegal
c:	Serbia
d:	Slovakia
e:	Slovenia
f:	South Africa
g:	Spain
h:	Tunisia
i:	USA
j:	Uganda
k:	Ukraine
l:	United Arab Emirates
m:	Zambia
n:	?


Substitution rate (mu): 52.192579

Equilibrium frequencies (pi_i):
  A: 0.0199
  B: 0.0239
  C: 0.0208
  D: 0.0227
  E: 0.0228
  F: 0.0205
  G: 0.0205
  H: 0.023
  I: 0.0095
  J: 0.0227
  K: 0.0226
  L: 0.0205
  M: 0.0227
  N: 0.0228
  O: 0.0226
  P: 0.0227
  Q: 0.0225
  R: 0.0246
  S: 0.0228
  T: 0.0229
  U: 0.023
  V: 0.0226
  W: 0.0208
  X: 0.024
  Y: 0.0221
  Z: 0.0232
  [: 0.015
  \: 0.023
  ]: 0.0229
  ^: 0.0226
  _: 0.0223
  `: 0.0223
  a: 0.0234
  b: 0.0255
  c: 0.0234
  d: 0.0231
  e: 0.023
  f: 0.0224
  g: 0.0233
  h: 0.0222
  i: 0.0262
  j: 0.0226
  k: 0.0223
  l: 0.0227
  m: 0.023

Symmetrized rates from j->i (W_ij):
	A	B	C	D	E	F	G	H	I	J	K	L	M	N	O	P	Q	R	S	T	U	V	W	X	Y	Z	[	\	]	^	_	`	a	b	c	d	e	f	g	h	i	j	k	l	m
  A	0	0.9752	0.9676	0.9712	0.968	0.9678	0.9678	0.968	0.9671	0.9739	0.9709	0.9678	0.9685	0.968	0.9687	0.9688	0.968	0.9673	0.9675	1.0223	0.9707	0.9685	1.2543	0.9676	0.9736	0.9795	0.9676	0.9684	0.9729	0.968	0.9715	0.9685	0.9873	0.9912	0.9681	0.968	0.9681	0.9739	0.971	0.9909	1.6812	0.9687	0.9681	0.9681	0.9683
  B	0.9752	0	0.975	0.9901	0.976	0.9749	0.975	0.976	0.9703	0.9826	0.9775	0.9749	0.9766	0.9759	0.9766	0.9793	0.9761	0.9758	0.9754	0.9776	0.9788	0.9768	0.9942	0.9761	0.9845	0.9891	0.9726	0.9766	0.9814	0.9758	0.9834	0.9773	1.0109	1.0106	0.9761	0.976	0.9761	0.9828	0.9798	0.9788	0.9681	0.9768	0.9758	0.9761	0.9765
  C	0.9676	0.975	0	0.9702	0.9677	0.9673	0.9673	0.9675	0.9665	0.9696	0.9682	0.9673	0.9677	2.0966	0.9693	0.9682	0.9679	3.6868	1.4495	2.2827	0.9682	0.9684	0.9709	1.8508	0.9702	0.9812	0.9669	0.968	0.975	1.2683	0.9695	0.9684	0.973	0.9895	1.7206	2.3203	1.451	1.3153	0.9689	0.9693	0.9592	0.9786	0.9682	0.9676	0.9679
  D	0.9712	0.9901	0.9702	0	0.9709	0.9704	0.9704	0.9709	0.9682	0.9931	0.9744	0.9704	0.9729	0.9708	0.9716	1.0121	0.9713	0.9703	0.9703	0.9741	0.9878	0.9717	1.1351	0.9709	0.9988	0.9838	0.9692	0.9716	0.9763	0.9708	0.9968	0.9722	1.2313	1.0268	0.971	0.9709	0.971	0.9778	0.9835	0.9788	0.9646	0.9717	0.9711	0.9713	0.9715
  E	0.968	0.976	0.9677	0.9709	0	0.9679	0.9679	0.9682	0.9668	0.97	0.9687	0.9679	0.9684	0.9681	0.9689	0.9688	0.9681	0.9673	1.3399	0.969	0.9688	0.9687	0.9713	0.9676	0.9707	0.9811	0.9673	0.9684	0.9736	0.9681	0.9702	0.9686	0.9732	0.9908	0.9682	0.9681	1.2833	0.9748	0.9694	0.9695	0.9589	0.969	0.9683	0.9682	0.9684
  F	0.9678	0.9749	0.9673	0.9704	0.9679	0	0.9677	0.9678	0.9667	0.9696	0.9684	0.9676	0.9681	0.9678	0.9685	0.9685	0.9678	0.9671	0.9673	0.9687	0.9685	0.9684	0.9708	0.9673	0.9702	0.9796	0.9671	0.9681	0.9728	0.9678	0.9697	0.9683	0.9726	0.9884	0.9678	0.9678	0.9679	0.9738	0.969	0.9692	1.4387	0.9686	0.968	0.9679	0.9681
  G	0.9678	0.975	0.9673	0.9704	0.9679	0.9677	0	0.9678	0.9667	0.9696	0.9685	0.9677	0.9681	0.9678	0.9686	0.9685	0.9678	0.9671	0.9673	0.9687	0.9685	0.9684	0.9708	0.9674	0.9703	0.9796	0.9671	0.9682	0.9729	0.9678	0.9698	0.9683	0.9726	0.9885	0.9678	0.9679	0.9679	0.9739	0.9691	0.9693	1.4399	0.9686	0.968	0.9679	0.9682
  H	0.968	0.976	0.9675	0.9709	0.9682	0.9678	0.9678	0	0.9667	0.9699	0.9687	0.9678	0.9683	0.968	0.9688	0.9688	0.968	0.9672	1.9387	0.9689	0.9687	0.9686	0.9713	0.9675	0.9707	0.9812	0.9672	0.9684	0.9736	0.968	0.9701	0.9685	0.9732	0.991	0.9681	0.968	0.9682	0.9748	0.9693	0.9694	0.9587	0.9689	0.9682	0.9681	0.9684
  I	0.9671	0.9703	0.9665	0.9682	0.9668	0.9667	0.9667	0.9667	0	0.9682	0.9674	0.9667	0.9669	0.9668	0.9671	0.9671	0.9668	0.9664	0.9665	0.9681	0.9674	0.967	0.9687	0.9665	0.9684	0.9724	0.9666	0.9669	0.9692	0.9668	0.968	0.967	0.9704	0.9771	0.9668	0.9668	0.9668	0.9697	0.9677	0.9689	11.2717	0.9671	0.9668	0.9668	0.9669
  J	0.9739	0.9826	0.9696	0.9931	0.97	0.9696	0.9696	0.9699	0.9682	0	0.9907	0.9696	0.9784	0.9699	0.9724	0.975	0.9709	0.9692	0.9694	0.9874	0.9897	0.9719	1.0529	0.9704	1.0691	0.9853	0.9688	0.9708	0.9771	0.9699	1.0231	0.9725	1.1842	1.0687	0.9701	0.9699	0.97	1.4629	1.0296	1.0171	0.9787	0.9734	0.9704	0.9711	0.971
  K	0.9709	0.9775	0.9682	0.9744	0.9687	0.9684	0.9685	0.9687	0.9674	0.9907	0	0.9684	0.9702	0.9687	0.9695	0.9702	0.9689	0.9679	0.9681	0.9788	1.0765	0.9695	0.9997	0.9684	0.9866	0.9816	0.9678	0.9692	0.9741	0.9687	0.9784	0.9697	1.3932	1.0055	0.9687	0.9687	0.9688	0.9756	0.9785	0.9952	0.9695	0.9695	0.9689	0.969	0.9692
  L	0.9678	0.9749	0.9673	0.9704	0.9679	0.9676	0.9677	0.9678	0.9667	0.9696	0.9684	0	0.9681	0.9678	0.9685	0.9685	0.9678	0.9671	0.9673	0.9687	0.9685	0.9684	0.9708	0.9673	0.9702	0.9796	0.9671	0.9681	0.9728	0.9678	0.9697	0.9683	0.9726	0.9885	0.9678	0.9678	0.9679	0.9738	0.969	0.9692	1.4392	0.9686	0.968	0.9679	0.9681
  M	0.9685	0.9766	0.9677	0.9729	0.9684	0.9681	0.9681	0.9683	0.9669	0.9784	0.9702	0.9681	0	0.9683	0.9691	0.9694	0.9708	0.9675	0.9677	0.9702	0.9704	0.969	0.9893	0.9701	1.3386	0.9811	0.9674	0.9702	0.9738	0.9683	0.9752	0.9704	1.0316	1.0327	0.9683	0.9683	0.9684	0.975	0.9873	0.9726	0.9602	0.9692	0.9685	0.9727	0.9707
  N	0.968	0.9759	2.0966	0.9708	0.9681	0.9678	0.9678	0.968	0.9668	0.9699	0.9687	0.9678	0.9683	0	0.9688	0.9688	0.968	2.1779	0.9675	0.969	0.9687	0.9686	0.9713	0.9678	0.9706	0.9811	0.9672	0.9684	0.9736	0.9682	0.9701	0.9685	0.9732	0.9909	0.9681	0.9682	0.9681	0.975	0.9693	0.9694	0.9587	0.9689	0.9682	0.9681	0.9684
  O	0.9687	0.9766	0.9693	0.9716	0.9689	0.9685	0.9686	0.9688	0.9671	0.9724	0.9695	0.9685	0.9691	0.9688	0	0.9696	0.9688	0.9681	0.9683	0.9697	0.9695	0.9708	0.972	0.9689	0.9714	1.0231	0.9678	0.9692	0.9939	0.9688	0.9709	0.9707	0.9753	0.9926	0.9689	0.9689	0.9689	1.4546	0.9701	0.9702	0.9598	0.9864	0.9699	0.9689	0.9694
  P	0.9688	0.9793	0.9682	1.0121	0.9688	0.9685	0.9685	0.9688	0.9671	0.975	0.9702	0.9685	0.9694	0.9688	0.9696	0	0.9689	0.968	0.9682	0.9703	1.318	0.9695	1.3474	0.9684	0.9768	0.9817	0.9677	0.9693	0.9743	0.9688	0.9759	0.9695	1.1747	0.9986	0.9688	0.9688	0.9689	0.9756	0.9726	0.9718	0.9603	0.9696	0.969	0.969	0.9692
  Q	0.968	0.9761	0.9679	0.9713	0.9681	0.9678	0.9678	0.968	0.9668	0.9709	0.9689	0.9678	0.9708	0.968	0.9688	0.9689	0	0.9672	0.9675	0.969	0.969	0.9687	1.0819	3.2491	1.1364	0.981	0.9672	1.4095	0.9736	0.968	0.9708	0.9952	1.031	1.01	0.968	0.9681	0.9681	0.9752	1.5704	0.9699	0.9591	0.9689	0.9682	0.9703	0.9695
  R	0.9673	0.9758	3.6868	0.9703	0.9673	0.9671	0.9671	0.9672	0.9664	0.9692	0.9679	0.9671	0.9675	2.1779	0.9681	0.968	0.9672	0	0.9667	0.9684	0.968	0.9679	0.9709	1.4512	0.9701	0.9815	0.9667	0.9676	0.9733	1.2251	0.9695	0.9678	0.9728	0.992	0.9674	0.9684	0.9678	0.9755	0.9687	0.9688	0.9571	0.9682	0.9674	0.9673	0.9676
  S	0.9675	0.9754	1.4495	0.9703	1.3399	0.9673	0.9673	1.9387	0.9665	0.9694	0.9681	0.9673	0.9677	0.9675	0.9683	0.9682	0.9675	0.9667	0	1.2709	0.9682	0.9681	0.9709	0.967	0.9702	0.9806	0.9668	0.9678	0.9731	0.9675	0.9696	0.968	0.9728	0.9904	1.3227	0.9675	1.3102	0.9743	0.9688	0.969	0.9582	0.9683	0.9677	0.9676	0.9678
  T	1.0223	0.9776	2.2827	0.9741	0.969	0.9687	0.9687	0.9689	0.9681	0.9874	0.9788	0.9687	0.9702	0.969	0.9697	0.9703	0.969	0.9684	1.2709	0	0.9776	0.9696	1.2188	0.9692	0.9842	0.9821	0.9684	0.9694	0.9745	0.9689	0.9773	0.9697	1.0345	1.0039	1.8268	0.9709	0.969	0.9763	0.9773	1.0582	1.1625	0.9698	0.9691	0.9691	0.9693
  U	0.9707	0.9788	0.9682	0.9878	0.9688	0.9685	0.9685	0.9687	0.9674	0.9897	1.0765	0.9685	0.9704	0.9687	0.9695	1.318	0.969	0.968	0.9682	0.9776	0	0.9696	1.1706	0.9685	0.9867	0.9819	0.9678	0.9693	0.9743	0.9687	0.9798	0.9698	1.535	1.0061	0.9688	0.9688	0.9688	0.9759	0.9791	0.9916	0.9679	0.9696	0.9689	0.9691	0.9692
  V	0.9685	0.9768	0.9684	0.9717	0.9687	0.9684	0.9684	0.9686	0.967	0.9719	0.9695	0.9684	0.969	0.9686	0.9708	0.9695	0.9687	0.9679	0.9681	0.9696	0.9696	0	0.9722	0.9692	0.9716	0.9831	0.9676	0.9691	0.9753	0.9686	0.9709	1.1906	1.1891	0.9919	0.9687	0.9687	0.9687	1.169	0.9701	0.9702	0.9596	0.972	0.969	0.9688	0.9693
  W	1.2543	0.9942	0.9709	1.1351	0.9713	0.9708	0.9708	0.9713	0.9687	1.0529	0.9997	0.9708	0.9893	0.9713	0.972	1.3474	1.0819	0.9709	0.9709	1.2188	1.1706	0.9722	0	1.0664	1.1983	0.9834	0.9703	1.1743	0.9764	0.9712	1.0274	0.9935	1.6247	1.0725	0.9716	0.9714	0.9714	0.978	1.0783	1.1218	1.4628	0.9721	0.9715	0.9814	0.9768
  X	0.9676	0.9761	1.8508	0.9709	0.9676	0.9673	0.9674	0.9675	0.9665	0.9704	0.9684	0.9673	0.9701	0.9678	0.9689	0.9684	3.2491	1.4512	0.967	0.9692	0.9685	0.9692	1.0664	0	1.081	0.9821	0.9669	1.2491	0.9746	0.9676	0.9703	1.4857	1.0197	1.0059	0.9677	1.2573	0.9677	1.1196	1.2636	0.9694	0.9579	0.9731	0.968	0.9696	0.969
  Y	0.9736	0.9845	0.9702	0.9988	0.9707	0.9702	0.9703	0.9707	0.9684	1.0691	0.9866	0.9702	1.3386	0.9706	0.9714	0.9768	1.1364	0.9701	0.9702	0.9842	0.9867	0.9716	1.1983	1.081	0	0.9831	0.9692	1.1216	0.9759	0.9706	1.0303	1.1026	1.4053	1.5315	0.9708	0.9707	0.9708	0.9779	1.2136	1.0069	0.9755	0.9717	0.971	1.3884	1.4676
  Z	0.9795	0.9891	0.9812	0.9838	0.9811	0.9796	0.9796	0.9812	0.9724	0.9853	0.9816	0.9796	0.9811	0.9811	1.0231	0.9817	0.981	0.9815	0.9806	0.9821	0.9819	0.9831	0.9834	0.9821	0.9831	0	0.976	0.9815	1.093	0.981	0.9828	0.9826	0.9876	1.013	0.9815	0.9813	0.9813	1.3898	0.9825	0.9822	0.9735	0.9967	0.9816	0.9811	0.9828
  [	0.9676	0.9726	0.9669	0.9692	0.9673	0.9671	0.9671	0.9672	0.9666	0.9688	0.9678	0.9671	0.9674	0.9672	0.9678	0.9677	0.9672	0.9667	0.9668	0.9684	0.9678	0.9676	0.9703	0.9669	0.9692	0.976	0	0.9674	0.9709	0.9672	0.9688	0.9676	0.9713	0.9827	0.9672	0.9672	0.9673	0.9717	0.9682	0.9689	3.8598	0.9678	0.9673	0.9673	0.9674
  \	0.9684	0.9766	0.968	0.9716	0.9684	0.9681	0.9682	0.9684	0.9669	0.9708	0.9692	0.9681	0.9702	0.9684	0.9692	0.9693	1.4095	0.9676	0.9678	0.9694	0.9693	0.9691	1.1743	1.2491	1.1216	0.9815	0.9674	0	0.974	0.9684	0.9709	0.9894	1.0265	1.0086	0.9684	0.9685	0.9685	0.9752	1.0252	0.9701	0.9593	0.9692	0.9686	0.9699	0.9695
  ]	0.9729	0.9814	0.975	0.9763	0.9736	0.9728	0.9729	0.9736	0.9692	0.9771	0.9741	0.9728	0.9738	0.9736	0.9939	0.9743	0.9736	0.9733	0.9731	0.9745	0.9743	0.9753	0.9764	0.9746	0.9759	1.093	0.9709	0.974	0	0.9735	0.9754	0.975	0.9797	1.0003	0.9738	0.9737	0.9737	1.6747	0.9749	0.9748	0.965	0.9859	0.9743	0.9736	0.9751
  ^	0.968	0.9758	1.2683	0.9708	0.9681	0.9678	0.9678	0.968	0.9668	0.9699	0.9687	0.9678	0.9683	0.9682	0.9688	0.9688	0.968	1.2251	0.9675	0.9689	0.9687	0.9686	0.9712	0.9676	0.9706	0.981	0.9672	0.9684	0.9735	0	0.9701	0.9685	0.9731	0.9906	0.9681	0.9681	0.9681	0.9747	0.9693	0.9694	0.9588	0.9689	0.9682	0.9681	0.9684
  _	0.9715	0.9834	0.9695	0.9968	0.9702	0.9697	0.9698	0.9701	0.968	1.0231	0.9784	0.9697	0.9752	0.9701	0.9709	0.9759	0.9708	0.9695	0.9696	0.9773	0.9798	0.9709	1.0274	0.9703	1.0303	0.9828	0.9688	0.9709	0.9754	0.9701	0	0.9714	1.1053	1.4455	0.9703	0.9702	0.9702	0.9769	1.0042	0.9889	0.968	0.9711	0.9706	0.971	0.971
  `	0.9685	0.9773	0.9684	0.9722	0.9686	0.9683	0.9683	0.9685	0.967	0.9725	0.9697	0.9683	0.9704	0.9685	0.9707	0.9695	0.9952	0.9678	0.968	0.9697	0.9698	1.1906	0.9935	1.4857	1.1026	0.9826	0.9676	0.9894	0.975	0.9685	0.9714	0	2.1004	1.0063	0.9686	0.9686	0.9686	1.1645	0.9836	0.9707	0.9599	0.9718	0.9689	0.9701	0.9698
  a	0.9873	1.0109	0.973	1.2313	0.9732	0.9726	0.9726	0.9732	0.9704	1.1842	1.3932	0.9726	1.0316	0.9732	0.9753	1.1747	1.031	0.9728	0.9728	1.0345	1.535	1.1891	1.6247	1.0197	1.4053	0.9876	0.9713	1.0265	0.9797	0.9731	1.1053	2.1004	0	1.1739	0.9736	0.9733	0.9733	1.1642	1.1564	1.1396	1.026	0.9765	0.9737	1.0096	0.992
  b	0.9912	1.0106	0.9895	1.0268	0.9908	0.9884	0.9885	0.991	0.9771	1.0687	1.0055	0.9885	1.0327	0.9909	0.9926	0.9986	1.01	0.992	0.9904	1.0039	1.0061	0.9919	1.0725	1.0059	1.5315	1.013	0.9827	1.0086	1.0003	0.9906	1.4455	1.0063	1.1739	0	0.9916	0.9912	0.9912	1.0558	1.0718	1.0232	0.9963	1.0953	1.5265	1.0218	1.007
  c	0.9681	0.9761	1.7206	0.971	0.9682	0.9678	0.9678	0.9681	0.9668	0.9701	0.9687	0.9678	0.9683	0.9681	0.9689	0.9688	0.968	0.9674	1.3227	1.8268	0.9688	0.9687	0.9716	0.9677	0.9708	0.9815	0.9672	0.9684	0.9738	0.9681	0.9703	0.9686	0.9736	0.9916	0	0.9699	0.9682	0.9751	0.9694	0.9698	0.9587	0.9689	0.9682	0.9681	0.9684
  d	0.968	0.976	2.3203	0.9709	0.9681	0.9678	0.9679	0.968	0.9668	0.9699	0.9687	0.9678	0.9683	0.9682	0.9689	0.9688	0.9681	0.9684	0.9675	0.9709	0.9688	0.9687	0.9714	1.2573	0.9707	0.9813	0.9672	0.9685	0.9737	0.9681	0.9702	0.9686	0.9733	0.9912	0.9699	0	0.9682	0.9753	0.9694	0.9695	0.9587	0.969	0.9682	0.9682	0.9684
  e	0.9681	0.9761	1.451	0.971	1.2833	0.9679	0.9679	0.9682	0.9668	0.97	0.9688	0.9679	0.9684	0.9681	0.9689	0.9689	0.9681	0.9678	1.3102	0.969	0.9688	0.9687	0.9714	0.9677	0.9708	0.9813	0.9673	0.9685	0.9737	0.9681	0.9702	0.9686	0.9733	0.9912	0.9682	0.9682	0	0.975	0.9694	0.9695	0.9588	0.969	0.9683	0.9682	0.9685
  f	0.9739	0.9828	1.3153	0.9778	0.9748	0.9738	0.9739	0.9748	0.9697	1.4629	0.9756	0.9738	0.975	0.975	1.4546	0.9756	0.9752	0.9755	0.9743	0.9763	0.9759	1.169	0.978	1.1196	0.9779	1.3898	0.9717	0.9752	1.6747	0.9747	0.9769	1.1645	1.1642	1.0558	0.9751	0.9753	0.975	0	0.9765	0.9763	0.9667	1.9741	1.0967	0.9748	1.3345
  g	0.971	0.9798	0.9689	0.9835	0.9694	0.969	0.9691	0.9693	0.9677	1.0296	0.9785	0.969	0.9873	0.9693	0.9701	0.9726	1.5704	0.9687	0.9688	0.9773	0.9791	0.9701	1.0783	1.2636	1.2136	0.9825	0.9682	1.0252	0.9749	0.9693	1.0042	0.9836	1.1564	1.0718	0.9694	0.9694	0.9694	0.9765	0	0.9904	0.9675	0.9702	0.9696	0.976	0.9732
  h	0.9909	0.9788	0.9693	0.9788	0.9695	0.9692	0.9693	0.9694	0.9689	1.0171	0.9952	0.9692	0.9726	0.9694	0.9702	0.9718	0.9699	0.9688	0.969	1.0582	0.9916	0.9702	1.1218	0.9694	1.0069	0.9822	0.9689	0.9701	0.9748	0.9694	0.9889	0.9707	1.1396	1.0232	0.9698	0.9695	0.9695	0.9763	0.9904	0	1.0535	0.9703	0.9697	0.97	0.9701
  i	1.6812	0.9681	0.9592	0.9646	0.9589	1.4387	1.4399	0.9587	11.2717	0.9787	0.9695	1.4392	0.9602	0.9587	0.9598	0.9603	0.9591	0.9571	0.9582	1.1625	0.9679	0.9596	1.4628	0.9579	0.9755	0.9735	3.8598	0.9593	0.965	0.9588	0.968	0.9599	1.026	0.9963	0.9587	0.9587	0.9588	0.9667	0.9675	1.0535	0	0.9598	0.9592	0.9591	0.9592
  j	0.9687	0.9768	0.9786	0.9717	0.969	0.9686	0.9686	0.9689	0.9671	0.9734	0.9695	0.9686	0.9692	0.9689	0.9864	0.9696	0.9689	0.9682	0.9683	0.9698	0.9696	0.972	0.9721	0.9731	0.9717	0.9967	0.9678	0.9692	0.9859	0.9689	0.9711	0.9718	0.9765	1.0953	0.9689	0.969	0.969	1.9741	0.9702	0.9703	0.9598	0	1.2142	0.969	1.1674
  k	0.9681	0.9758	0.9682	0.9711	0.9683	0.968	0.968	0.9682	0.9668	0.9704	0.9689	0.968	0.9685	0.9682	0.9699	0.969	0.9682	0.9674	0.9677	0.9691	0.9689	0.969	0.9715	0.968	0.971	0.9816	0.9673	0.9686	0.9743	0.9682	0.9706	0.9689	0.9737	1.5265	0.9682	0.9682	0.9683	1.0967	0.9696	0.9697	0.9592	1.2142	0	0.9684	0.9687
  l	0.9681	0.9761	0.9676	0.9713	0.9682	0.9679	0.9679	0.9681	0.9668	0.9711	0.969	0.9679	0.9727	0.9681	0.9689	0.969	0.9703	0.9673	0.9676	0.9691	0.9691	0.9688	0.9814	0.9696	1.3884	0.9811	0.9673	0.9699	0.9736	0.9681	0.971	0.9701	1.0096	1.0218	0.9681	0.9682	0.9682	0.9748	0.976	0.97	0.9591	0.969	0.9684	0	0.9849
  m	0.9683	0.9765	0.9679	0.9715	0.9684	0.9681	0.9682	0.9684	0.9669	0.971	0.9692	0.9681	0.9707	0.9684	0.9694	0.9692	0.9695	0.9676	0.9678	0.9693	0.9692	0.9693	0.9768	0.969	1.4676	0.9828	0.9674	0.9695	0.9751	0.9684	0.971	0.9698	0.992	1.007	0.9684	0.9684	0.9685	1.3345	0.9732	0.9701	0.9592	1.1674	0.9687	0.9849	0

Actual rates from j->i (Q_ij):
	A	B	C	D	E	F	G	H	I	J	K	L	M	N	O	P	Q	R	S	T	U	V	W	X	Y	Z	[	\	]	^	_	`	a	b	c	d	e	f	g	h	i	j	k	l	m
  A	0	0.0194	0.0192	0.0193	0.0192	0.0192	0.0192	0.0192	0.0192	0.0194	0.0193	0.0192	0.0192	0.0192	0.0192	0.0193	0.0192	0.0192	0.0192	0.0203	0.0193	0.0192	0.0249	0.0192	0.0193	0.0195	0.0192	0.0192	0.0193	0.0192	0.0193	0.0192	0.0196	0.0197	0.0192	0.0192	0.0192	0.0194	0.0193	0.0197	0.0334	0.0193	0.0192	0.0192	0.0192
  B	0.0233	0	0.0233	0.0236	0.0233	0.0233	0.0233	0.0233	0.0231	0.0234	0.0233	0.0233	0.0233	0.0233	0.0233	0.0234	0.0233	0.0233	0.0233	0.0233	0.0234	0.0233	0.0237	0.0233	0.0235	0.0236	0.0232	0.0233	0.0234	0.0233	0.0235	0.0233	0.0241	0.0241	0.0233	0.0233	0.0233	0.0234	0.0234	0.0233	0.0231	0.0233	0.0233	0.0233	0.0233
  C	0.0201	0.0203	0	0.0202	0.0201	0.0201	0.0201	0.0201	0.0201	0.0202	0.0202	0.0201	0.0201	0.0436	0.0202	0.0202	0.0201	0.0767	0.0302	0.0475	0.0202	0.0202	0.0202	0.0385	0.0202	0.0204	0.0201	0.0201	0.0203	0.0264	0.0202	0.0202	0.0203	0.0206	0.0358	0.0483	0.0302	0.0274	0.0202	0.0202	0.02	0.0204	0.0202	0.0201	0.0201
  D	0.0221	0.0225	0.022	0	0.022	0.022	0.022	0.022	0.022	0.0225	0.0221	0.022	0.0221	0.022	0.0221	0.023	0.0221	0.022	0.022	0.0221	0.0224	0.0221	0.0258	0.022	0.0227	0.0223	0.022	0.0221	0.0222	0.022	0.0226	0.0221	0.028	0.0233	0.022	0.022	0.022	0.0222	0.0223	0.0222	0.0219	0.0221	0.0221	0.0221	0.0221
  E	0.022	0.0222	0.022	0.0221	0	0.022	0.022	0.022	0.022	0.0221	0.022	0.022	0.022	0.022	0.022	0.022	0.022	0.022	0.0305	0.022	0.022	0.022	0.0221	0.022	0.0221	0.0223	0.022	0.022	0.0222	0.022	0.0221	0.022	0.0221	0.0225	0.022	0.022	0.0292	0.0222	0.0221	0.0221	0.0218	0.022	0.022	0.022	0.022
  F	0.0199	0.02	0.0199	0.0199	0.0199	0	0.0199	0.0199	0.0198	0.0199	0.0199	0.0199	0.0199	0.0199	0.0199	0.0199	0.0199	0.0199	0.0199	0.0199	0.0199	0.0199	0.0199	0.0199	0.0199	0.0201	0.0199	0.0199	0.02	0.0199	0.0199	0.0199	0.02	0.0203	0.0199	0.0199	0.0199	0.02	0.0199	0.0199	0.0295	0.0199	0.0199	0.0199	0.0199
  G	0.0199	0.02	0.0198	0.0199	0.0199	0.0198	0	0.0199	0.0198	0.0199	0.0199	0.0198	0.0199	0.0199	0.0199	0.0199	0.0199	0.0198	0.0198	0.0199	0.0199	0.0199	0.0199	0.0198	0.0199	0.0201	0.0198	0.0199	0.02	0.0199	0.0199	0.0199	0.0199	0.0203	0.0199	0.0199	0.0199	0.02	0.0199	0.0199	0.0295	0.0199	0.0199	0.0199	0.0199
  H	0.0222	0.0224	0.0222	0.0223	0.0222	0.0222	0.0222	0	0.0222	0.0223	0.0222	0.0222	0.0222	0.0222	0.0222	0.0222	0.0222	0.0222	0.0445	0.0223	0.0222	0.0222	0.0223	0.0222	0.0223	0.0225	0.0222	0.0222	0.0224	0.0222	0.0223	0.0222	0.0223	0.0228	0.0222	0.0222	0.0222	0.0224	0.0223	0.0223	0.022	0.0222	0.0222	0.0222	0.0222
  I	0.0091	0.0092	0.0091	0.0092	0.0091	0.0091	0.0091	0.0091	0	0.0092	0.0091	0.0091	0.0091	0.0091	0.0091	0.0091	0.0091	0.0091	0.0091	0.0092	0.0091	0.0091	0.0092	0.0091	0.0092	0.0092	0.0091	0.0091	0.0092	0.0091	0.0092	0.0091	0.0092	0.0092	0.0091	0.0091	0.0091	0.0092	0.0091	0.0092	0.1066	0.0091	0.0091	0.0091	0.0091
  J	0.0221	0.0223	0.022	0.0225	0.022	0.022	0.022	0.022	0.022	0	0.0225	0.022	0.0222	0.022	0.0221	0.0221	0.022	0.022	0.022	0.0224	0.0225	0.0221	0.0239	0.022	0.0243	0.0224	0.022	0.022	0.0222	0.022	0.0232	0.0221	0.0269	0.0243	0.022	0.022	0.022	0.0332	0.0234	0.0231	0.0222	0.0221	0.022	0.0221	0.022
  K	0.0219	0.0221	0.0218	0.022	0.0219	0.0219	0.0219	0.0219	0.0218	0.0224	0	0.0219	0.0219	0.0219	0.0219	0.0219	0.0219	0.0218	0.0218	0.0221	0.0243	0.0219	0.0226	0.0219	0.0223	0.0221	0.0218	0.0219	0.022	0.0219	0.0221	0.0219	0.0314	0.0227	0.0219	0.0219	0.0219	0.022	0.0221	0.0225	0.0219	0.0219	0.0219	0.0219	0.0219
  L	0.0199	0.02	0.0199	0.0199	0.0199	0.0199	0.0199	0.0199	0.0198	0.0199	0.0199	0	0.0199	0.0199	0.0199	0.0199	0.0199	0.0199	0.0199	0.0199	0.0199	0.0199	0.0199	0.0199	0.0199	0.0201	0.0199	0.0199	0.02	0.0199	0.0199	0.0199	0.02	0.0203	0.0199	0.0199	0.0199	0.02	0.0199	0.0199	0.0295	0.0199	0.0199	0.0199	0.0199
  M	0.022	0.0222	0.022	0.0221	0.022	0.022	0.022	0.022	0.022	0.0222	0.0221	0.022	0	0.022	0.022	0.022	0.0221	0.022	0.022	0.0221	0.0221	0.022	0.0225	0.0221	0.0304	0.0223	0.022	0.0221	0.0221	0.022	0.0222	0.0221	0.0234	0.0235	0.022	0.022	0.022	0.0222	0.0224	0.0221	0.0218	0.022	0.022	0.0221	0.0221
  N	0.0221	0.0222	0.0478	0.0221	0.0221	0.0221	0.0221	0.0221	0.022	0.0221	0.0221	0.0221	0.0221	0	0.0221	0.0221	0.0221	0.0496	0.0221	0.0221	0.0221	0.0221	0.0221	0.0221	0.0221	0.0224	0.022	0.0221	0.0222	0.0221	0.0221	0.0221	0.0222	0.0226	0.0221	0.0221	0.0221	0.0222	0.0221	0.0221	0.0219	0.0221	0.0221	0.0221	0.0221
  O	0.0218	0.022	0.0219	0.0219	0.0219	0.0218	0.0218	0.0219	0.0218	0.0219	0.0219	0.0218	0.0219	0.0219	0	0.0219	0.0219	0.0218	0.0218	0.0219	0.0219	0.0219	0.0219	0.0219	0.0219	0.0231	0.0218	0.0219	0.0224	0.0219	0.0219	0.0219	0.022	0.0224	0.0219	0.0219	0.0219	0.0328	0.0219	0.0219	0.0216	0.0222	0.0219	0.0219	0.0219
  P	0.022	0.0222	0.022	0.023	0.022	0.022	0.022	0.022	0.0219	0.0221	0.022	0.022	0.022	0.022	0.022	0	0.022	0.022	0.022	0.022	0.0299	0.022	0.0306	0.022	0.0222	0.0223	0.022	0.022	0.0221	0.022	0.0221	0.022	0.0266	0.0227	0.022	0.022	0.022	0.0221	0.0221	0.022	0.0218	0.022	0.022	0.022	0.022
  Q	0.0218	0.022	0.0218	0.0219	0.0218	0.0218	0.0218	0.0218	0.0218	0.0219	0.0218	0.0218	0.0219	0.0218	0.0218	0.0218	0	0.0218	0.0218	0.0218	0.0218	0.0218	0.0244	0.0731	0.0256	0.0221	0.0218	0.0317	0.0219	0.0218	0.0219	0.0224	0.0232	0.0227	0.0218	0.0218	0.0218	0.022	0.0354	0.0218	0.0216	0.0218	0.0218	0.0218	0.0218
  R	0.0238	0.024	0.0907	0.0239	0.0238	0.0238	0.0238	0.0238	0.0238	0.0239	0.0238	0.0238	0.0238	0.0536	0.0238	0.0238	0.0238	0	0.0238	0.0238	0.0238	0.0238	0.0239	0.0357	0.0239	0.0242	0.0238	0.0238	0.024	0.0301	0.0239	0.0238	0.0239	0.0244	0.0238	0.0238	0.0238	0.024	0.0238	0.0238	0.0236	0.0238	0.0238	0.0238	0.0238
  S	0.0221	0.0223	0.0331	0.0222	0.0306	0.0221	0.0221	0.0443	0.0221	0.0221	0.0221	0.0221	0.0221	0.0221	0.0221	0.0221	0.0221	0.0221	0	0.029	0.0221	0.0221	0.0222	0.0221	0.0222	0.0224	0.0221	0.0221	0.0222	0.0221	0.0222	0.0221	0.0222	0.0226	0.0302	0.0221	0.0299	0.0223	0.0221	0.0221	0.0219	0.0221	0.0221	0.0221	0.0221
  T	0.0234	0.0223	0.0522	0.0223	0.0222	0.0221	0.0221	0.0222	0.0221	0.0226	0.0224	0.0221	0.0222	0.0222	0.0222	0.0222	0.0222	0.0221	0.0291	0	0.0223	0.0222	0.0279	0.0222	0.0225	0.0225	0.0221	0.0222	0.0223	0.0222	0.0223	0.0222	0.0236	0.0229	0.0418	0.0222	0.0222	0.0223	0.0223	0.0242	0.0266	0.0222	0.0222	0.0222	0.0222
  U	0.0223	0.0225	0.0223	0.0227	0.0223	0.0223	0.0223	0.0223	0.0223	0.0228	0.0248	0.0223	0.0223	0.0223	0.0223	0.0303	0.0223	0.0223	0.0223	0.0225	0	0.0223	0.0269	0.0223	0.0227	0.0226	0.0223	0.0223	0.0224	0.0223	0.0226	0.0223	0.0353	0.0232	0.0223	0.0223	0.0223	0.0225	0.0225	0.0228	0.0223	0.0223	0.0223	0.0223	0.0223
  V	0.0219	0.0221	0.0219	0.022	0.0219	0.0219	0.0219	0.0219	0.0219	0.022	0.0219	0.0219	0.0219	0.0219	0.022	0.0219	0.0219	0.0219	0.0219	0.0219	0.0219	0	0.022	0.0219	0.022	0.0223	0.0219	0.0219	0.0221	0.0219	0.022	0.0269	0.0269	0.0225	0.0219	0.0219	0.0219	0.0265	0.022	0.022	0.0217	0.022	0.0219	0.0219	0.0219
  W	0.0261	0.0207	0.0202	0.0236	0.0202	0.0202	0.0202	0.0202	0.0201	0.0219	0.0208	0.0202	0.0206	0.0202	0.0202	0.028	0.0225	0.0202	0.0202	0.0253	0.0243	0.0202	0	0.0222	0.0249	0.0204	0.0202	0.0244	0.0203	0.0202	0.0214	0.0207	0.0338	0.0223	0.0202	0.0202	0.0202	0.0203	0.0224	0.0233	0.0304	0.0202	0.0202	0.0204	0.0203
  X	0.0232	0.0234	0.0445	0.0233	0.0232	0.0232	0.0232	0.0232	0.0232	0.0233	0.0233	0.0232	0.0233	0.0232	0.0233	0.0233	0.0781	0.0349	0.0232	0.0233	0.0233	0.0233	0.0256	0	0.026	0.0236	0.0232	0.03	0.0234	0.0232	0.0233	0.0357	0.0245	0.0242	0.0232	0.0302	0.0232	0.0269	0.0304	0.0233	0.023	0.0234	0.0233	0.0233	0.0233
  Y	0.0215	0.0217	0.0214	0.022	0.0214	0.0214	0.0214	0.0214	0.0214	0.0236	0.0218	0.0214	0.0295	0.0214	0.0214	0.0215	0.0251	0.0214	0.0214	0.0217	0.0218	0.0214	0.0264	0.0238	0	0.0217	0.0214	0.0247	0.0215	0.0214	0.0227	0.0243	0.031	0.0338	0.0214	0.0214	0.0214	0.0216	0.0268	0.0222	0.0215	0.0214	0.0214	0.0306	0.0324
  Z	0.0227	0.023	0.0228	0.0228	0.0228	0.0228	0.0228	0.0228	0.0226	0.0229	0.0228	0.0228	0.0228	0.0228	0.0238	0.0228	0.0228	0.0228	0.0228	0.0228	0.0228	0.0228	0.0228	0.0228	0.0228	0	0.0227	0.0228	0.0254	0.0228	0.0228	0.0228	0.0229	0.0235	0.0228	0.0228	0.0228	0.0323	0.0228	0.0228	0.0226	0.0231	0.0228	0.0228	0.0228
  [	0.0145	0.0146	0.0145	0.0145	0.0145	0.0145	0.0145	0.0145	0.0145	0.0145	0.0145	0.0145	0.0145	0.0145	0.0145	0.0145	0.0145	0.0145	0.0145	0.0145	0.0145	0.0145	0.0145	0.0145	0.0145	0.0146	0	0.0145	0.0145	0.0145	0.0145	0.0145	0.0145	0.0147	0.0145	0.0145	0.0145	0.0145	0.0145	0.0145	0.0578	0.0145	0.0145	0.0145	0.0145
  \	0.0223	0.0225	0.0223	0.0224	0.0223	0.0223	0.0223	0.0223	0.0222	0.0223	0.0223	0.0223	0.0223	0.0223	0.0223	0.0223	0.0324	0.0223	0.0223	0.0223	0.0223	0.0223	0.027	0.0287	0.0258	0.0226	0.0223	0	0.0224	0.0223	0.0223	0.0228	0.0236	0.0232	0.0223	0.0223	0.0223	0.0224	0.0236	0.0223	0.0221	0.0223	0.0223	0.0223	0.0223
  ]	0.0223	0.0225	0.0223	0.0224	0.0223	0.0223	0.0223	0.0223	0.0222	0.0224	0.0223	0.0223	0.0223	0.0223	0.0228	0.0223	0.0223	0.0223	0.0223	0.0223	0.0223	0.0224	0.0224	0.0223	0.0224	0.025	0.0223	0.0223	0	0.0223	0.0224	0.0223	0.0225	0.0229	0.0223	0.0223	0.0223	0.0384	0.0223	0.0223	0.0221	0.0226	0.0223	0.0223	0.0223
  ^	0.0219	0.0221	0.0287	0.022	0.0219	0.0219	0.0219	0.0219	0.0219	0.0219	0.0219	0.0219	0.0219	0.0219	0.0219	0.0219	0.0219	0.0277	0.0219	0.0219	0.0219	0.0219	0.022	0.0219	0.022	0.0222	0.0219	0.0219	0.022	0	0.0219	0.0219	0.022	0.0224	0.0219	0.0219	0.0219	0.022	0.0219	0.0219	0.0217	0.0219	0.0219	0.0219	0.0219
  _	0.0217	0.022	0.0217	0.0223	0.0217	0.0217	0.0217	0.0217	0.0216	0.0228	0.0218	0.0217	0.0218	0.0217	0.0217	0.0218	0.0217	0.0217	0.0217	0.0218	0.0219	0.0217	0.0229	0.0217	0.023	0.0219	0.0216	0.0217	0.0218	0.0217	0	0.0217	0.0247	0.0323	0.0217	0.0217	0.0217	0.0218	0.0224	0.0221	0.0216	0.0217	0.0217	0.0217	0.0217
  `	0.0216	0.0218	0.0216	0.0217	0.0216	0.0216	0.0216	0.0216	0.0216	0.0217	0.0216	0.0216	0.0216	0.0216	0.0217	0.0216	0.0222	0.0216	0.0216	0.0216	0.0216	0.0266	0.0222	0.0331	0.0246	0.0219	0.0216	0.0221	0.0218	0.0216	0.0217	0	0.0469	0.0224	0.0216	0.0216	0.0216	0.026	0.0219	0.0217	0.0214	0.0217	0.0216	0.0216	0.0216
  a	0.0231	0.0237	0.0228	0.0289	0.0228	0.0228	0.0228	0.0228	0.0227	0.0277	0.0326	0.0228	0.0242	0.0228	0.0229	0.0275	0.0242	0.0228	0.0228	0.0242	0.036	0.0279	0.0381	0.0239	0.0329	0.0231	0.0228	0.0241	0.023	0.0228	0.0259	0.0492	0	0.0275	0.0228	0.0228	0.0228	0.0273	0.0271	0.0267	0.024	0.0229	0.0228	0.0237	0.0232
  b	0.0253	0.0258	0.0253	0.0262	0.0253	0.0252	0.0252	0.0253	0.025	0.0273	0.0257	0.0252	0.0264	0.0253	0.0254	0.0255	0.0258	0.0253	0.0253	0.0256	0.0257	0.0253	0.0274	0.0257	0.0391	0.0259	0.0251	0.0258	0.0255	0.0253	0.0369	0.0257	0.03	0	0.0253	0.0253	0.0253	0.027	0.0274	0.0261	0.0254	0.028	0.039	0.0261	0.0257
  c	0.0227	0.0229	0.0403	0.0227	0.0227	0.0227	0.0227	0.0227	0.0227	0.0227	0.0227	0.0227	0.0227	0.0227	0.0227	0.0227	0.0227	0.0227	0.031	0.0428	0.0227	0.0227	0.0228	0.0227	0.0227	0.023	0.0227	0.0227	0.0228	0.0227	0.0227	0.0227	0.0228	0.0232	0	0.0227	0.0227	0.0228	0.0227	0.0227	0.0225	0.0227	0.0227	0.0227	0.0227
  d	0.0223	0.0225	0.0535	0.0224	0.0223	0.0223	0.0223	0.0223	0.0223	0.0224	0.0223	0.0223	0.0223	0.0223	0.0223	0.0223	0.0223	0.0223	0.0223	0.0224	0.0223	0.0223	0.0224	0.029	0.0224	0.0226	0.0223	0.0223	0.0225	0.0223	0.0224	0.0223	0.0224	0.0229	0.0224	0	0.0223	0.0225	0.0224	0.0224	0.0221	0.0223	0.0223	0.0223	0.0223
  e	0.0223	0.0225	0.0334	0.0223	0.0295	0.0223	0.0223	0.0223	0.0223	0.0223	0.0223	0.0223	0.0223	0.0223	0.0223	0.0223	0.0223	0.0223	0.0302	0.0223	0.0223	0.0223	0.0224	0.0223	0.0223	0.0226	0.0223	0.0223	0.0224	0.0223	0.0223	0.0223	0.0224	0.0228	0.0223	0.0223	0	0.0224	0.0223	0.0223	0.0221	0.0223	0.0223	0.0223	0.0223
  f	0.0218	0.022	0.0295	0.0219	0.0218	0.0218	0.0218	0.0218	0.0217	0.0328	0.0218	0.0218	0.0218	0.0218	0.0326	0.0218	0.0218	0.0218	0.0218	0.0219	0.0219	0.0262	0.0219	0.0251	0.0219	0.0311	0.0218	0.0218	0.0375	0.0218	0.0219	0.0261	0.0261	0.0236	0.0218	0.0218	0.0218	0	0.0219	0.0219	0.0216	0.0442	0.0246	0.0218	0.0299
  g	0.0227	0.0229	0.0226	0.0229	0.0226	0.0226	0.0226	0.0226	0.0226	0.024	0.0228	0.0226	0.023	0.0226	0.0226	0.0227	0.0366	0.0226	0.0226	0.0228	0.0228	0.0226	0.0252	0.0295	0.0283	0.0229	0.0226	0.0239	0.0227	0.0226	0.0234	0.0229	0.027	0.025	0.0226	0.0226	0.0226	0.0228	0	0.0231	0.0226	0.0226	0.0226	0.0228	0.0227
  h	0.022	0.0218	0.0216	0.0218	0.0216	0.0216	0.0216	0.0216	0.0216	0.0226	0.0221	0.0216	0.0216	0.0216	0.0216	0.0216	0.0216	0.0216	0.0216	0.0235	0.0221	0.0216	0.025	0.0216	0.0224	0.0218	0.0216	0.0216	0.0217	0.0216	0.022	0.0216	0.0254	0.0228	0.0216	0.0216	0.0216	0.0217	0.022	0	0.0234	0.0216	0.0216	0.0216	0.0216
  i	0.0441	0.0254	0.0251	0.0253	0.0251	0.0377	0.0377	0.0251	0.2955	0.0257	0.0254	0.0377	0.0252	0.0251	0.0252	0.0252	0.0251	0.0251	0.0251	0.0305	0.0254	0.0252	0.0383	0.0251	0.0256	0.0255	0.1012	0.0251	0.0253	0.0251	0.0254	0.0252	0.0269	0.0261	0.0251	0.0251	0.0251	0.0253	0.0254	0.0276	0	0.0252	0.0251	0.0251	0.0251
  j	0.0219	0.0221	0.0221	0.022	0.0219	0.0219	0.0219	0.0219	0.0219	0.022	0.0219	0.0219	0.0219	0.0219	0.0223	0.0219	0.0219	0.0219	0.0219	0.0219	0.0219	0.022	0.022	0.022	0.022	0.0225	0.0219	0.0219	0.0223	0.0219	0.022	0.022	0.0221	0.0248	0.0219	0.0219	0.0219	0.0446	0.0219	0.0219	0.0217	0	0.0275	0.0219	0.0264
  k	0.0216	0.0217	0.0216	0.0216	0.0216	0.0216	0.0216	0.0216	0.0215	0.0216	0.0216	0.0216	0.0216	0.0216	0.0216	0.0216	0.0216	0.0215	0.0215	0.0216	0.0216	0.0216	0.0216	0.0216	0.0216	0.0219	0.0215	0.0216	0.0217	0.0216	0.0216	0.0216	0.0217	0.034	0.0216	0.0216	0.0216	0.0244	0.0216	0.0216	0.0214	0.027	0	0.0216	0.0216
  l	0.022	0.0222	0.022	0.0221	0.022	0.022	0.022	0.022	0.022	0.0221	0.022	0.022	0.0221	0.022	0.022	0.022	0.0221	0.022	0.022	0.022	0.022	0.022	0.0223	0.0221	0.0316	0.0223	0.022	0.0221	0.0221	0.022	0.0221	0.0221	0.023	0.0232	0.022	0.022	0.022	0.0222	0.0222	0.0221	0.0218	0.022	0.022	0	0.0224
  m	0.0222	0.0224	0.0222	0.0223	0.0223	0.0222	0.0222	0.0222	0.0222	0.0223	0.0223	0.0222	0.0223	0.0222	0.0223	0.0223	0.0223	0.0222	0.0222	0.0223	0.0223	0.0223	0.0224	0.0223	0.0337	0.0226	0.0222	0.0223	0.0224	0.0222	0.0223	0.0223	0.0228	0.0231	0.0222	0.0222	0.0223	0.0307	0.0224	0.0223	0.022	0.0268	0.0223	0.0226	0
