Map from character to field name
A:	Argentina
B:	Australia
C:	Austria
D:	Azerbaijan
E:	Belgium
F:	Brazil
G:	British Virgin Islands
H:	Bulgaria
I:	Canada
J:	Central African Republic
K:	China
L:	Colombia
M:	Cyprus
N:	Czech Republic
O:	Democratic Republic of the Congo
P:	Egypt
Q:	France
R:	Germany
S:	Greece
T:	Hungary
U:	India
V:	Iran
W:	Israel
X:	Italy
Y:	Kenya
Z:	Madagascar
[:	Mexico
\:	Morocco
]:	Namibia
^:	Netherlands
_:	Niger
`:	Nigeria
a:	Portugal
b:	Romania
c:	Russia
d:	Senegal
e:	Serbia
f:	Slovakia
g:	Slovenia
h:	South Africa
i:	Spain
j:	Tunisia
k:	Turkey
l:	USA
m:	Uganda
n:	Ukraine
o:	United Arab Emirates
p:	Zambia
q:	?


Substitution rate (mu): 55.824964

Equilibrium frequencies (pi_i):
  A: 0.0198
  B: 0.0219
  C: 0.0191
  D: 0.021
  E: 0.0213
  F: 0.0195
  G: 0.0202
  H: 0.0215
  I: 0.0128
  J: 0.0209
  K: 0.0209
  L: 0.0202
  M: 0.0215
  N: 0.0215
  O: 0.021
  P: 0.0209
  Q: 0.0204
  R: 0.0219
  S: 0.0219
  T: 0.0211
  U: 0.0218
  V: 0.0207
  W: 0.0204
  X: 0.022
  Y: 0.0201
  Z: 0.0216
  [: 0.0177
  \: 0.0207
  ]: 0.021
  ^: 0.0211
  _: 0.0209
  `: 0.0207
  a: 0.021
  b: 0.0202
  c: 0.0212
  d: 0.0238
  e: 0.0219
  f: 0.0217
  g: 0.0214
  h: 0.0214
  i: 0.0205
  j: 0.021
  k: 0.0214
  l: 0.0221
  m: 0.0209
  n: 0.0207
  o: 0.0213
  p: 0.0214

Symmetrized rates from j->i (W_ij):
	A	B	C	D	E	F	G	H	I	J	K	L	M	N	O	P	Q	R	S	T	U	V	W	X	Y	Z	[	\	]	^	_	`	a	b	c	d	e	f	g	h	i	j	k	l	m	n	o	p
  A	0	0.9751	0.9754	0.9702	0.9674	0.967	0.9672	0.9674	0.9661	0.9752	0.9704	0.9671	0.9713	0.9674	0.9679	0.9684	0.9671	0.9666	0.9671	1.4648	0.9825	0.9674	1.4697	0.9678	0.9708	0.9779	0.9667	0.9677	0.9687	0.9673	0.9679	0.9723	0.9676	0.9685	1.2942	0.9892	0.9674	0.9674	0.9673	0.9754	0.9703	1.1524	0.9682	1.4602	0.9679	0.9675	0.9675	0.9675
  B	0.9751	0	0.9822	0.9839	0.9737	0.9727	0.9731	0.9738	0.9699	0.9771	0.9747	0.9731	0.978	0.9737	0.9741	0.9769	0.9732	0.9729	0.9734	0.9742	0.9934	0.974	0.983	0.9733	0.9756	0.9851	0.9719	0.9739	0.9749	0.9735	0.974	0.9791	0.9744	0.9756	1.1008	0.9993	0.9737	0.9738	0.9736	0.9825	0.9752	0.9757	0.9741	0.9681	0.974	0.9734	0.9738	0.9738
  C	0.9754	0.9822	0	0.9763	0.9753	0.974	0.9745	0.9755	0.9708	0.9759	0.9754	0.9744	0.9789	2.7416	0.9753	0.9757	0.9746	4.4519	1.0771	1.2206	0.9844	0.975	0.9766	1.9383	0.9754	0.985	0.9731	0.9753	0.9761	1.4557	0.9753	0.9761	0.9752	0.9756	1.0229	0.9948	2.3	2.4093	1.4572	0.9828	0.9753	0.9761	0.9753	0.9703	0.9753	0.9747	0.9752	0.9752
  D	0.9702	0.9839	0.9763	0	0.968	0.9675	0.9677	0.968	0.9662	0.9738	0.9683	0.9677	0.9721	0.9679	0.9685	0.984	0.9677	0.9671	0.9675	0.9687	0.9814	0.9679	1.0198	0.9683	0.9714	0.9788	0.9671	0.9682	0.9693	0.9678	0.9685	0.9793	0.9705	0.9688	1.4404	0.9949	0.9677	0.968	0.9679	0.9762	0.9703	0.9704	0.9685	0.9623	0.9685	0.968	0.9681	0.9681
  E	0.9674	0.9737	0.9753	0.968	0	0.9667	0.9669	0.9672	0.9656	0.9676	0.967	0.9668	0.9713	0.967	0.9676	0.9674	0.9668	0.9662	1.2429	0.9675	0.9762	0.9669	0.9681	0.9649	0.9674	0.9783	0.9663	0.9671	0.9685	0.967	0.9677	0.9679	0.9671	0.967	0.9827	0.9861	1.2337	1.0636	0.9672	0.9755	0.9669	0.9676	0.9672	0.9611	0.9677	0.9672	0.9672	0.9672
  F	0.967	0.9727	0.974	0.9675	0.9667	0	0.9665	0.9667	0.9655	0.9671	0.9666	0.9665	0.9706	0.9666	0.9672	0.967	0.9664	0.9659	0.9662	0.9669	0.9751	0.9665	0.9676	0.9647	0.967	0.977	0.9669	0.9667	0.968	0.9666	0.9672	0.9675	0.9667	0.9666	0.9811	0.9842	0.9664	0.9667	0.9666	0.9744	0.9665	0.9672	0.9667	1.9209	0.9672	0.9668	0.9668	0.9668
  G	0.9672	0.9731	0.9745	0.9677	0.9669	0.9665	0	0.9669	0.9681	0.9673	0.9668	0.9666	0.9709	0.9668	0.9674	0.9672	0.9666	0.966	0.9664	0.9671	0.9755	0.9667	0.9678	0.9648	0.9672	0.9776	0.9662	0.9669	0.9682	0.9668	0.9674	0.9677	0.9669	0.9668	0.9817	0.9849	0.9666	0.9669	0.9668	0.9749	0.9667	0.9674	0.9669	1.4394	0.9674	0.9669	0.967	0.967
  H	0.9674	0.9738	0.9755	0.968	0.9672	0.9667	0.9669	0	0.9656	0.9676	0.967	0.9668	0.9714	0.9671	0.9677	0.9674	0.9668	0.9662	1.441	0.9861	0.9763	0.9669	0.9681	0.9649	0.9675	0.9785	0.9663	0.9671	0.9685	0.967	0.9677	0.968	0.9671	0.967	0.983	0.9864	1.6417	0.9672	0.9671	0.9756	0.9669	0.9677	0.9672	0.9611	0.9677	0.9672	0.9672	0.9672
  I	0.9661	0.9699	0.9708	0.9662	0.9656	0.9655	0.9681	0.9656	0	0.966	0.9656	0.9655	0.9683	0.9656	0.966	0.9658	0.9655	0.9651	0.9653	0.9659	0.9715	0.9655	0.9664	0.9643	0.9659	0.9728	0.9654	0.9657	0.9665	0.9656	0.966	0.9662	0.9656	0.9656	0.9759	0.9779	0.9654	0.9656	0.9656	0.971	0.9655	0.9661	0.9657	11.087	0.966	0.9657	0.9657	0.9657
  J	0.9752	0.9771	0.9759	0.9738	0.9676	0.9671	0.9673	0.9676	0.966	0	0.9695	0.9673	0.9729	0.9675	0.9682	0.9693	0.9673	0.9667	0.9671	0.9697	0.9812	0.9676	0.9741	0.9711	0.9755	0.9804	0.9667	0.968	0.9694	0.9675	0.9681	0.9788	0.9679	0.9697	1.4308	0.9955	0.9673	0.9676	0.9675	1.4615	0.9752	0.9756	1.4383	0.962	0.9684	0.9677	0.9677	0.9678
  K	0.9704	0.9747	0.9754	0.9683	0.967	0.9666	0.9668	0.967	0.9656	0.9695	0	0.9667	0.9711	0.967	0.9675	0.9675	0.9667	0.9661	0.9665	0.968	0.9897	0.9669	0.9686	0.9655	0.9681	0.9778	0.9663	0.9671	0.9683	0.9669	0.9675	0.969	0.9671	0.9672	1.4675	0.9865	0.9667	0.967	0.9669	0.9751	0.9675	0.9706	0.9673	0.9612	0.9676	0.9671	0.9671	0.9671
  L	0.9671	0.9731	0.9744	0.9677	0.9668	0.9665	0.9666	0.9668	0.9655	0.9673	0.9667	0	0.9708	0.9668	0.9673	0.9671	0.9665	0.966	0.9664	0.967	0.9755	0.9667	0.9678	0.9648	0.9672	0.9775	0.9661	0.9669	0.9682	0.9667	0.9674	0.9676	0.9668	0.9667	0.9817	0.9849	0.9666	0.9668	0.9668	0.9748	0.9667	0.9673	0.9669	1.4415	0.9674	0.9669	0.9669	0.9669
  M	0.9713	0.978	0.9789	0.9721	0.9713	0.9706	0.9709	0.9714	0.9683	0.9729	0.9711	0.9708	0	0.9713	0.977	0.9715	0.9709	0.9705	0.9709	0.9727	0.9806	0.9722	0.9725	0.9729	1.4019	1.0171	0.9699	0.9717	1.0079	0.9711	0.9717	0.972	0.9712	0.9712	0.999	1.0024	0.9712	0.9714	0.9713	1.3449	0.971	0.9718	0.9714	0.9655	0.9754	0.9716	1.054	0.9778
  N	0.9674	0.9737	2.7416	0.9679	0.967	0.9666	0.9668	0.9671	0.9656	0.9675	0.967	0.9668	0.9713	0	0.9676	0.9674	0.9667	1.2516	0.9666	0.9673	0.9762	0.9669	0.9681	0.9649	0.9674	0.9784	0.9663	0.9671	0.9685	0.9679	0.9676	0.9679	0.967	0.967	0.9846	0.9864	0.9669	0.9674	0.967	0.9755	0.9669	0.9676	0.9671	0.961	0.9676	0.9671	0.9672	0.9672
  O	0.9679	0.9741	0.9753	0.9685	0.9676	0.9672	0.9674	0.9677	0.966	0.9682	0.9675	0.9673	0.977	0.9676	0	0.9679	0.9673	0.9668	0.9672	0.9684	0.9766	0.9686	0.9686	0.9655	0.968	1.0034	0.9668	0.9677	0.9708	0.9675	0.9682	0.9684	0.9676	0.9675	0.9829	0.9867	0.9674	0.9676	0.9676	1.4729	0.9674	0.9681	0.9677	0.9618	0.9764	0.9681	0.9678	0.9679
  P	0.9684	0.9769	0.9757	0.984	0.9674	0.967	0.9672	0.9674	0.9658	0.9693	0.9675	0.9671	0.9715	0.9674	0.9679	0	0.9671	0.9665	0.9669	0.9678	1.1338	0.9673	1.02	0.9661	0.9686	0.9783	0.9666	0.9675	0.9687	0.9673	0.9679	0.9709	1.3332	0.9677	1.4929	0.9882	0.9671	0.9674	0.9673	0.9756	0.9679	0.9686	0.9676	0.9616	0.968	0.9675	0.9675	0.9675
  Q	0.9671	0.9732	0.9746	0.9677	0.9668	0.9664	0.9666	0.9668	0.9655	0.9673	0.9667	0.9665	0.9709	0.9667	0.9673	0.9671	0	0.9659	0.9663	0.967	0.9756	0.9666	0.9683	2.906	0.9678	0.9777	0.9661	0.9685	0.9681	0.9667	0.9673	0.9677	0.9674	0.9668	0.9829	0.9853	0.9665	0.9668	0.9667	0.9749	0.9676	0.9673	0.9669	0.9611	0.9674	0.9669	0.9669	0.9669
  R	0.9666	0.9729	4.4519	0.9671	0.9662	0.9659	0.966	0.9662	0.9651	0.9667	0.9661	0.966	0.9705	1.2516	0.9668	0.9665	0.9659	0	0.9658	0.9668	0.9755	0.966	0.9674	1.4461	0.9667	0.9777	0.9656	0.9663	0.9676	0.9666	0.9668	0.9671	0.9662	0.9662	0.9856	0.9858	0.9848	0.9812	0.9662	0.9748	0.9661	0.9668	0.9663	0.96	0.9668	0.9663	0.9663	0.9663
  S	0.9671	0.9734	1.0771	0.9675	1.2429	0.9662	0.9664	1.441	0.9653	0.9671	0.9665	0.9664	0.9709	0.9666	0.9672	0.9669	0.9663	0.9658	0	1.3189	0.976	0.9664	0.9677	0.9644	0.967	0.9782	0.9659	0.9667	0.9681	0.9665	0.9672	0.9675	0.9666	0.9665	0.9831	0.9862	3.2544	1.1047	0.9669	0.9753	0.9664	0.9673	0.9667	0.9605	0.9672	0.9667	0.9667	0.9667
  T	1.4648	0.9742	1.2206	0.9687	0.9675	0.9669	0.9671	0.9861	0.9659	0.9697	0.968	0.967	0.9727	0.9673	0.9684	0.9678	0.967	0.9668	1.3189	0	0.9781	0.9673	0.9746	0.9658	0.9684	0.9805	0.9665	0.9674	0.971	0.9672	0.9678	0.9692	0.9673	0.9675	1.0746	0.9874	2.403	0.9675	0.9673	1.4592	0.9679	1.0177	0.9675	0.9731	0.9751	0.9677	0.9674	0.9675
  U	0.9825	0.9934	0.9844	0.9814	0.9762	0.9751	0.9755	0.9763	0.9715	0.9812	0.9897	0.9755	0.9806	0.9762	0.9766	1.1338	0.9756	0.9755	0.976	0.9781	0	0.976	0.9989	0.9761	0.978	0.9879	0.9741	0.9763	0.9775	0.976	0.9765	0.9799	1.0071	0.9766	1.7907	0.9999	0.9764	0.9764	0.9762	0.9856	0.9777	0.9833	0.9768	0.9709	0.9766	0.9758	0.9764	0.9764
  V	0.9674	0.974	0.975	0.9679	0.9669	0.9665	0.9667	0.9669	0.9655	0.9676	0.9669	0.9667	0.9722	0.9669	0.9686	0.9673	0.9666	0.966	0.9664	0.9673	0.976	0	0.968	0.9656	0.9674	0.9801	0.9662	0.967	0.9688	0.9668	0.9675	0.9679	0.967	1.272	1.3022	0.9855	0.9666	0.9669	0.9669	1.4457	0.9668	0.9676	0.967	0.9611	0.9699	0.9671	0.967	0.9671
  W	1.4697	0.983	0.9766	1.0198	0.9681	0.9676	0.9678	0.9681	0.9664	0.9741	0.9686	0.9678	0.9725	0.9681	0.9686	1.02	0.9683	0.9674	0.9677	0.9746	0.9989	0.968	0	1.3002	1.0251	0.9788	0.9672	1.118	0.9694	0.968	0.9686	0.9783	0.9808	0.9717	1.5848	0.9952	0.9679	0.9681	0.968	0.9762	0.9722	0.973	0.9687	1.4608	0.9686	0.9681	0.9686	0.9685
  X	0.9678	0.9733	1.9383	0.9683	0.9649	0.9647	0.9648	0.9649	0.9643	0.9711	0.9655	0.9648	0.9729	0.9649	0.9655	0.9661	2.906	1.4461	0.9644	0.9658	0.9761	0.9656	1.3002	0	1.266	0.9766	0.9645	1.8077	0.9664	0.9648	0.9656	0.9707	1.4474	1.4807	1.2838	0.9987	0.9646	0.9651	0.9648	0.9737	2.4271	0.9678	0.9655	0.9589	0.9656	0.9651	0.9687	0.9675
  Y	0.9708	0.9756	0.9754	0.9714	0.9674	0.967	0.9672	0.9675	0.9659	0.9755	0.9681	0.9672	1.4019	0.9674	0.968	0.9686	0.9678	0.9667	0.967	0.9684	0.978	0.9674	1.0251	1.266	0	0.9781	0.9666	1.029	0.9689	0.9673	0.9682	0.9747	0.9677	1.0097	1.4355	1.4763	0.9672	0.9674	0.9674	0.9764	0.9856	0.971	0.9682	0.962	0.9681	0.9676	1.3997	1.4561
  Z	0.9779	0.9851	0.985	0.9788	0.9783	0.977	0.9776	0.9785	0.9728	0.9804	0.9778	0.9775	1.0171	0.9784	1.0034	0.9783	0.9777	0.9777	0.9782	0.9805	0.9879	0.9801	0.9788	0.9766	0.9781	0	0.9758	0.9781	0.9926	0.9781	0.9785	0.9786	0.9781	0.9774	0.9937	1.0005	0.9786	0.9785	0.9784	1.4718	0.9776	0.9786	0.9784	0.973	0.9883	0.9787	0.9786	0.9803
  [	0.9667	0.9719	0.9731	0.9671	0.9663	0.9669	0.9662	0.9663	0.9654	0.9667	0.9663	0.9661	0.9699	0.9663	0.9668	0.9666	0.9661	0.9656	0.9659	0.9665	0.9741	0.9662	0.9672	0.9645	0.9666	0.9758	0	0.9664	0.9675	0.9662	0.9668	0.9671	0.9663	0.9663	0.9796	0.9824	0.9661	0.9663	0.9663	0.9735	0.9662	0.9668	0.9664	3.3755	0.9668	0.9664	0.9664	0.9664
  \	0.9677	0.9739	0.9753	0.9682	0.9671	0.9667	0.9669	0.9671	0.9657	0.968	0.9671	0.9669	0.9717	0.9671	0.9677	0.9675	0.9685	0.9663	0.9667	0.9674	0.9763	0.967	1.118	1.8077	1.029	0.9781	0.9664	0	0.9685	0.967	0.9677	0.9683	0.9676	0.9697	1.0494	0.9878	0.9669	0.9671	0.9671	0.9754	0.9682	0.9678	0.9672	0.9614	0.9677	0.9672	0.9677	0.9675
  ]	0.9687	0.9749	0.9761	0.9693	0.9685	0.968	0.9682	0.9685	0.9665	0.9694	0.9683	0.9682	1.0079	0.9685	0.9708	0.9687	0.9681	0.9676	0.9681	0.971	0.9775	0.9688	0.9694	0.9664	0.9689	0.9926	0.9675	0.9685	0	0.9684	0.969	0.9692	0.9684	0.9683	0.9837	0.9877	0.9683	0.9685	0.9684	1.9728	0.9682	0.969	0.9685	0.9627	0.9728	0.9688	0.9687	0.9691
  ^	0.9673	0.9735	1.4557	0.9678	0.967	0.9666	0.9668	0.967	0.9656	0.9675	0.9669	0.9667	0.9711	0.9679	0.9675	0.9673	0.9667	0.9666	0.9665	0.9672	0.976	0.9668	0.968	0.9648	0.9673	0.9781	0.9662	0.967	0.9684	0	0.9675	0.9678	0.967	0.9669	0.983	0.9858	0.9667	0.967	0.9669	0.9753	0.9668	0.9675	0.967	0.9611	0.9676	0.9671	0.9671	0.9671
  _	0.9679	0.974	0.9753	0.9685	0.9677	0.9672	0.9674	0.9677	0.966	0.9681	0.9675	0.9674	0.9717	0.9676	0.9682	0.9679	0.9673	0.9668	0.9672	0.9678	0.9765	0.9675	0.9686	0.9656	0.9682	0.9785	0.9668	0.9677	0.969	0.9675	0	0.9688	0.9676	0.9675	0.9834	1.5201	0.9674	0.9677	0.9676	0.9759	0.9675	0.9682	0.9677	0.9619	0.9683	0.968	0.9678	0.9678
  `	0.9723	0.9791	0.9761	0.9793	0.9679	0.9675	0.9677	0.968	0.9662	0.9788	0.969	0.9676	0.972	0.9679	0.9684	0.9709	0.9677	0.9671	0.9675	0.9692	0.9799	0.9679	0.9783	0.9707	0.9747	0.9786	0.9671	0.9683	0.9692	0.9678	0.9688	0	0.9684	0.9698	1.3664	1.3806	0.9677	0.968	0.9679	0.9761	0.974	0.9725	0.969	0.9624	0.9686	0.9682	0.9681	0.9681
  a	0.9676	0.9744	0.9752	0.9705	0.9671	0.9667	0.9669	0.9671	0.9656	0.9679	0.9671	0.9668	0.9712	0.967	0.9676	1.3332	0.9674	0.9662	0.9666	0.9673	1.0071	0.967	0.9808	1.4474	0.9677	0.9781	0.9663	0.9676	0.9684	0.967	0.9676	0.9684	0	0.9671	1.1654	0.9863	0.9668	0.9671	0.967	0.9754	0.9671	0.9678	0.9672	0.9612	0.9676	0.9671	0.9672	0.9672
  b	0.9685	0.9756	0.9756	0.9688	0.967	0.9666	0.9668	0.967	0.9656	0.9697	0.9672	0.9667	0.9712	0.967	0.9675	0.9677	0.9668	0.9662	0.9665	0.9675	0.9766	1.272	0.9717	1.4807	1.0097	0.9774	0.9663	0.9697	0.9683	0.9669	0.9675	0.9698	0.9671	0	2.0498	0.9884	0.9667	0.967	0.9669	0.9818	0.9724	0.9686	0.9673	0.9614	0.9676	0.9671	0.9674	0.9673
  c	1.2942	1.1008	1.0229	1.4404	0.9827	0.9811	0.9817	0.983	0.9759	1.4308	1.4675	0.9817	0.999	0.9846	0.9829	1.4929	0.9829	0.9856	0.9831	1.0746	1.7907	1.3022	1.5848	1.2838	1.4355	0.9937	0.9796	1.0494	0.9837	0.983	0.9834	1.3664	1.1654	2.0498	0	1.2618	0.9848	0.9845	0.9833	0.999	1.4258	1.3377	1.0339	0.9869	0.9829	0.9825	0.995	0.9909
  d	0.9892	0.9993	0.9948	0.9949	0.9861	0.9842	0.9849	0.9864	0.9779	0.9955	0.9865	0.9849	1.0024	0.9864	0.9867	0.9882	0.9853	0.9858	0.9862	0.9874	0.9999	0.9855	0.9952	0.9987	1.4763	1.0005	0.9824	0.9878	0.9877	0.9858	1.5201	1.3806	0.9863	0.9884	1.2618	0	0.9868	0.9865	0.9862	1.048	0.992	0.9904	0.9871	0.9808	1.0774	1.5551	0.9971	0.9934
  e	0.9674	0.9737	2.3	0.9677	1.2337	0.9664	0.9666	1.6417	0.9654	0.9673	0.9667	0.9666	0.9712	0.9669	0.9674	0.9671	0.9665	0.9848	3.2544	2.403	0.9764	0.9666	0.9679	0.9646	0.9672	0.9786	0.9661	0.9669	0.9683	0.9667	0.9674	0.9677	0.9668	0.9667	0.9848	0.9868	0	1.4171	1.4493	0.9763	0.9666	0.9676	0.9669	0.9607	0.9675	0.9669	0.9669	0.9669
  f	0.9674	0.9738	2.4093	0.968	1.0636	0.9667	0.9669	0.9672	0.9656	0.9676	0.967	0.9668	0.9714	0.9674	0.9676	0.9674	0.9668	0.9812	1.1047	0.9675	0.9764	0.9669	0.9681	0.9651	0.9674	0.9785	0.9663	0.9671	0.9685	0.967	0.9677	0.968	0.9671	0.967	0.9845	0.9865	1.4171	0	0.9674	0.9757	0.9669	0.9676	0.9672	0.961	0.9677	0.9672	0.9672	0.9672
  g	0.9673	0.9736	1.4572	0.9679	0.9672	0.9666	0.9668	0.9671	0.9656	0.9675	0.9669	0.9668	0.9713	0.967	0.9676	0.9673	0.9667	0.9662	0.9669	0.9673	0.9762	0.9669	0.968	0.9648	0.9674	0.9784	0.9663	0.9671	0.9684	0.9669	0.9676	0.9679	0.967	0.9669	0.9833	0.9862	1.4493	0.9674	0	0.9755	0.9668	0.9676	0.9671	0.961	0.9676	0.9671	0.9671	0.9671
  h	0.9754	0.9825	0.9828	0.9762	0.9755	0.9744	0.9749	0.9756	0.971	1.4615	0.9751	0.9748	1.3449	0.9755	1.4729	0.9756	0.9749	0.9748	0.9753	1.4592	0.9856	1.4457	0.9762	0.9737	0.9764	1.4718	0.9735	0.9754	1.9728	0.9753	0.9759	0.9761	0.9754	0.9818	0.999	1.048	0.9763	0.9757	0.9755	0	0.975	0.976	0.9757	0.97	2.0335	1.1078	0.976	1.3873
  i	0.9703	0.9752	0.9753	0.9703	0.9669	0.9665	0.9667	0.9669	0.9655	0.9752	0.9675	0.9667	0.971	0.9669	0.9674	0.9679	0.9676	0.9661	0.9664	0.9679	0.9777	0.9668	0.9722	2.4271	0.9856	0.9776	0.9662	0.9682	0.9682	0.9668	0.9675	0.974	0.9671	0.9724	1.4258	0.992	0.9666	0.9669	0.9668	0.975	0	0.9704	0.9677	0.9613	0.9675	0.967	0.9671	0.9671
  j	1.1524	0.9757	0.9761	0.9704	0.9676	0.9672	0.9674	0.9677	0.9661	0.9756	0.9706	0.9673	0.9718	0.9676	0.9681	0.9686	0.9673	0.9668	0.9673	1.0177	0.9833	0.9676	0.973	0.9678	0.971	0.9786	0.9668	0.9678	0.969	0.9675	0.9682	0.9725	0.9678	0.9686	1.3377	0.9904	0.9676	0.9676	0.9676	0.976	0.9704	0	0.9684	0.9659	0.9682	0.9677	0.9678	0.9678
  k	0.9682	0.9741	0.9753	0.9685	0.9672	0.9667	0.9669	0.9672	0.9657	1.4383	0.9673	0.9669	0.9714	0.9671	0.9677	0.9676	0.9669	0.9663	0.9667	0.9675	0.9768	0.967	0.9687	0.9655	0.9682	0.9784	0.9664	0.9672	0.9685	0.967	0.9677	0.969	0.9672	0.9673	1.0339	0.9871	0.9669	0.9672	0.9671	0.9757	0.9677	0.9684	0	0.9612	0.9677	0.9672	0.9673	0.9673
  l	1.4602	0.9681	0.9703	0.9623	0.9611	1.9209	1.4394	0.9611	11.087	0.962	0.9612	1.4415	0.9655	0.961	0.9618	0.9616	0.9611	0.96	0.9605	0.9731	0.9709	0.9611	1.4608	0.9589	0.962	0.973	3.3755	0.9614	0.9627	0.9611	0.9619	0.9624	0.9612	0.9614	0.9869	0.9808	0.9607	0.961	0.961	0.97	0.9613	0.9659	0.9612	0	0.9619	0.9614	0.9613	0.9612
  m	0.9679	0.974	0.9753	0.9685	0.9677	0.9672	0.9674	0.9677	0.966	0.9684	0.9676	0.9674	0.9754	0.9676	0.9764	0.968	0.9674	0.9668	0.9672	0.9751	0.9766	0.9699	0.9686	0.9656	0.9681	0.9883	0.9668	0.9677	0.9728	0.9676	0.9683	0.9686	0.9676	0.9676	0.9829	1.0774	0.9675	0.9677	0.9676	2.0335	0.9675	0.9682	0.9677	0.9619	0	1.2146	0.9678	1.0899
  n	0.9675	0.9734	0.9747	0.968	0.9672	0.9668	0.9669	0.9672	0.9657	0.9677	0.9671	0.9669	0.9716	0.9671	0.9681	0.9675	0.9669	0.9663	0.9667	0.9677	0.9758	0.9671	0.9681	0.9651	0.9676	0.9787	0.9664	0.9672	0.9688	0.9671	0.968	0.9682	0.9671	0.9671	0.9825	1.5551	0.9669	0.9672	0.9671	1.1078	0.967	0.9677	0.9672	0.9614	1.2146	0	0.9673	0.9674
  o	0.9675	0.9738	0.9752	0.9681	0.9672	0.9668	0.967	0.9672	0.9657	0.9677	0.9671	0.9669	1.054	0.9672	0.9678	0.9675	0.9669	0.9663	0.9667	0.9674	0.9764	0.967	0.9686	0.9687	1.3997	0.9786	0.9664	0.9677	0.9687	0.9671	0.9678	0.9681	0.9672	0.9674	0.995	0.9971	0.9669	0.9672	0.9671	0.976	0.9671	0.9678	0.9673	0.9613	0.9678	0.9673	0	0.9727
  p	0.9675	0.9738	0.9752	0.9681	0.9672	0.9668	0.967	0.9672	0.9657	0.9678	0.9671	0.9669	0.9778	0.9672	0.9679	0.9675	0.9669	0.9663	0.9667	0.9675	0.9764	0.9671	0.9685	0.9675	1.4561	0.9803	0.9664	0.9675	0.9691	0.9671	0.9678	0.9681	0.9672	0.9673	0.9909	0.9934	0.9669	0.9672	0.9671	1.3873	0.9671	0.9678	0.9673	0.9612	1.0899	0.9674	0.9727	0

Actual rates from j->i (Q_ij):
	A	B	C	D	E	F	G	H	I	J	K	L	M	N	O	P	Q	R	S	T	U	V	W	X	Y	Z	[	\	]	^	_	`	a	b	c	d	e	f	g	h	i	j	k	l	m	n	o	p
  A	0	0.0193	0.0193	0.0192	0.0192	0.0192	0.0192	0.0192	0.0192	0.0193	0.0192	0.0192	0.0193	0.0192	0.0192	0.0192	0.0192	0.0192	0.0192	0.029	0.0195	0.0192	0.0291	0.0192	0.0193	0.0194	0.0192	0.0192	0.0192	0.0192	0.0192	0.0193	0.0192	0.0192	0.0257	0.0196	0.0192	0.0192	0.0192	0.0193	0.0192	0.0229	0.0192	0.029	0.0192	0.0192	0.0192	0.0192
  B	0.0214	0	0.0215	0.0216	0.0213	0.0213	0.0213	0.0214	0.0213	0.0214	0.0214	0.0213	0.0214	0.0213	0.0214	0.0214	0.0213	0.0213	0.0213	0.0214	0.0218	0.0214	0.0216	0.0213	0.0214	0.0216	0.0213	0.0214	0.0214	0.0213	0.0214	0.0215	0.0214	0.0214	0.0241	0.0219	0.0213	0.0214	0.0213	0.0215	0.0214	0.0214	0.0214	0.0212	0.0214	0.0213	0.0214	0.0214
  C	0.0186	0.0187	0	0.0186	0.0186	0.0186	0.0186	0.0186	0.0185	0.0186	0.0186	0.0186	0.0187	0.0523	0.0186	0.0186	0.0186	0.0849	0.0205	0.0233	0.0188	0.0186	0.0186	0.0369	0.0186	0.0188	0.0185	0.0186	0.0186	0.0277	0.0186	0.0186	0.0186	0.0186	0.0195	0.019	0.0438	0.0459	0.0278	0.0187	0.0186	0.0186	0.0186	0.0185	0.0186	0.0186	0.0186	0.0186
  D	0.0204	0.0206	0.0205	0	0.0203	0.0203	0.0203	0.0203	0.0203	0.0204	0.0203	0.0203	0.0204	0.0203	0.0203	0.0206	0.0203	0.0203	0.0203	0.0203	0.0206	0.0203	0.0214	0.0203	0.0204	0.0205	0.0203	0.0203	0.0203	0.0203	0.0203	0.0205	0.0204	0.0203	0.0302	0.0209	0.0203	0.0203	0.0203	0.0205	0.0204	0.0204	0.0203	0.0202	0.0203	0.0203	0.0203	0.0203
  E	0.0206	0.0207	0.0207	0.0206	0	0.0206	0.0206	0.0206	0.0205	0.0206	0.0206	0.0206	0.0207	0.0206	0.0206	0.0206	0.0206	0.0206	0.0264	0.0206	0.0208	0.0206	0.0206	0.0205	0.0206	0.0208	0.0206	0.0206	0.0206	0.0206	0.0206	0.0206	0.0206	0.0206	0.0209	0.021	0.0262	0.0226	0.0206	0.0207	0.0206	0.0206	0.0206	0.0204	0.0206	0.0206	0.0206	0.0206
  F	0.0189	0.019	0.019	0.0189	0.0188	0	0.0188	0.0188	0.0188	0.0189	0.0188	0.0188	0.0189	0.0188	0.0189	0.0188	0.0188	0.0188	0.0188	0.0188	0.019	0.0188	0.0189	0.0188	0.0189	0.019	0.0188	0.0188	0.0189	0.0188	0.0189	0.0189	0.0188	0.0188	0.0191	0.0192	0.0188	0.0188	0.0188	0.019	0.0188	0.0189	0.0188	0.0374	0.0189	0.0188	0.0188	0.0188
  G	0.0195	0.0196	0.0197	0.0195	0.0195	0.0195	0	0.0195	0.0195	0.0195	0.0195	0.0195	0.0196	0.0195	0.0195	0.0195	0.0195	0.0195	0.0195	0.0195	0.0197	0.0195	0.0195	0.0195	0.0195	0.0197	0.0195	0.0195	0.0195	0.0195	0.0195	0.0195	0.0195	0.0195	0.0198	0.0199	0.0195	0.0195	0.0195	0.0197	0.0195	0.0195	0.0195	0.0291	0.0195	0.0195	0.0195	0.0195
  H	0.0208	0.021	0.021	0.0208	0.0208	0.0208	0.0208	0	0.0208	0.0208	0.0208	0.0208	0.0209	0.0208	0.0208	0.0208	0.0208	0.0208	0.031	0.0212	0.021	0.0208	0.0208	0.0208	0.0208	0.0211	0.0208	0.0208	0.0209	0.0208	0.0208	0.0208	0.0208	0.0208	0.0212	0.0212	0.0353	0.0208	0.0208	0.021	0.0208	0.0208	0.0208	0.0207	0.0208	0.0208	0.0208	0.0208
  I	0.0124	0.0124	0.0124	0.0124	0.0124	0.0124	0.0124	0.0124	0	0.0124	0.0124	0.0124	0.0124	0.0124	0.0124	0.0124	0.0124	0.0124	0.0124	0.0124	0.0125	0.0124	0.0124	0.0124	0.0124	0.0125	0.0124	0.0124	0.0124	0.0124	0.0124	0.0124	0.0124	0.0124	0.0125	0.0125	0.0124	0.0124	0.0124	0.0124	0.0124	0.0124	0.0124	0.1421	0.0124	0.0124	0.0124	0.0124
  J	0.0204	0.0205	0.0204	0.0204	0.0203	0.0203	0.0203	0.0203	0.0202	0	0.0203	0.0203	0.0204	0.0203	0.0203	0.0203	0.0203	0.0202	0.0203	0.0203	0.0205	0.0203	0.0204	0.0203	0.0204	0.0205	0.0202	0.0203	0.0203	0.0203	0.0203	0.0205	0.0203	0.0203	0.03	0.0208	0.0203	0.0203	0.0203	0.0306	0.0204	0.0204	0.0301	0.0201	0.0203	0.0203	0.0203	0.0203
  K	0.0203	0.0204	0.0204	0.0203	0.0202	0.0202	0.0202	0.0202	0.0202	0.0203	0	0.0202	0.0203	0.0202	0.0202	0.0202	0.0202	0.0202	0.0202	0.0202	0.0207	0.0202	0.0203	0.0202	0.0202	0.0204	0.0202	0.0202	0.0203	0.0202	0.0202	0.0203	0.0202	0.0202	0.0307	0.0206	0.0202	0.0202	0.0202	0.0204	0.0202	0.0203	0.0202	0.0201	0.0202	0.0202	0.0202	0.0202
  L	0.0195	0.0197	0.0197	0.0195	0.0195	0.0195	0.0195	0.0195	0.0195	0.0195	0.0195	0	0.0196	0.0195	0.0195	0.0195	0.0195	0.0195	0.0195	0.0195	0.0197	0.0195	0.0196	0.0195	0.0195	0.0197	0.0195	0.0195	0.0196	0.0195	0.0195	0.0195	0.0195	0.0195	0.0198	0.0199	0.0195	0.0195	0.0195	0.0197	0.0195	0.0195	0.0195	0.0291	0.0195	0.0195	0.0195	0.0195
  M	0.0209	0.021	0.021	0.0209	0.0209	0.0208	0.0208	0.0209	0.0208	0.0209	0.0209	0.0208	0	0.0209	0.021	0.0209	0.0208	0.0208	0.0208	0.0209	0.0211	0.0209	0.0209	0.0209	0.0301	0.0218	0.0208	0.0209	0.0216	0.0209	0.0209	0.0209	0.0209	0.0209	0.0215	0.0215	0.0209	0.0209	0.0209	0.0289	0.0209	0.0209	0.0209	0.0207	0.0209	0.0209	0.0226	0.021
  N	0.0208	0.0209	0.0589	0.0208	0.0208	0.0208	0.0208	0.0208	0.0208	0.0208	0.0208	0.0208	0.0209	0	0.0208	0.0208	0.0208	0.0269	0.0208	0.0208	0.021	0.0208	0.0208	0.0207	0.0208	0.021	0.0208	0.0208	0.0208	0.0208	0.0208	0.0208	0.0208	0.0208	0.0212	0.0212	0.0208	0.0208	0.0208	0.021	0.0208	0.0208	0.0208	0.0207	0.0208	0.0208	0.0208	0.0208
  O	0.0203	0.0204	0.0205	0.0203	0.0203	0.0203	0.0203	0.0203	0.0203	0.0203	0.0203	0.0203	0.0205	0.0203	0	0.0203	0.0203	0.0203	0.0203	0.0203	0.0205	0.0203	0.0203	0.0203	0.0203	0.0211	0.0203	0.0203	0.0204	0.0203	0.0203	0.0203	0.0203	0.0203	0.0206	0.0207	0.0203	0.0203	0.0203	0.0309	0.0203	0.0203	0.0203	0.0202	0.0205	0.0203	0.0203	0.0203
  P	0.0202	0.0204	0.0204	0.0205	0.0202	0.0202	0.0202	0.0202	0.0202	0.0202	0.0202	0.0202	0.0203	0.0202	0.0202	0	0.0202	0.0202	0.0202	0.0202	0.0237	0.0202	0.0213	0.0202	0.0202	0.0204	0.0202	0.0202	0.0202	0.0202	0.0202	0.0203	0.0278	0.0202	0.0312	0.0206	0.0202	0.0202	0.0202	0.0204	0.0202	0.0202	0.0202	0.0201	0.0202	0.0202	0.0202	0.0202
  Q	0.0197	0.0198	0.0199	0.0197	0.0197	0.0197	0.0197	0.0197	0.0197	0.0197	0.0197	0.0197	0.0198	0.0197	0.0197	0.0197	0	0.0197	0.0197	0.0197	0.0199	0.0197	0.0197	0.0592	0.0197	0.0199	0.0197	0.0197	0.0197	0.0197	0.0197	0.0197	0.0197	0.0197	0.02	0.0201	0.0197	0.0197	0.0197	0.0199	0.0197	0.0197	0.0197	0.0196	0.0197	0.0197	0.0197	0.0197
  R	0.0212	0.0213	0.0976	0.0212	0.0212	0.0212	0.0212	0.0212	0.0212	0.0212	0.0212	0.0212	0.0213	0.0274	0.0212	0.0212	0.0212	0	0.0212	0.0212	0.0214	0.0212	0.0212	0.0317	0.0212	0.0214	0.0212	0.0212	0.0212	0.0212	0.0212	0.0212	0.0212	0.0212	0.0216	0.0216	0.0216	0.0215	0.0212	0.0214	0.0212	0.0212	0.0212	0.021	0.0212	0.0212	0.0212	0.0212
  S	0.0212	0.0213	0.0236	0.0212	0.0272	0.0212	0.0212	0.0316	0.0212	0.0212	0.0212	0.0212	0.0213	0.0212	0.0212	0.0212	0.0212	0.0212	0	0.0289	0.0214	0.0212	0.0212	0.0211	0.0212	0.0214	0.0212	0.0212	0.0212	0.0212	0.0212	0.0212	0.0212	0.0212	0.0216	0.0216	0.0713	0.0242	0.0212	0.0214	0.0212	0.0212	0.0212	0.0211	0.0212	0.0212	0.0212	0.0212
  T	0.031	0.0206	0.0258	0.0205	0.0205	0.0204	0.0205	0.0209	0.0204	0.0205	0.0205	0.0205	0.0206	0.0205	0.0205	0.0205	0.0204	0.0204	0.0279	0	0.0207	0.0205	0.0206	0.0204	0.0205	0.0207	0.0204	0.0205	0.0205	0.0205	0.0205	0.0205	0.0205	0.0205	0.0227	0.0209	0.0508	0.0205	0.0205	0.0309	0.0205	0.0215	0.0205	0.0206	0.0206	0.0205	0.0205	0.0205
  U	0.0214	0.0216	0.0214	0.0214	0.0213	0.0212	0.0212	0.0213	0.0212	0.0214	0.0216	0.0212	0.0214	0.0213	0.0213	0.0247	0.0212	0.0212	0.0213	0.0213	0	0.0213	0.0218	0.0213	0.0213	0.0215	0.0212	0.0213	0.0213	0.0213	0.0213	0.0213	0.0219	0.0213	0.039	0.0218	0.0213	0.0213	0.0213	0.0215	0.0213	0.0214	0.0213	0.0211	0.0213	0.0212	0.0213	0.0213
  V	0.02	0.0202	0.0202	0.02	0.02	0.02	0.02	0.02	0.02	0.02	0.02	0.02	0.0201	0.02	0.0201	0.02	0.02	0.02	0.02	0.02	0.0202	0	0.02	0.02	0.02	0.0203	0.02	0.02	0.0201	0.02	0.02	0.02	0.02	0.0263	0.027	0.0204	0.02	0.02	0.02	0.0299	0.02	0.02	0.02	0.0199	0.0201	0.02	0.02	0.02
  W	0.0299	0.02	0.0199	0.0208	0.0197	0.0197	0.0197	0.0197	0.0197	0.0198	0.0197	0.0197	0.0198	0.0197	0.0197	0.0208	0.0197	0.0197	0.0197	0.0198	0.0203	0.0197	0	0.0265	0.0209	0.0199	0.0197	0.0228	0.0197	0.0197	0.0197	0.0199	0.02	0.0198	0.0323	0.0203	0.0197	0.0197	0.0197	0.0199	0.0198	0.0198	0.0197	0.0297	0.0197	0.0197	0.0197	0.0197
  X	0.0213	0.0214	0.0426	0.0213	0.0212	0.0212	0.0212	0.0212	0.0212	0.0213	0.0212	0.0212	0.0214	0.0212	0.0212	0.0212	0.0638	0.0318	0.0212	0.0212	0.0214	0.0212	0.0285	0	0.0278	0.0214	0.0212	0.0397	0.0212	0.0212	0.0212	0.0213	0.0318	0.0325	0.0282	0.0219	0.0212	0.0212	0.0212	0.0214	0.0533	0.0213	0.0212	0.0211	0.0212	0.0212	0.0213	0.0212
  Y	0.0195	0.0196	0.0196	0.0195	0.0195	0.0195	0.0195	0.0195	0.0194	0.0196	0.0195	0.0195	0.0282	0.0195	0.0195	0.0195	0.0195	0.0194	0.0195	0.0195	0.0197	0.0195	0.0206	0.0255	0	0.0197	0.0194	0.0207	0.0195	0.0195	0.0195	0.0196	0.0195	0.0203	0.0289	0.0297	0.0195	0.0195	0.0195	0.0196	0.0198	0.0195	0.0195	0.0194	0.0195	0.0195	0.0282	0.0293
  Z	0.0211	0.0213	0.0213	0.0211	0.0211	0.0211	0.0211	0.0211	0.021	0.0212	0.0211	0.0211	0.0219	0.0211	0.0217	0.0211	0.0211	0.0211	0.0211	0.0212	0.0213	0.0211	0.0211	0.0211	0.0211	0	0.0211	0.0211	0.0214	0.0211	0.0211	0.0211	0.0211	0.0211	0.0214	0.0216	0.0211	0.0211	0.0211	0.0318	0.0211	0.0211	0.0211	0.021	0.0213	0.0211	0.0211	0.0212
  [	0.0171	0.0172	0.0173	0.0171	0.0171	0.0171	0.0171	0.0171	0.0171	0.0171	0.0171	0.0171	0.0172	0.0171	0.0171	0.0171	0.0171	0.0171	0.0171	0.0171	0.0173	0.0171	0.0171	0.0171	0.0171	0.0173	0	0.0171	0.0172	0.0171	0.0171	0.0171	0.0171	0.0171	0.0174	0.0174	0.0171	0.0171	0.0171	0.0173	0.0171	0.0171	0.0171	0.0598	0.0171	0.0171	0.0171	0.0171
  \	0.0201	0.0202	0.0202	0.0201	0.0201	0.0201	0.0201	0.0201	0.02	0.0201	0.0201	0.0201	0.0202	0.0201	0.0201	0.0201	0.0201	0.02	0.0201	0.0201	0.0203	0.0201	0.0232	0.0375	0.0213	0.0203	0.02	0	0.0201	0.0201	0.0201	0.0201	0.0201	0.0201	0.0218	0.0205	0.0201	0.0201	0.0201	0.0202	0.0201	0.0201	0.0201	0.0199	0.0201	0.0201	0.0201	0.0201
  ]	0.0203	0.0205	0.0205	0.0204	0.0203	0.0203	0.0203	0.0203	0.0203	0.0204	0.0203	0.0203	0.0212	0.0203	0.0204	0.0203	0.0203	0.0203	0.0203	0.0204	0.0205	0.0204	0.0204	0.0203	0.0204	0.0209	0.0203	0.0203	0	0.0203	0.0204	0.0204	0.0203	0.0203	0.0207	0.0207	0.0203	0.0203	0.0203	0.0414	0.0203	0.0204	0.0203	0.0202	0.0204	0.0204	0.0203	0.0204
  ^	0.0205	0.0206	0.0308	0.0205	0.0204	0.0204	0.0204	0.0204	0.0204	0.0205	0.0204	0.0204	0.0205	0.0205	0.0205	0.0205	0.0204	0.0204	0.0204	0.0205	0.0206	0.0204	0.0205	0.0204	0.0205	0.0207	0.0204	0.0204	0.0205	0	0.0205	0.0205	0.0204	0.0204	0.0208	0.0208	0.0204	0.0204	0.0204	0.0206	0.0204	0.0205	0.0204	0.0203	0.0205	0.0204	0.0204	0.0204
  _	0.0203	0.0204	0.0204	0.0203	0.0203	0.0202	0.0202	0.0203	0.0202	0.0203	0.0203	0.0202	0.0203	0.0203	0.0203	0.0203	0.0202	0.0202	0.0202	0.0203	0.0204	0.0202	0.0203	0.0202	0.0203	0.0205	0.0202	0.0203	0.0203	0.0203	0	0.0203	0.0203	0.0203	0.0206	0.0318	0.0202	0.0203	0.0203	0.0204	0.0202	0.0203	0.0203	0.0201	0.0203	0.0203	0.0203	0.0203
  `	0.0201	0.0203	0.0202	0.0203	0.02	0.02	0.02	0.02	0.02	0.0203	0.0201	0.02	0.0201	0.02	0.02	0.0201	0.02	0.02	0.02	0.0201	0.0203	0.02	0.0202	0.0201	0.0202	0.0203	0.02	0.02	0.0201	0.02	0.0201	0	0.02	0.0201	0.0283	0.0286	0.02	0.02	0.02	0.0202	0.0202	0.0201	0.0201	0.0199	0.02	0.02	0.02	0.02
  a	0.0204	0.0205	0.0205	0.0204	0.0204	0.0203	0.0204	0.0204	0.0203	0.0204	0.0204	0.0204	0.0204	0.0204	0.0204	0.0281	0.0204	0.0203	0.0203	0.0204	0.0212	0.0204	0.0206	0.0305	0.0204	0.0206	0.0203	0.0204	0.0204	0.0204	0.0204	0.0204	0	0.0204	0.0245	0.0208	0.0204	0.0204	0.0204	0.0205	0.0204	0.0204	0.0204	0.0202	0.0204	0.0204	0.0204	0.0204
  b	0.0195	0.0197	0.0197	0.0195	0.0195	0.0195	0.0195	0.0195	0.0195	0.0196	0.0195	0.0195	0.0196	0.0195	0.0195	0.0195	0.0195	0.0195	0.0195	0.0195	0.0197	0.0257	0.0196	0.0299	0.0204	0.0197	0.0195	0.0196	0.0195	0.0195	0.0195	0.0196	0.0195	0	0.0414	0.0199	0.0195	0.0195	0.0195	0.0198	0.0196	0.0195	0.0195	0.0194	0.0195	0.0195	0.0195	0.0195
  c	0.0274	0.0233	0.0217	0.0305	0.0208	0.0208	0.0208	0.0208	0.0207	0.0303	0.0311	0.0208	0.0212	0.0208	0.0208	0.0316	0.0208	0.0209	0.0208	0.0228	0.0379	0.0276	0.0336	0.0272	0.0304	0.021	0.0207	0.0222	0.0208	0.0208	0.0208	0.0289	0.0247	0.0434	0	0.0267	0.0209	0.0208	0.0208	0.0212	0.0302	0.0283	0.0219	0.0209	0.0208	0.0208	0.0211	0.021
  d	0.0236	0.0238	0.0237	0.0237	0.0235	0.0235	0.0235	0.0235	0.0233	0.0237	0.0235	0.0235	0.0239	0.0235	0.0235	0.0236	0.0235	0.0235	0.0235	0.0235	0.0238	0.0235	0.0237	0.0238	0.0352	0.0239	0.0234	0.0236	0.0236	0.0235	0.0363	0.0329	0.0235	0.0236	0.0301	0	0.0235	0.0235	0.0235	0.025	0.0237	0.0236	0.0235	0.0234	0.0257	0.0371	0.0238	0.0237
  e	0.0212	0.0213	0.0503	0.0212	0.027	0.0211	0.0211	0.0359	0.0211	0.0212	0.0211	0.0211	0.0212	0.0212	0.0212	0.0212	0.0211	0.0215	0.0712	0.0526	0.0214	0.0211	0.0212	0.0211	0.0212	0.0214	0.0211	0.0211	0.0212	0.0211	0.0212	0.0212	0.0211	0.0211	0.0215	0.0216	0	0.031	0.0317	0.0214	0.0211	0.0212	0.0212	0.021	0.0212	0.0212	0.0212	0.0212
  f	0.021	0.0211	0.0522	0.021	0.023	0.0209	0.0209	0.021	0.0209	0.021	0.0209	0.0209	0.021	0.021	0.021	0.021	0.0209	0.0213	0.0239	0.021	0.0211	0.0209	0.021	0.0209	0.021	0.0212	0.0209	0.0209	0.021	0.0209	0.021	0.021	0.0209	0.0209	0.0213	0.0214	0.0307	0	0.021	0.0211	0.0209	0.021	0.0209	0.0208	0.021	0.021	0.021	0.021
  g	0.0207	0.0209	0.0312	0.0207	0.0207	0.0207	0.0207	0.0207	0.0207	0.0207	0.0207	0.0207	0.0208	0.0207	0.0207	0.0207	0.0207	0.0207	0.0207	0.0207	0.0209	0.0207	0.0207	0.0207	0.0207	0.021	0.0207	0.0207	0.0208	0.0207	0.0207	0.0207	0.0207	0.0207	0.0211	0.0211	0.0311	0.0207	0	0.0209	0.0207	0.0207	0.0207	0.0206	0.0207	0.0207	0.0207	0.0207
  h	0.0209	0.021	0.021	0.0209	0.0209	0.0209	0.0209	0.0209	0.0208	0.0313	0.0209	0.0209	0.0288	0.0209	0.0315	0.0209	0.0209	0.0209	0.0209	0.0312	0.0211	0.0309	0.0209	0.0208	0.0209	0.0315	0.0208	0.0209	0.0422	0.0209	0.0209	0.0209	0.0209	0.021	0.0214	0.0224	0.0209	0.0209	0.0209	0	0.0209	0.0209	0.0209	0.0208	0.0435	0.0237	0.0209	0.0297
  i	0.0199	0.02	0.02	0.0199	0.0199	0.0198	0.0198	0.0199	0.0198	0.02	0.0199	0.0198	0.0199	0.0199	0.0199	0.0199	0.0199	0.0198	0.0198	0.0199	0.0201	0.0199	0.02	0.0498	0.0202	0.0201	0.0198	0.0199	0.0199	0.0198	0.0199	0.02	0.0199	0.02	0.0293	0.0204	0.0198	0.0199	0.0199	0.02	0	0.0199	0.0199	0.0197	0.0199	0.0199	0.0199	0.0199
  j	0.0242	0.0205	0.0205	0.0204	0.0204	0.0203	0.0204	0.0204	0.0203	0.0205	0.0204	0.0204	0.0204	0.0204	0.0204	0.0204	0.0204	0.0203	0.0204	0.0214	0.0207	0.0204	0.0205	0.0204	0.0204	0.0206	0.0203	0.0204	0.0204	0.0204	0.0204	0.0205	0.0204	0.0204	0.0281	0.0208	0.0204	0.0204	0.0204	0.0205	0.0204	0	0.0204	0.0203	0.0204	0.0204	0.0204	0.0204
  k	0.0207	0.0208	0.0208	0.0207	0.0206	0.0206	0.0206	0.0206	0.0206	0.0307	0.0207	0.0206	0.0207	0.0206	0.0207	0.0207	0.0206	0.0206	0.0206	0.0207	0.0209	0.0206	0.0207	0.0206	0.0207	0.0209	0.0206	0.0207	0.0207	0.0206	0.0207	0.0207	0.0207	0.0207	0.0221	0.0211	0.0206	0.0206	0.0206	0.0208	0.0207	0.0207	0	0.0205	0.0207	0.0207	0.0207	0.0207
  l	0.0322	0.0214	0.0214	0.0212	0.0212	0.0424	0.0318	0.0212	0.2448	0.0212	0.0212	0.0318	0.0213	0.0212	0.0212	0.0212	0.0212	0.0212	0.0212	0.0215	0.0214	0.0212	0.0323	0.0212	0.0212	0.0215	0.0745	0.0212	0.0213	0.0212	0.0212	0.0212	0.0212	0.0212	0.0218	0.0217	0.0212	0.0212	0.0212	0.0214	0.0212	0.0213	0.0212	0	0.0212	0.0212	0.0212	0.0212
  m	0.0202	0.0203	0.0203	0.0202	0.0202	0.0202	0.0202	0.0202	0.0202	0.0202	0.0202	0.0202	0.0204	0.0202	0.0204	0.0202	0.0202	0.0202	0.0202	0.0203	0.0204	0.0202	0.0202	0.0201	0.0202	0.0206	0.0202	0.0202	0.0203	0.0202	0.0202	0.0202	0.0202	0.0202	0.0205	0.0225	0.0202	0.0202	0.0202	0.0424	0.0202	0.0202	0.0202	0.0201	0	0.0253	0.0202	0.0227
  n	0.0201	0.0202	0.0202	0.0201	0.0201	0.0201	0.0201	0.0201	0.02	0.0201	0.0201	0.0201	0.0202	0.0201	0.0201	0.0201	0.0201	0.02	0.0201	0.0201	0.0202	0.0201	0.0201	0.02	0.0201	0.0203	0.02	0.0201	0.0201	0.0201	0.0201	0.0201	0.0201	0.0201	0.0204	0.0323	0.0201	0.0201	0.0201	0.023	0.0201	0.0201	0.0201	0.0199	0.0252	0	0.0201	0.0201
  o	0.0206	0.0208	0.0208	0.0207	0.0206	0.0206	0.0206	0.0206	0.0206	0.0206	0.0206	0.0206	0.0225	0.0206	0.0206	0.0206	0.0206	0.0206	0.0206	0.0206	0.0208	0.0206	0.0207	0.0207	0.0299	0.0209	0.0206	0.0206	0.0207	0.0206	0.0206	0.0207	0.0206	0.0206	0.0212	0.0213	0.0206	0.0206	0.0206	0.0208	0.0206	0.0206	0.0206	0.0205	0.0206	0.0206	0	0.0208
  p	0.0207	0.0208	0.0208	0.0207	0.0207	0.0207	0.0207	0.0207	0.0206	0.0207	0.0207	0.0207	0.0209	0.0207	0.0207	0.0207	0.0207	0.0207	0.0207	0.0207	0.0209	0.0207	0.0207	0.0207	0.0311	0.021	0.0207	0.0207	0.0207	0.0207	0.0207	0.0207	0.0207	0.0207	0.0212	0.0212	0.0207	0.0207	0.0207	0.0297	0.0207	0.0207	0.0207	0.0205	0.0233	0.0207	0.0208	0
