{
  "generated_by": {
    "program": "augur",
    "version": "13.1.0"
  },
  "models": {
    "country": {
      "alphabet": [
        "Argentina",
        "Australia",
        "Austria",
        "Azerbaijan",
        "Belgium",
        "Brazil",
        "British Virgin Islands",
        "Bulgaria",
        "Canada",
        "Central African Republic",
        "China",
        "Colombia",
        "Cyprus",
        "Czech Republic",
        "Democratic Republic of the Congo",
        "Egypt",
        "France",
        "Germany",
        "Greece",
        "Hungary",
        "India",
        "Iran",
        "Israel",
        "Italy",
        "Kenya",
        "Madagascar",
        "Mexico",
        "Morocco",
        "Namibia",
        "Netherlands",
        "Nigeria",
        "Romania",
        "Russia",
        "Senegal",
        "Serbia",
        "Slovakia",
        "Slovenia",
        "South Africa",
        "Spain",
        "Tunisia",
        "Turkey",
        "USA",
        "Uganda",
        "Ukraine",
        "United Arab Emirates",
        "Zambia",
        "?"
      ],
      "equilibrium_probabilities": [
        0.020545972270219766,
        0.02288021405300178,
        0.020640043344350288,
        0.022007950850432473,
        0.022261007647873268,
        0.02026184020827673,
        0.020243367567317556,
        0.02253926001916206,
        0.009652445500121652,
        0.021932190513360046,
        0.021842356927291872,
        0.020260292281933354,
        0.02240330802100912,
        0.022904516653651324,
        0.02185165242401419,
        0.021785677014559152,
        0.021880983872617284,
        0.023328648903350388,
        0.023161692349156656,
        0.022098986213641546,
        0.02253066919921323,
        0.02157434509177501,
        0.019728642990531595,
        0.023409604610040158,
        0.021718276360152843,
        0.02238084156248714,
        0.015912082628957127,
        0.022531503123764018,
        0.021835041235847584,
        0.022069573495006545,
        0.021948396770642916,
        0.02149664749703279,
        0.023000767058460426,
        0.02356101586815933,
        0.02258452576607244,
        0.022359798032804714,
        0.02241790388278883,
        0.0229796515182979,
        0.02271694106459272,
        0.0220285853850584,
        0.022316563184525746,
        0.02602770770292486,
        0.02174684828096097,
        0.022041265101852486,
        0.022295583432866372,
        0.022304812519843394
      ],
      "rate": 49.48350342864218,
      "transition_matrix": [
        [
          0.0,
          0.9730127167215361,
          0.9753716339401147,
          0.9690112286052742,
          0.9684528818551366,
          0.9682215776114377,
          0.9682515702400629,
          0.9684403211501242,
          0.9673842281184576,
          0.9688224559257413,
          0.9684154976609942,
          0.9682115629082377,
          0.9721941443893817,
          0.9763015054178807,
          0.9688805766961982,
          0.9686716563302574,
          0.9684226936370279,
          0.9676148307222939,
          0.9679683367776174,
          0.9693675112663875,
          0.9747129684646328,
          0.968321572109934,
          1.459310653128254,
          0.9676683276171042,
          0.9689035959064435,
          0.9777383358351391,
          0.9677858652381561,
          0.9685113516025308,
          0.9697441217748786,
          0.9683837317987121,
          0.9692444085240332,
          0.9684575449339524,
          0.980920188508695,
          0.9774479406507663,
          0.968355216595037,
          0.9683665082712185,
          0.968458070259344,
          0.9771462429996116,
          0.9684757718253135,
          0.9690562306694382,
          0.9685268508121554,
          1.448513022378972,
          0.9690025597487008,
          0.9685787695813179,
          0.9685745132873247,
          0.9685608055568318
        ],
        [
          0.9730127167215361,
          0.0,
          0.9848526899646092,
          0.9798426326103785,
          0.9731566773061912,
          0.972512548385672,
          0.9725446067426854,
          0.973215596565473,
          0.9695409290434596,
          0.9754871957288099,
          0.9736631137255309,
          0.9725027742198815,
          0.9805506308629188,
          0.9871671154572375,
          0.974344764703635,
          0.9758927372718953,
          0.9736856943416405,
          0.972767182588766,
          0.9728135547378707,
          0.9743383642188842,
          1.1143789815525558,
          0.9736926847215907,
          1.0241468039006087,
          0.9726843266299108,
          0.9748853356751954,
          1.00613060054917,
          0.9711930219997825,
          0.9734853374614036,
          0.9761457055908273,
          0.9730752702146213,
          0.976870232341194,
          0.9741921393233712,
          1.0857295139371343,
          0.9905897087048466,
          0.9732019657194949,
          0.9732356440689631,
          0.9732458222601302,
          1.0037914215397266,
          0.9742051797192428,
          0.9742959047104717,
          0.9734341808792109,
          0.9764656914323372,
          0.974615681931769,
          0.9734269266809829,
          0.9733366442525156,
          0.9736808623803381
        ],
        [
          0.9753716339401147,
          0.9848526899646092,
          0.0,
          0.9769762673703679,
          0.9760755606949707,
          0.9751242832023512,
          0.975151186477092,
          0.9763241851100595,
          0.9709002966091759,
          0.977008458155119,
          0.9762131588258459,
          0.9751160007963299,
          0.9816587315075082,
          2.815422634740127,
          0.9768734487533366,
          0.9765772099451215,
          0.9762597787326709,
          3.884489864372127,
          1.0710180468827908,
          1.1786641453835314,
          0.9888374689136414,
          0.9763053433015054,
          0.9812777428931705,
          1.9452828848282482,
          0.9767067224917798,
          0.9945523370386511,
          0.973306422951969,
          0.9762341557554676,
          0.97835730672714,
          1.3286821558409867,
          0.977082925435831,
          0.9765277159643908,
          1.0302392922897183,
          0.9893755550288199,
          1.3633130775259137,
          2.4297255187325484,
          1.457459440984911,
          0.9984230104286297,
          0.9765996371524664,
          0.9765965848645604,
          0.9761798595469162,
          0.9784345834664246,
          0.9772029978206646,
          0.9762408109787923,
          0.9761701789558443,
          0.976489230288637
        ],
        [
          0.9690112286052742,
          0.9798426326103785,
          0.9769762673703679,
          0.0,
          0.9691671004167592,
          0.9688659215296702,
          0.9688984164105718,
          0.9691640582747406,
          0.9676480304986527,
          0.9726099587775022,
          0.9693570868747002,
          0.968855696124197,
          0.9732759000805447,
          0.9780647981159669,
          0.9696495048088813,
          0.98272089630936,
          0.9698290035125489,
          0.9683227838559721,
          0.9686736566008526,
          0.9696979074137785,
          0.9916311688632037,
          0.9691236624481256,
          1.1436473552666726,
          0.9683969786919313,
          0.9717350154279452,
          0.9802591311673475,
          0.9682736899820664,
          0.9693442777242944,
          0.9705881287299128,
          0.9690917911853685,
          0.9771010155395403,
          0.9697254255292554,
          1.305129443228225,
          0.9841858972966053,
          0.9690823625462623,
          0.9690922275353592,
          0.9691806935243599,
          0.9795532037261748,
          0.9706141592727678,
          0.9704661379264314,
          0.9695003111115346,
          0.9690475006749508,
          0.9697922400984054,
          0.9693247747625173,
          0.9693135938213105,
          0.9693210303871876
        ],
        [
          0.9684528818551366,
          0.9731566773061912,
          0.9760755606949707,
          0.9691671004167592,
          0.0,
          0.9684012457592136,
          0.9684343212764527,
          0.9689412661245161,
          0.96740880531256,
          0.9689798063270005,
          0.9685912261647504,
          0.9683907915571079,
          0.972658112432312,
          0.9770162053436291,
          0.9691161800189735,
          0.9688506832342262,
          0.9685397853681107,
          0.967758942114417,
          1.3524587911645467,
          0.9691693498423349,
          0.9748899844253256,
          0.9685130916211366,
          0.9723804497313292,
          0.9678129373911452,
          0.9690437912391051,
          0.9784286045694605,
          0.9679010507497204,
          0.9686823328629802,
          0.970038509436375,
          0.9685878568652099,
          0.9693896030079368,
          0.9686312221678318,
          0.9809755862451689,
          0.9780826806915838,
          0.9689537360209417,
          0.9685707240971032,
          1.263333561228574,
          0.9778850048183869,
          0.9686488983220338,
          0.9689195720158,
          0.9687165383074222,
          0.968355708609243,
          0.9692486862785279,
          0.968796967988779,
          0.9687893580116022,
          0.9687738527741523
        ],
        [
          0.9682215776114377,
          0.972512548385672,
          0.9751242832023512,
          0.9688659215296702,
          0.9684012457592136,
          0.0,
          0.9682059413974085,
          0.9683884181003929,
          0.9673697787245952,
          0.9686953097084277,
          0.9683411805747801,
          0.9681664650257575,
          0.9720435135037053,
          0.97603309131374,
          0.9688167110184553,
          0.9685775510847054,
          0.9682914082516885,
          0.9675720680616275,
          0.967921153193533,
          0.9685360568752743,
          0.9740973840695929,
          0.96827047475255,
          0.9718174903979533,
          0.9676210929809806,
          0.9687532110476524,
          0.9773276474223834,
          0.9693751312928974,
          0.968418038433207,
          0.969658480786223,
          0.9683333535553288,
          0.9690680709151485,
          0.9683812663168692,
          0.9796362518601698,
          0.9770459208172113,
          0.9683031037932659,
          0.9683156427359634,
          0.9684059276321338,
          0.9768124837288823,
          0.9683895540727772,
          0.968639328828336,
          0.9684501625907946,
          1.4468327073792941,
          0.9689374863354973,
          0.9685242830518437,
          0.9685157055946253,
          0.9685019243737877
        ],
        [
          0.9682515702400629,
          0.9725446067426854,
          0.975151186477092,
          0.9688984164105718,
          0.9684343212764527,
          0.9682059413974085,
          0.0,
          0.9684219249610861,
          0.9674502286413793,
          0.9687277885292541,
          0.9683737024952658,
          0.9681960734660869,
          0.9720746530938715,
          0.9760627507554893,
          0.9688489217104876,
          0.9686098433082021,
          0.9683240682503245,
          0.9676074719907715,
          0.9679560371574893,
          0.9685688439640203,
          0.9741278202222338,
          0.9683026393104789,
          0.9718442873310811,
          0.9676565951797476,
          0.9687852999358149,
          0.9773557016272268,
          0.9677742154377355,
          0.968451543860199,
          0.9696902240036218,
          0.9683661778992199,
          0.9691003503114899,
          0.9684132814628044,
          0.9796635781145325,
          0.9770760295283317,
          0.9683367530996345,
          0.9683489132842128,
          0.9684392402844242,
          0.97684183823216,
          0.9684234324863956,
          0.9686719605275295,
          0.9684833188685738,
          1.4480697353282939,
          0.9689694534634454,
          0.9685569695809355,
          0.9685487821730101,
          0.96853502367992
        ],
        [
          0.9684403211501242,
          0.973215596565473,
          0.9763241851100595,
          0.9691640582747406,
          0.9689412661245161,
          0.9683884181003929,
          0.9684219249610861,
          0.0,
          0.9673992176911785,
          0.9689745087698707,
          0.968579807296487,
          0.9683778300146898,
          0.9727050863680443,
          0.9771313888339689,
          0.9691115549410343,
          0.9688427961651576,
          0.9685271839580175,
          0.9677341088945332,
          1.7723343447380908,
          1.0227323712527823,
          0.9749748372769164,
          0.9685007500093117,
          0.9724475072342181,
          0.9677883573473353,
          0.9690388362540564,
          0.9785640916616604,
          0.9678884176309606,
          0.9686701923189147,
          0.970048414624818,
          0.9685748339183137,
          0.969389687896009,
          0.9686213977488703,
          0.9811633299104471,
          0.9782135478148369,
          1.3123353707219014,
          0.9685567618150438,
          0.9689182357193645,
          0.9780232521332936,
          0.9686373220571659,
          0.9689216097078923,
          0.9687052633257558,
          0.9683599074944598,
          0.9692472879375832,
          0.9687872291074097,
          0.9687788630703037,
          0.9687632056291963
        ],
        [
          0.9673842281184576,
          0.9695409290434596,
          0.9709002966091759,
          0.9676480304986527,
          0.96740880531256,
          0.9673697787245952,
          0.9674502286413793,
          0.9673992176911785,
          0.0,
          0.9675636063955547,
          0.967386036550053,
          0.9673539382374065,
          0.9692170272393186,
          0.9713095326358836,
          0.9676217332295892,
          0.9675038039021104,
          0.9673662708356093,
          0.9670024819783958,
          0.9671702981460553,
          0.9674872188455875,
          0.9703194506756936,
          0.9673554912939358,
          0.9692606873452778,
          0.9670252945638622,
          0.9675902524336947,
          0.9719468839717611,
          0.9672810433550703,
          0.9674153445954111,
          0.9680430330832602,
          0.9673780369918422,
          0.9677480024860938,
          0.9674117411003296,
          0.9730585050905614,
          0.9719753270459704,
          0.9673581666598672,
          0.9673658620212872,
          0.967409377385401,
          0.9716027452251168,
          0.9674024200184599,
          0.9675389523116698,
          0.967434464433275,
          11.41173867279363,
          0.967679833361415,
          0.9674731804742739,
          0.9674655451757762,
          0.9674593970604357
        ],
        [
          0.9688224559257413,
          0.9754871957288099,
          0.977008458155119,
          0.9726099587775022,
          0.9689798063270005,
          0.9686953097084277,
          0.9687277885292541,
          0.9689745087698707,
          0.9675636063955547,
          0.0,
          0.9700212220130839,
          0.9686850916314209,
          0.9740662951384871,
          0.9780685211145796,
          0.969565473389945,
          0.9700529041479613,
          0.9709709959290533,
          0.9681195751259151,
          0.9684856119693457,
          0.9705347991342071,
          0.9819249167127903,
          0.9689854452706979,
          1.0977646411125708,
          0.9682389610013534,
          0.9757120566581194,
          0.9810050904917963,
          0.9681388027724643,
          0.9693678010383059,
          0.9707731843259904,
          0.9689052303036695,
          0.9770405437490886,
          0.9704776726278607,
          1.3098352205425385,
          0.9854013399458255,
          0.9688978567870546,
          0.9688995846039218,
          0.9689904576387244,
          1.4659959536016227,
          0.9746153723035674,
          0.9742361322113293,
          1.4370905531149119,
          0.9690651219599162,
          0.9697915973284714,
          0.9691823798781224,
          0.9691466693125595,
          0.9691999990940638
        ],
        [
          0.9684154976609942,
          0.9736631137255309,
          0.9762131588258459,
          0.9693570868747002,
          0.9685912261647504,
          0.9683411805747801,
          0.9683737024952658,
          0.968579807296487,
          0.967386036550053,
          0.9700212220130839,
          0.0,
          0.9683309499074241,
          0.9724704379270519,
          0.9771893794468235,
          0.9690337846218515,
          0.9689151327365835,
          0.9686921586840217,
          0.9677044617258094,
          0.9680789171461728,
          0.9692640441204966,
          1.00527006397046,
          0.9685125504916328,
          0.9943160498816452,
          0.967763356813158,
          0.9695082781898751,
          0.9784447051762868,
          0.9678580670603766,
          0.9686672154318947,
          0.9699150650482933,
          0.9685194399530929,
          0.9699568200828468,
          0.9687508258846674,
          1.453479459980739,
          0.9784848094435119,
          0.9684921926284522,
          0.9685041604227058,
          0.9685972026423987,
          0.9776559189918976,
          0.9689648573799352,
          0.9706552261622473,
          0.9687787870449335,
          0.9681933678494882,
          0.9691607832684481,
          0.9687185239523023,
          0.9687198818185297,
          0.9687064281013995
        ],
        [
          0.9682115629082377,
          0.9725027742198815,
          0.9751160007963299,
          0.968855696124197,
          0.9683907915571079,
          0.9681664650257575,
          0.9681960734660869,
          0.9683778300146898,
          0.9673539382374065,
          0.9686850916314209,
          0.9683309499074241,
          0.0,
          0.972033457688615,
          0.976023677343449,
          0.9688065117225207,
          0.9685673715425313,
          0.968281187497032,
          0.9675611931270346,
          0.9679103300286189,
          0.9685257142837328,
          0.9740878155759929,
          0.9682603729019928,
          0.9718084167847677,
          0.9676101850256882,
          0.9687430511248952,
          0.9773184483661294,
          0.9677437390932043,
          0.9684074732449506,
          0.9696484463500566,
          0.968322985643269,
          0.9690578807172889,
          0.9683712332256025,
          0.9796269594070384,
          0.97703639185237,
          0.9682924993816908,
          0.9683051310486662,
          0.9683953998825381,
          0.9768028838633089,
          0.9683789469693395,
          0.9686290373875287,
          0.9684397049767811,
          1.4482006396376141,
          0.9689273238774636,
          0.9685139600669807,
          0.9685052572472126,
          0.9684914719671288
        ],
        [
          0.9721941443893817,
          0.9805506308629188,
          0.9816587315075082,
          0.9732759000805447,
          0.972658112432312,
          0.9720435135037053,
          0.9720746530938715,
          0.9727050863680443,
          0.9692170272393186,
          0.9740662951384871,
          0.9724704379270519,
          0.972033457688615,
          0.0,
          0.9833847006038567,
          0.9777264532320774,
          0.9728288262708784,
          0.9742938771793024,
          0.9720727489086564,
          0.9723008880213954,
          0.9739775580923601,
          0.983172967576261,
          0.9735422548492859,
          0.9819121413282842,
          0.9721146992798279,
          1.3963141169357025,
          1.0177341441586187,
          0.9707873170946321,
          0.9731201726302484,
          1.008542381028258,
          0.9725589444116012,
          0.9734301045127075,
          0.9726776693132254,
          1.0006379966196082,
          0.9959305178769315,
          0.9726605601335331,
          0.9726447501989199,
          0.9727141934469282,
          1.358476666028083,
          0.9728038848586099,
          0.972873837497314,
          0.9727245887107482,
          0.974258276053036,
          0.9766879444099807,
          0.9731792706740208,
          1.0686787335293877,
          0.9792716758442708
        ],
        [
          0.9763015054178807,
          0.9871671154572375,
          2.815422634740127,
          0.9780647981159669,
          0.9770162053436291,
          0.97603309131374,
          0.9760627507554893,
          0.9771313888339689,
          0.9713095326358836,
          0.9780685211145796,
          0.9771893794468235,
          0.976023677343449,
          0.9833847006038567,
          0.0,
          0.9779823647984394,
          0.9776004855083112,
          0.9771226070800859,
          1.2537289415000008,
          0.9770232044736749,
          0.9781351363860953,
          0.9914974235278139,
          0.9772984202188925,
          0.9828197758204531,
          0.9776994451704897,
          0.9777386597584617,
          0.9991331841480308,
          0.9740009353406434,
          0.9772462803744286,
          0.9796225052134782,
          0.9787232705835156,
          0.9781733463798574,
          0.9774922738186606,
          1.0392144862094796,
          0.9937735944749835,
          0.9775620698030746,
          0.9798005316377075,
          0.9806697038402361,
          1.0020195571036552,
          0.977556142997839,
          0.9775922955411406,
          0.9771978579199437,
          0.9807120046255728,
          0.97832122889657,
          0.9772657530741735,
          0.9771930154850825,
          0.9775373227269077
        ],
        [
          0.9688805766961982,
          0.974344764703635,
          0.9768734487533366,
          0.9696495048088813,
          0.9691161800189735,
          0.9688167110184553,
          0.9688489217104876,
          0.9691115549410343,
          0.9676217332295892,
          0.969565473389945,
          0.9690337846218515,
          0.9688065117225207,
          0.9777264532320774,
          0.9779823647984394,
          0.0,
          0.9693083471268903,
          0.9689952854585795,
          0.9682738109846433,
          0.9686254741558675,
          0.9698148435861114,
          0.9762302415072606,
          0.969988556977715,
          0.9730947659452704,
          0.9683161036159199,
          0.9695262013903586,
          0.9987565732765463,
          0.9682349051129953,
          0.9691405904160837,
          0.9721673123667731,
          0.9690400253867677,
          0.9698417448675309,
          0.969082515410364,
          0.9826112747733738,
          0.9793411812277322,
          0.9690297371249329,
          0.9690376955673156,
          0.9691291992745249,
          1.4715422699175729,
          0.9691113165314571,
          0.9693635548272721,
          0.9691695507793575,
          0.9693395947643728,
          0.9775185727304062,
          0.9696308558424879,
          0.9692517964435378,
          0.9693935417125181
        ],
        [
          0.9686716563302574,
          0.9758927372718953,
          0.9765772099451215,
          0.98272089630936,
          0.9688506832342262,
          0.9685775510847054,
          0.9686098433082021,
          0.9688427961651576,
          0.9675038039021104,
          0.9700529041479613,
          0.9689151327365835,
          0.9685673715425313,
          0.9728288262708784,
          0.9776004855083112,
          0.9693083471268903,
          0.0,
          0.9689918881134599,
          0.9679861882789466,
          0.9683482738287896,
          0.9691617216873718,
          1.2733491649945095,
          0.968786619359088,
          1.1041296901619146,
          0.9680444265606822,
          0.9698754474877427,
          0.9793260260017984,
          0.9680458252951388,
          0.9689407786280964,
          0.9702137904539403,
          0.9687771306568392,
          0.9715251074263953,
          0.9690657075331687,
          1.4036199386647201,
          0.9798247003053099,
          0.9687553254842015,
          0.9687680293099318,
          0.9688597457395784,
          0.9784379696192488,
          0.9692708952585464,
          0.9694927392006232,
          0.9690113167128898,
          0.9686759515683874,
          0.969437107424563,
          0.9689847459761997,
          0.9689819177100838,
          0.9689755114267197
        ],
        [
          0.9684226936370279,
          0.9736856943416405,
          0.9762597787326709,
          0.9698290035125489,
          0.9685397853681107,
          0.9682914082516885,
          0.9683240682503245,
          0.9685271839580175,
          0.9673662708356093,
          0.9709709959290533,
          0.9686921586840217,
          0.968281187497032,
          0.9742938771793024,
          0.9771226070800859,
          0.9689952854585795,
          0.9689918881134599,
          0.0,
          0.9677316722450875,
          0.9680229119340452,
          0.9690020114649406,
          0.9763781511639009,
          0.9684626491610366,
          1.2965572659996847,
          2.4987390865619807,
          1.1458845531098183,
          0.9785293356295234,
          0.9678201004616049,
          1.8759766455906917,
          0.9699108022511579,
          0.9684668086337315,
          0.9710387060613728,
          0.981246469676905,
          1.1616170857295298,
          0.9851020669223293,
          0.9684387065972584,
          0.968450757165884,
          0.9685460474919131,
          0.9778875896078074,
          1.872161205012473,
          0.9696646759392809,
          0.968812792609817,
          0.968466591234446,
          0.9691286782350996,
          0.968681249883918,
          0.9704757494407849,
          0.9698167060687471
        ],
        [
          0.9676148307222939,
          0.972767182588766,
          3.884489864372127,
          0.9683227838559721,
          0.967758942114417,
          0.9675720680616275,
          0.9676074719907715,
          0.9677341088945332,
          0.9670024819783958,
          0.9681195751259151,
          0.9677044617258094,
          0.9675611931270346,
          0.9720727489086564,
          1.2537289415000008,
          0.9682738109846433,
          0.9679861882789466,
          0.9677316722450875,
          0.0,
          0.9674067085753687,
          0.9684092401550884,
          0.9746505973607845,
          0.9676394557312021,
          0.9719300672592506,
          1.4511497510083002,
          0.9681936933596536,
          0.9789349185521586,
          0.9672410831916797,
          0.9677737508497087,
          0.9692697932947193,
          1.1631100168272712,
          0.9685504486122538,
          0.9677702488994991,
          0.9842292028338184,
          0.9786118262043513,
          0.9682260911025063,
          0.9678965860845412,
          0.9678832918466611,
          0.9778446333580076,
          0.9677664093540891,
          0.9680431067962688,
          0.9678138501146268,
          0.9679390663448836,
          0.9684141531667735,
          0.9679115737384395,
          0.9678907075452222,
          0.9678779438473314
        ],
        [
          0.9679683367776174,
          0.9728135547378707,
          1.0710180468827908,
          0.9686736566008526,
          1.3524587911645467,
          0.967921153193533,
          0.9679560371574893,
          1.7723343447380908,
          0.9671702981460553,
          0.9684856119693457,
          0.9680789171461728,
          0.9679103300286189,
          0.9723008880213954,
          0.9770232044736749,
          0.9686254741558675,
          0.9683482738287896,
          0.9680229119340452,
          0.9674067085753687,
          0.0,
          1.7117055028599166,
          0.9746338430256516,
          0.9680032785247545,
          0.9722248996791438,
          0.9672709690854968,
          0.9685534447190336,
          0.9783423969434286,
          0.967516331718015,
          0.9681530231662305,
          0.9695887425410044,
          0.9680883955076007,
          0.9689075130204075,
          0.9681276633998461,
          0.9812430550240139,
          0.9779471774116971,
          2.1641854660179,
          0.968107698999424,
          1.3234060759771862,
          0.9778160477302991,
          0.9681162295025698,
          0.9685050639629441,
          0.9681948714650749,
          0.9677500000236863,
          0.9687827367565852,
          0.9682862495113745,
          0.9682701204914512,
          0.9682541655027882
        ],
        [
          0.9693675112663875,
          0.9743383642188842,
          1.1786641453835314,
          0.9696979074137785,
          0.9691693498423349,
          0.9685360568752743,
          0.9685688439640203,
          1.0227323712527823,
          0.9674872188455875,
          0.9705347991342071,
          0.9692640441204966,
          0.9685257142837328,
          0.9739775580923601,
          0.9781351363860953,
          0.9698148435861114,
          0.9691617216873718,
          0.9690020114649406,
          0.9684092401550884,
          1.7117055028599166,
          0.0,
          0.9776723713136733,
          0.9688419468762122,
          1.4651861913106223,
          0.9680703062355351,
          0.9699061510327861,
          0.9809779192360868,
          0.9680124859298703,
          0.9689285299973519,
          0.9726738582497872,
          0.9687719557262591,
          0.970322978102828,
          0.9690332716086852,
          1.0460475942174916,
          0.9797867811186339,
          2.1704950128470792,
          0.9688436859048752,
          0.9691831447551922,
          1.463328035233225,
          0.969334611405606,
          1.000841902242849,
          0.9690120814308333,
          0.9704878447231228,
          0.9765233464031601,
          0.969278689608542,
          0.9689439581235764,
          0.969024177428562
        ],
        [
          0.9747129684646328,
          1.1143789815525558,
          0.9888374689136414,
          0.9916311688632037,
          0.9748899844253256,
          0.9740973840695929,
          0.9741278202222338,
          0.9749748372769164,
          0.9703194506756936,
          0.9819249167127903,
          1.00527006397046,
          0.9740878155759929,
          0.983172967576261,
          0.9914974235278139,
          0.9762302415072606,
          1.2733491649945095,
          0.9763781511639009,
          0.9746505973607845,
          0.9746338430256516,
          0.9776723713136733,
          0.0,
          0.975591140808696,
          1.1408537107781995,
          0.9745798897842408,
          0.9792522972778742,
          1.0165157087866827,
          0.9724474422246083,
          0.9754488248864098,
          0.978196224796868,
          0.9748020532180207,
          0.982764904053699,
          0.9766909426773351,
          1.8003062710213256,
          0.997972808299029,
          0.9749862331628292,
          0.9750065682808656,
          0.974999747048081,
          1.0103851818624294,
          0.9784936880951101,
          0.9812588370570852,
          0.9757063565707202,
          0.9796349373977928,
          0.9764900118077278,
          0.9751717731053346,
          0.9751017386547328,
          0.975504107925858
        ],
        [
          0.968321572109934,
          0.9736926847215907,
          0.9763053433015054,
          0.9691236624481256,
          0.9685130916211366,
          0.96827047475255,
          0.9683026393104789,
          0.9685007500093117,
          0.9673554912939358,
          0.9689854452706979,
          0.9685125504916328,
          0.9682603729019928,
          0.9735422548492859,
          0.9772984202188925,
          0.969988556977715,
          0.968786619359088,
          0.9684626491610366,
          0.9676394557312021,
          0.9680032785247545,
          0.9688419468762122,
          0.975591140808696,
          0.0,
          0.9726612830896417,
          0.9683628975254148,
          0.9690025398186584,
          0.9804205306753165,
          0.9678049563906492,
          0.9685557412335501,
          0.9703598218554959,
          0.9684427786023405,
          0.9693574529699559,
          1.268176427409353,
          1.295829762624216,
          0.9783727575709985,
          0.9684125060005325,
          0.9684281111517117,
          0.9685193254609199,
          1.452259466309749,
          0.9685669619858813,
          0.9688702912509055,
          0.9685984083940431,
          0.9684413475943386,
          0.9712593353755742,
          0.9687761256860716,
          0.9686383098115695,
          0.9687087389307326
        ],
        [
          1.459310653128254,
          1.0241468039006087,
          0.9812777428931705,
          1.1436473552666726,
          0.9723804497313292,
          0.9718174903979533,
          0.9718442873310811,
          0.9724475072342181,
          0.9692606873452778,
          1.0977646411125708,
          0.9943160498816452,
          0.9718084167847677,
          0.9819121413282842,
          0.9828197758204531,
          0.9730947659452704,
          1.1041296901619146,
          1.2965572659996847,
          0.9719300672592506,
          0.9722248996791438,
          1.4651861913106223,
          1.1408537107781995,
          0.9726612830896417,
          0.0,
          0.9814039443792743,
          1.214147452997632,
          0.9915180514974995,
          0.9706661377196957,
          1.071121831917412,
          0.9743145066294087,
          0.9722958144642898,
          1.0776171965003998,
          1.043433294626567,
          2.267974055382036,
          1.06700446913916,
          0.9725858852872372,
          0.9723926531515149,
          0.9724391136645868,
          0.990704152550585,
          1.0963745766299253,
          1.2439092272482943,
          0.9870400575929336,
          1.45983312710205,
          0.9733157770018341,
          0.9726833911490282,
          0.97699167235672,
          0.975614063022138
        ],
        [
          0.9676683276171042,
          0.9726843266299108,
          1.9452828848282482,
          0.9683969786919313,
          0.9678129373911452,
          0.9676210929809806,
          0.9676565951797476,
          0.9677883573473353,
          0.9670252945638622,
          0.9682389610013534,
          0.967763356813158,
          0.9676101850256882,
          0.9721146992798279,
          0.9776994451704897,
          0.9683161036159199,
          0.9680444265606822,
          2.4987390865619807,
          1.4511497510083002,
          0.9672709690854968,
          0.9680703062355351,
          0.9745798897842408,
          0.9683628975254148,
          0.9814039443792743,
          0.0,
          0.973999193441064,
          0.9784542024158814,
          0.9672789494349758,
          0.9990177535123634,
          0.9693009496259589,
          0.9678392623889586,
          0.9686614276747524,
          1.4536128187283426,
          0.9897041858849073,
          0.9782882223279317,
          0.9677569114563428,
          0.9677302594356612,
          0.9678198515510111,
          0.977698136387476,
          1.0682502018666022,
          0.9681237838584507,
          0.9678747309279241,
          0.9676270990362638,
          0.9684584553643812,
          0.9679644267287653,
          0.967990621156272,
          0.9679604707105975
        ],
        [
          0.9689035959064435,
          0.9748853356751954,
          0.9767067224917798,
          0.9717350154279452,
          0.9690437912391051,
          0.9687532110476524,
          0.9687852999358149,
          0.9690388362540564,
          0.9675902524336947,
          0.9757120566581194,
          0.9695082781898751,
          0.9687430511248952,
          1.3963141169357025,
          0.9777386597584617,
          0.9695262013903586,
          0.9698754474877427,
          1.1458845531098183,
          0.9681936933596536,
          0.9685534447190336,
          0.9699061510327861,
          0.9792522972778742,
          0.9690025398186584,
          1.214147452997632,
          0.973999193441064,
          0.0,
          0.9795020666922996,
          0.9681846092793922,
          1.0203117528894377,
          0.9705746176166606,
          0.9689682717537649,
          0.975090301568988,
          1.007157820086835,
          1.3364895110602177,
          1.4631870097490909,
          0.968956625489546,
          0.9689615708663784,
          0.9690541624183397,
          0.9795692168653061,
          0.9885426063215568,
          0.9716417684850697,
          0.9697224736096687,
          0.9690691896299629,
          0.9697834602256603,
          0.9692887869510567,
          1.3941674099169703,
          1.456625894228773
        ],
        [
          0.9777383358351391,
          1.00613060054917,
          0.9945523370386511,
          0.9802591311673475,
          0.9784286045694605,
          0.9773276474223834,
          0.9773557016272268,
          0.9785640916616604,
          0.9719468839717611,
          0.9810050904917963,
          0.9784447051762868,
          0.9773184483661294,
          1.0177341441586187,
          0.9991331841480308,
          0.9987565732765463,
          0.9793260260017984,
          0.9785293356295234,
          0.9789349185521586,
          0.9783423969434286,
          0.9809779192360868,
          1.0165157087866827,
          0.9804205306753165,
          0.9915180514974995,
          0.9784542024158814,
          0.9795020666922996,
          0.0,
          0.9750280852167227,
          0.9786783688686526,
          0.9927803806825434,
          0.978376528173349,
          0.9798565693205393,
          0.9786356150341378,
          1.0296287605206753,
          1.0003340919808619,
          0.9786587911260712,
          0.9788211752206364,
          0.9786520458363056,
          1.505809308461686,
          0.9789207184843924,
          0.9789659454262347,
          0.9786059673151416,
          0.9848779912719943,
          0.9879103288768127,
          0.979301236834734,
          0.9787034864950597,
          0.9802968074999105
        ],
        [
          0.9677858652381561,
          0.9711930219997825,
          0.973306422951969,
          0.9682736899820664,
          0.9679010507497204,
          0.9693751312928974,
          0.9677742154377355,
          0.9678884176309606,
          0.9672810433550703,
          0.9681388027724643,
          0.9678580670603766,
          0.9677437390932043,
          0.9707873170946321,
          0.9740009353406434,
          0.9682349051129953,
          0.9680458252951388,
          0.9678201004616049,
          0.9672410831916797,
          0.967516331718015,
          0.9680124859298703,
          0.9724474422246083,
          0.9678049563906492,
          0.9706661377196957,
          0.9672789494349758,
          0.9681846092793922,
          0.9750280852167227,
          0.0,
          0.967912425343525,
          0.9689034194241535,
          0.9678492633528918,
          0.9684337107216452,
          0.9678936073905957,
          0.9768374302819328,
          0.9748929853447165,
          0.9678210752536778,
          0.9678326626500343,
          0.9679033918700007,
          0.9745711919541178,
          0.9678894405257372,
          0.968094814542981,
          0.9679400334185749,
          3.3793827984889733,
          0.9683301615649201,
          0.9680007532441154,
          0.9679914944467014,
          0.9679808972221964
        ],
        [
          0.9685113516025308,
          0.9734853374614036,
          0.9762341557554676,
          0.9693442777242944,
          0.9686823328629802,
          0.968418038433207,
          0.968451543860199,
