Map from character to field name
A:	Africa
B:	Asia
C:	Europe
D:	North America
E:	Oceania
F:	South America
G:	?


Substitution rate (mu): 10.335738

Equilibrium frequencies (pi_i):
  A: 0.1161
  B: 0.1752
  C: 0.206
  D: 0.1961
  E: 0.1513
  F: 0.1552

Symmetrized rates from j->i (W_ij):
	A	B	C	D	E	F
  A	0	2.9732	4.8068	0.571	0.8515	0.7576
  B	2.9732	0	1.6187	0.9062	0.6812	0.9747
  C	4.8068	1.6187	0	0.5572	0.6625	0.8286
  D	0.571	0.9062	0.5572	0	0.6003	1.521
  E	0.8515	0.6812	0.6625	0.6003	0	0.6389
  F	0.7576	0.9747	0.8286	1.521	0.6389	0

Actual rates from j->i (Q_ij):
	A	B	C	D	E	F
  A	0	0.3452	0.5581	0.0663	0.0989	0.088
  B	0.521	0	0.2836	0.1588	0.1194	0.1708
  C	0.99	0.3334	0	0.1148	0.1364	0.1707
  D	0.112	0.1777	0.1093	0	0.1177	0.2983
  E	0.1289	0.1031	0.1003	0.0909	0	0.0967
  F	0.1176	0.1513	0.1286	0.2361	0.0992	0
