Map from character to field name
A:	Africa
B:	Asia
C:	Europe
D:	North America
E:	Oceania
F:	South America
G:	?


Substitution rate (mu): 10.60108

Equilibrium frequencies (pi_i):
  A: 0.1193
  B: 0.1774
  C: 0.1913
  D: 0.1884
  E: 0.1516
  F: 0.172

Symmetrized rates from j->i (W_ij):
	A	B	C	D	E	F
  A	0	2.2822	4.7762	0.5585	0.7534	0.7137
  B	2.2822	0	2.0656	0.8881	0.6527	0.9307
  C	4.7762	2.0656	0	0.5464	0.7019	0.7838
  D	0.5585	0.8881	0.5464	0	0.5857	1.7744
  E	0.7534	0.6527	0.7019	0.5857	0	0.6152
  F	0.7137	0.9307	0.7838	1.7744	0.6152	0

Actual rates from j->i (Q_ij):
	A	B	C	D	E	F
  A	0	0.2723	0.5698	0.0666	0.0899	0.0851
  B	0.4048	0	0.3664	0.1575	0.1158	0.1651
  C	0.9139	0.3952	0	0.1046	0.1343	0.15
  D	0.1052	0.1673	0.103	0	0.1104	0.3343
  E	0.1142	0.0989	0.1064	0.0888	0	0.0932
  F	0.1227	0.1601	0.1348	0.3052	0.1058	0
