{
  "generated_by": {
    "program": "augur",
    "version": "13.1.0"
  },
  "models": {
    "country": {
      "alphabet": [
        "Argentina",
        "Australia",
        "Austria",
        "Azerbaijan",
        "Belgium",
        "Brazil",
        "British Virgin Islands",
        "Bulgaria",
        "Canada",
        "Central African Republic",
        "China",
        "Colombia",
        "Cyprus",
        "Czech Republic",
        "Democratic Republic of the Congo",
        "Egypt",
        "France",
        "Germany",
        "Greece",
        "Hungary",
        "India",
        "Iran",
        "Israel",
        "Italy",
        "Kenya",
        "Madagascar",
        "Mexico",
        "Morocco",
        "Namibia",
        "Netherlands",
        "Nigeria",
        "Romania",
        "Russia",
        "Senegal",
        "Serbia",
        "Slovakia",
        "Slovenia",
        "South Africa",
        "Spain",
        "Tunisia",
        "Turkey",
        "USA",
        "Uganda",
        "Ukraine",
        "United Arab Emirates",
        "Zambia",
        "?"
      ],
      "equilibrium_probabilities": [
        0.020090808537511655,
        0.022898274290738763,
        0.020664511576306232,
        0.021847863403799867,
        0.022224532718481908,
        0.02127516952813208,
        0.020499843441172966,
        0.022478002285749414,
        0.010484547068719971,
        0.0217482146938517,
        0.021726963542889808,
        0.020475109787431424,
        0.022397774897142727,
        0.022818652096346616,
        0.021817505376952623,
        0.02163729286703831,
        0.02172625203831552,
        0.0231732952650962,
        0.02314100165072251,
        0.0220452402719088,
        0.022357190320444385,
        0.021487332159729818,
        0.020925087193312014,
        0.023132941968030524,
        0.02158282280341538,
        0.022433957389072168,
        0.016584674880095726,
        0.02246833305964888,
        0.021797072177217186,
        0.02202198200962348,
        0.02180798990578626,
        0.021302198095999692,
        0.022986899516407054,
        0.023430867963432092,
        0.022509240541470264,
        0.022260634162406992,
        0.022356582804950814,
        0.023081501566201146,
        0.022516336794071702,
        0.02189881123839935,
        0.022276609413781748,
        0.025390294362782482,
        0.021693759087988537,
        0.022012463371769608,
        0.022262609715338007,
        0.022250952160315675
      ],
      "rate": 52.41154725479452,
      "transition_matrix": [
        [
          0.0,
          0.9750961657066607,
          0.977161840481734,
          0.9724562768399024,
          0.9695062713532868,
          0.9693714248616857,
          0.9692916158597823,
          0.9695199085403312,
          0.9683038288706028,
          0.9796307690702818,
          0.9730563106609301,
          0.9692486861342461,
          0.9736490341974743,
          0.9779467875474647,
          0.9700352990106519,
          0.9706329456800169,
          0.9716046873362661,
          0.9687182456540984,
          0.969259518222039,
          1.4507996489483532,
          0.9874673084315388,
          0.9695448291785321,
          1.469939292752944,
          0.9688301834213319,
          0.9742186318565027,
          0.9796525938899254,
          0.968866243648906,
          0.9699092235789097,
          0.9709439946190376,
          0.969429754298029,
          0.9754542089372319,
          0.9707977991786242,
          1.2753828371432423,
          0.983240426391883,
          0.9696898057931395,
          0.9694145576020542,
          0.9695137898632733,
          0.9789779934427603,
          0.9736600648558769,
          1.152174602981488,
          0.9705048546379996,
          1.4572821088510335,
          0.9700844623099846,
          0.9696566612196997,
          0.969655357197378,
          0.9696388926824617
        ],
        [
          0.9750961657066607,
          0.0,
          0.9847216914322514,
          0.9834060152228995,
          0.9737673880438273,
          0.9734109496521273,
          0.9732101900841493,
          0.9738140065052641,
          0.9702467184853525,
          0.9771485922416072,
          0.9744596092075261,
          0.9731670823154296,
          0.9807103024519781,
          0.9868854611959446,
          0.9748882659005013,
          0.9779277486955169,
          0.9746821389321899,
          0.9732859770536936,
          0.9734189695004809,
          0.9747540697223385,
          1.122760923854321,
          0.9742983784860365,
          0.9821523632418536,
          0.9732478084590157,
          0.9761353396567296,
          1.000725923755396,
          0.9720380923560453,
          0.9741214156419397,
          0.9764680117652526,
          0.9736679168473131,
          0.979320350263114,
          0.9751792056855901,
          1.1050644231979774,
          0.99341340713666,
          0.9737931450499984,
          0.9737858538316759,
          0.9738383589688959,
          0.9976207772531998,
          0.9754823422733983,
          0.9756179917418399,
          0.9741728149533693,
          0.9663070445968714,
          0.9750023098050785,
          0.974054129243425,
          0.97395445132621,
          0.9741988195506481
        ],
        [
          0.977161840481734,
          0.9847216914322514,
          0.0,
          0.9782852144842271,
          0.9770614734411451,
          0.9764906788221815,
          0.976182980910456,
          0.9773059753138273,
          0.971871545567225,
          0.9780278269921737,
          0.977087881921043,
          0.9761475266244087,
          0.9826440214397784,
          2.811691111313515,
          0.977838179558599,
          0.9776230924025336,
          0.9772652596345435,
          3.8697138736666776,
          1.077531716987948,
          1.1823824005540673,
          0.9885670913216773,
          0.9771151637691076,
          0.9780188215494134,
          2.098644880156882,
          0.9777489902035874,
          0.9933195290395269,
          0.974517786180896,
          0.9771849633730825,
          0.9792072677003103,
          1.3272933987023037,
          0.9783199876642112,
          0.9773598623772758,
          1.0244422626070924,
          0.9911533821213657,
          1.3579306083494294,
          2.4313693687618096,
          1.4584835193711019,
          0.9954082384416085,
          0.9776389792160188,
          0.9779405003724495,
          0.9771815835407581,
          0.9707422390143697,
          0.9780123034711796,
          0.977240346131265,
          0.9771523377701138,
          0.9773831623946702
        ],
        [
          0.9724562768399024,
          0.9834060152228995,
          0.9782852144842271,
          0.0,
          0.9700100527452797,
          0.9698208970763181,
          0.9697395753519503,
          0.9700026308636199,
          0.968369732629325,
          0.9760347032194566,
          0.9704281585667666,
          0.9696932801821342,
          0.9746392022526325,
          0.9793018084960189,
          0.9706218222832708,
          0.9939906635745134,
          0.9717998108715478,
          0.9691856421323894,
          0.969532371556127,
          0.9708643308197101,
          1.004275169850168,
          0.9700226258641911,
          1.0299047980440477,
          0.9692914838492903,
          0.9741097733792224,
          0.9819968365857642,
          0.9691548693576226,
          0.9703178322257907,
          0.9716364879119811,
          0.9699271381006634,
          0.9822545026731847,
          0.9709746339373215,
          1.402319563250333,
          0.9889045180022419,
          0.9699328915690297,
          0.9699215054113908,
          0.9700229786020541,
          0.9809670290045941,
          0.9728613614411553,
          0.9725901230790723,
          0.9705720341192249,
          0.9624419783399765,
          0.9706785234227666,
          0.9702086017498057,
          0.9701735491782956,
          0.9701829502503633
        ],
        [
          0.9695062713532868,
          0.9737673880438273,
          0.9770614734411451,
          0.9700100527452797,
          0.0,
          0.9689353638890783,
          0.9688822133904039,
          0.9693598654019396,
          0.9678999523482212,
          0.9696240742381288,
          0.9690242820502871,
          0.9688343373723931,
          0.9736221665417083,
          0.977911110648402,
          0.9696809009120553,
          0.9694521660170382,
          0.9690073406576425,
          0.9681770595428285,
          1.3503091249685708,
          0.9697667343090988,
          0.9757440092563541,
          0.9689604894368485,
          0.969966523749693,
          0.9682229286908642,
          0.9695814690402548,
          0.9797975759354016,
          0.968443246467512,
          0.9690854950648861,
          0.9706928487830205,
          0.9690084667316647,
          0.9700757633014497,
          0.9691021617168561,
          0.9838106202952703,
          0.9786244126043736,
          0.9693806936660269,
          0.9689787205151228,
          1.2635148775942548,
          0.9789543426759063,
          0.9691986146504686,
          0.9696995229155885,
          0.9691575871807145,
          0.961087290699537,
          0.9697227307582152,
          0.9692450213111402,
          0.9692123461738551,
          0.9692000738836014
        ],
        [
          0.9693714248616857,
          0.9734109496521273,
          0.9764906788221815,
          0.9698208970763181,
          0.9689353638890783,
          0.0,
          0.9687676427728328,
          0.9689123973017736,
          0.968086108302034,
          0.9694523675726552,
          0.9688783785771099,
          0.9687216056131975,
          0.9732710779673355,
          0.977368464901819,
          0.9695040321433298,
          0.9692875814646176,
          0.9688602345292878,
          0.9680590087335641,
          0.9684243883153009,
          0.9692287822452693,
          0.9753063893896388,
          0.9688175063748539,
          0.9698066674486283,
          0.968103299996169,
          0.9694113091051161,
          0.9791788850342484,
          1.2166594749392041,
          0.9689325012712472,
          0.9704721139086198,
          0.968859897587146,
          0.9698835554383738,
          0.9689552824699431,
          0.9830124721791933,
          0.9780534891837455,
          0.9688281163627812,
          0.9688299402052313,
          0.9689371894991831,
          0.9783683306141795,
          0.9690421135786677,
          0.9695268947071352,
          0.9690020029387053,
          1.2230086325412568,
          0.9695444630973066,
          0.9690862106791664,
          0.9690538684130832,
          0.9690423920868924
        ],
        [
          0.9692916158597823,
          0.9732101900841493,
          0.976182980910456,
          0.9697395753519503,
          0.9688822133904039,
          0.9687676427728328,
          0.0,
          0.9688599008119951,
          0.9851949317289267,
          0.9693838343313511,
          0.9688292527452247,
          0.9686578632304943,
          0.973068241731591,
          0.9770290854047917,
          0.9694315771910765,
          0.9692240464917876,
          0.9688107801683675,
          0.9680372739277857,
          0.9683899733030514,
          0.9691693139275328,
          0.9750407216167084,
          0.9687700764280948,
          0.9697091106310828,
          0.9680802006116893,
          0.9693432350119988,
          0.9787762124607166,
          0.96834450858278,
          0.9688800870429821,
          0.970366903003792,
          0.9688094476797805,
          0.969799590986237,
          0.9689044600593556,
          0.9824796524229363,
          0.9776924893019443,
          0.9687785451600103,
          0.968780247548657,
          0.968883891940317,
          0.9779916701382938,
          0.96898764569334,
          0.9694578684549212,
          0.9689470796772711,
          1.4299807173582506,
          0.9694703426503778,
          0.9690280487445837,
          0.9689966647866509,
          0.9689857669380997
        ],
        [
          0.9695199085403312,
          0.9738140065052641,
          0.9773059753138273,
          0.9700026308636199,
          0.9693598654019396,
          0.9689123973017736,
          0.9688599008119951,
          0.0,
          0.9678841831290571,
          0.9696123462697913,
          0.9690034184837225,
          0.9688114692166616,
          0.9736622298830387,
          0.9780140191464541,
          0.9696674540002178,
          0.9694367285083132,
          0.9689856082758425,
          0.9681422149477764,
          1.7905262469021075,
          1.0210682291453437,
          0.975819754594711,
          0.968938652574619,
          0.969960486597834,
          0.9681886359069002,
          0.9695681127022707,
          0.9799265584422255,
          0.9684227614450654,
          0.9690626515473543,
          0.9706944121846393,
          0.9689850303554843,
          0.9700691190544133,
          0.9690835075763109,
          0.984013644853296,
          0.978737780854524,
          1.2753122097603633,
          0.9689541388605445,
          0.9693339209679274,
          0.9790827632269427,
          0.9691791556886429,
          0.9697023963941119,
          0.9691361073690685,
          0.9609701975823692,
          0.9697112267852073,
          0.9692250029945657,
          0.969191157787755,
          0.9691788829872613
        ],
        [
          0.9683038288706028,
          0.9702467184853525,
          0.971871545567225,
          0.968369732629325,
          0.9678999523482212,
          0.968086108302034,
          0.9851949317289267,
          0.9678841831290571,
          0.0,
          0.9681851360754847,
          0.9678830555120175,
          0.9678446729042033,
          0.9701267359348031,
          0.9722685006384075,
          0.9681995160320331,
          0.9680934895414193,
          0.9678791970421171,
          0.9674541547367953,
          0.9676353864719665,
          0.9681306132969086,
          0.9712194521431473,
          0.9678538092445013,
          0.9684310855593,
          0.9674779967036925,
          0.9681595484415932,
          0.9731905735154794,
          0.9680448304005213,
          0.9678969335223702,
          0.9687033952774483,
          0.9678646410896551,
          0.968403655690893,
          0.9679303259001156,
          0.9752990469990663,
          0.9726223336529768,
          0.9678423678926855,
          0.9678451737559857,
          0.9678989113675427,
          0.9727465015960223,
          0.9679601198260174,
          0.9682829470257227,
          0.9679360248540474,
          10.869610482218452,
          0.968218988901631,
          0.9679821416428304,
          0.9679613861606791,
          0.9679557843495948
        ],
        [
          0.9796307690702818,
          0.9771485922416072,
          0.9780278269921737,
          0.9760347032194566,
          0.9696240742381288,
          0.9694523675726552,
          0.9693838343313511,
          0.9696123462697913,
          0.9681851360754847,
          0.0,
          0.9719137192253575,
          0.96933742188796,
          0.9753272601981592,
          0.9790135699221474,
          0.9703722229892887,
          0.9717724908745414,
          0.9749371753626801,
          0.9687742297554132,
          0.9691444919530177,
          0.9725359287444321,
          0.9894741666104387,
          0.9696983351889509,
          0.9768022084373472,
          0.9689868505390765,
          0.981001770196281,
          0.9825790815080998,
          0.9688630160205551,
          0.9704237969944879,
          0.9716855371477445,
          0.9695439250460598,
          0.9839060092839451,
          0.9723153285016146,
          1.4080965631496742,
          0.991906945835137,
          0.9695541178229771,
          0.9695291581681801,
          0.9696325925643013,
          1.4678309325287422,
          0.9806303025845194,
          0.9801775905355272,
          1.4370992074218618,
          0.9621388238660037,
          0.9704993736916914,
          0.9698679342781397,
          0.969826929376099,
          0.9698751889762198
        ],
        [
          0.9730563106609301,
          0.9744596092075261,
          0.977087881921043,
          0.9704281585667666,
          0.9690242820502871,
          0.9688783785771099,
          0.9688292527452247,
          0.9690034184837225,
          0.9678830555120175,
          0.9719137192253575,
          0.0,
          0.9687825189674703,
          0.9733991354017523,
          0.9779431494487846,
          0.9695976515604945,
          0.969591656784596,
          0.9694915915989769,
          0.9681354190803554,
          0.9685105412330542,
          0.9703189218845384,
          0.9978215735326578,
          0.9689723628930448,
          0.9706078437793131,
          0.9681979842408223,
          0.9705552350626839,
          0.9796946936641668,
          0.9684034500544636,
          0.9691216111641469,
          0.9705575223629679,
          0.9689488740366551,
          0.9712904633071998,
          0.9693322103237442,
          1.4630948382940052,
          0.9797239488008676,
          0.9689253226381885,
          0.9689217404922206,
          0.9690268784012301,
          0.9786329692493216,
          0.9699957677738656,
          0.9733073768305069,
          0.9693514954023514,
          0.9612910456306578,
          0.9696394312879423,
          0.969175909957291,
          0.9691577097986206,
          0.9691465357440374
        ],
        [
          0.9692486861342461,
          0.9731670823154296,
          0.9761475266244087,
          0.9696932801821342,
          0.9688343373723931,
          0.9687216056131975,
          0.9686578632304943,
          0.9688114692166616,
          0.9678446729042033,
          0.96933742188796,
          0.9687825189674703,
          0.0,
          0.9730226238013123,
          0.9769878856667711,
          0.969384973048418,
          0.9691777496627245,
          0.9687644755084567,
          0.9679884868711169,
          0.9683408433835669,
          0.9691221807721343,
          0.9749983979476066,
          0.9687239493943811,
          0.9696643612081727,
          0.9680315394502936,
          0.969296932633777,
          0.9787356785988571,
          0.968306742462907,
          0.9688317664939716,
          0.9703213568110913,
          0.9687619947257784,
          0.9697532632442138,
          0.9688588569735224,
          0.9824409722320584,
          0.9776506882434857,
          0.9687301569537421,
          0.9687322483562976,
          0.968835741665494,
          0.9779487453852478,
          0.968939578465735,
          0.9694111575226985,
          0.9688992350576896,
          1.4427642062191717,
          0.9694237696881798,
          0.9689808069027104,
          0.9689488525269261,
          0.9689379758768318
        ],
        [
          0.9736490341974743,
          0.9807103024519781,
          0.9826440214397784,
          0.9746392022526325,
          0.9736221665417083,
          0.9732710779673355,
          0.973068241731591,
          0.9736622298830387,
          0.9701267359348031,
          0.9753272601981592,
          0.9733991354017523,
          0.9730226238013123,
          0.0,
          0.9843755646517574,
          0.9793834159300475,
          0.973938622039255,
          0.977082280112354,
          0.9730161889850374,
          0.973280689254718,
          0.9751454843629107,
          0.9835440932164313,
          0.9745865138279372,
          0.974947867413268,
          0.9730839210281629,
          1.3981667985916517,
          1.0182300798314123,
          0.9718931858426522,
          0.9743759925973277,
          1.0101448566244984,
          0.9735083736207901,
          0.9746700187409261,
          0.9737010164362548,
          1.0059008088382486,
          0.9992937387723556,
          0.9736234517408237,
          0.973574316507101,
          0.9736710375134943,
          1.3300479463532247,
          0.9739123253120047,
          0.9741644126860575,
          0.9737060542034465,
          0.9661729656018083,
          0.9778906265585391,
          0.974209785431142,
          1.0589170929836391,
          0.9803516613868718
        ],
        [
          0.9779467875474647,
          0.9868854611959446,
          2.811691111313515,
          0.9793018084960189,
          0.977911110648402,
          0.977368464901819,
          0.9770290854047917,
          0.9780140191464541,
          0.9722685006384075,
          0.9790135699221474,
          0.9779431494487846,
          0.9769878856667711,
          0.9843755646517574,
          0.0,
          0.9789083536370486,
          0.9785564343686195,
          0.977988838336373,
          1.2496119748034797,
          0.977923096044112,
          0.9790123432334954,
          0.9911896604830814,
          0.9780285756960891,
          0.9789705618999303,
          0.9783525503911595,
          0.9786862571722313,
          0.9976112241438024,
          0.9751805621627664,
          0.9780981654512189,
          0.9804612949375647,
          0.9796672247216384,
          0.9793334858720585,
          0.9781792977105104,
          1.0278363688197705,
          0.9957950451584661,
          0.9783940427236947,
          0.9804610054249517,
          0.9817354327625971,
          0.9995147447014505,
          0.9784735463718,
          0.9788332465885052,
          0.9781121676736486,
          0.9709859464621399,
          0.9790937849180092,
          0.9782004722394405,
          0.9780912492930116,
          0.9783680520633611
        ],
        [
          0.9700352990106519,
          0.9748882659005013,
          0.977838179558599,
          0.9706218222832708,
          0.9696809009120553,
          0.9695040321433298,
          0.9694315771910765,
          0.9696674540002178,
          0.9681995160320331,
          0.9703722229892887,
          0.9695976515604945,
          0.969384973048418,
          0.9793834159300475,
          0.9789083536370486,
          0.0,
          0.9700423676489962,
          0.9695968405498785,
          0.9688337701691715,
          0.9691890661655738,
          0.9706234720790278,
          0.9770186537977532,
          0.9707726209182206,
          0.97055295314752,
          0.968867333466816,
          0.9702008829643831,
          1.0032566276654675,
          0.9689000634932464,
          0.9696829977005431,
          0.9732040473548728,
          0.9695987920459048,
          0.9706620263360353,
          0.9696815512279828,
          0.9854652748612323,
          0.9802216495718123,
          0.9695919345413859,
          0.9695842085055402,
          0.969690447197982,
          1.4723133265310815,
          0.9697941439539901,
          0.9702682477579928,
          0.9697499905433844,
          0.961911111114616,
          0.9791642701714176,
          0.9702738187054879,
          0.9698158346943385,
          0.969987507245044
        ],
        [
          0.9706329456800169,
          0.9779277486955169,
          0.9776230924025336,
          0.9939906635745134,
          0.9694521660170382,
          0.9692875814646176,
          0.9692240464917876,
          0.9694367285083132,
          0.9680934895414193,
          0.9717724908745414,
          0.969591656784596,
          0.9691777496627245,
          0.973938622039255,
          0.9785564343686195,
          0.9700423676489962,
          0.0,
          0.9700058574498609,
          0.9685960039328632,
          0.9689538142209347,
          0.9699923133354161,
          1.26986965065173,
          0.9694269340098312,
          1.0441194990131235,
          0.9686591362131375,
          0.97114185753462,
          0.980799670772246,
          0.9687297781749068,
          0.9695749656830123,
          0.9710275674220381,
          0.969373459912586,
          0.9740215605142918,
          0.9698430799172876,
          1.456072513982957,
          0.9820512936726108,
          0.9693575295643678,
          0.9693551747766846,
          0.9694590981363379,
          0.9796449801253944,
          0.9704704478749109,
          0.9708252994508373,
          0.9697169176058835,
          0.9617794319658907,
          0.9700856884583283,
          0.9696163529382615,
          0.969590034174549,
          0.9695876422348213
        ],
        [
          0.9716046873362661,
          0.9746821389321899,
          0.9772652596345435,
          0.9717998108715478,
          0.9690073406576425,
          0.9688602345292878,
          0.9688107801683675,
          0.9689856082758425,
          0.9678791970421171,
          0.9749371753626801,
          0.9694915915989769,
          0.9687644755084567,
          0.977082280112354,
          0.977988838336373,
          0.9695968405498785,
          0.9700058574498609,
          0.0,
          0.968206103758795,
          0.9684906983752992,
          0.9698810736020234,
          0.9793795961291607,
          0.9689805916724995,
          1.3209968825480483,
          2.506992837897164,
          1.2437605875884024,
          0.9798480209577778,
          0.9683942167717616,
          1.8460430811624795,
          0.9705925845130245,
          0.9689306618683567,
          0.9743578320283226,
          0.9919044606029771,
          1.2344050208031316,
          0.9925518120848454,
          0.9689070143768621,
          0.9689040339599799,
          0.9690107140800995,
          0.9789496525440426,
          1.8829532503674666,
          0.9717681727692424,
          0.9696078255451781,
          0.9612928818285348,
          0.9696447598829203,
          0.9691813122585089,
          0.9727828137025119,
          0.9714407566316445
        ],
        [
          0.9687182456540984,
          0.9732859770536936,
          3.8697138736666776,
          0.9691856421323894,
          0.9681770595428285,
          0.9680590087335641,
          0.9680372739277857,
          0.9681422149477764,
          0.9674541547367953,
          0.9687742297554132,
          0.9681354190803554,
          0.9679884868711169,
          0.9730161889850374,
          1.2496119748034797,
          0.9688337701691715,
          0.9685960039328632,
          0.968206103758795,
          0.0,
          0.9677381539182864,
          0.9687897282753554,
          0.9754249723536265,
          0.9680830627496234,
          0.9691807247777091,
          1.4520614968044607,
          0.9687341460644735,
          0.9800994686416894,
          0.9677525938783796,
          0.9681703723878949,
          0.969914961300674,
          1.1659781621338416,
          0.9692473359953059,
          0.9682442790776159,
          0.9866752076116695,
          0.9791981136205197,
          0.9682802826945647,
          0.96834593709901,
          0.9683040732067422,
          0.9787831948237384,
          0.9683279970149138,
          0.9688386860120781,
          0.9682496693445223,
          0.9597175325301226,
          0.9688782911184071,
          0.9683531128517118,
          0.9683065600395692,
          0.9682972546283795
        ],
        [
          0.969259518222039,
          0.9734189695004809,
          1.077531716987948,
          0.969532371556127,
          1.3503091249685708,
          0.9684243883153009,
          0.9683899733030514,
          1.7905262469021075,
          0.9676353864719665,
          0.9691444919530177,
          0.9685105412330542,
          0.9683408433835669,
          0.973280689254718,
          0.977923096044112,
          0.9691890661655738,
          0.9689538142209347,
          0.9684906983752992,
          0.9677381539182864,
          0.0,
          1.7259481741645715,
          0.9755081801010282,
          0.9684459116043327,
          0.9695175213082539,
          0.967687659447576,
          0.9690953195426489,
          0.9797359527968957,
          0.9680377607210714,
          0.9685489885171694,
          0.9702460916752441,
          0.9685042232376364,
          0.9696057388994856,
          0.9685986951844556,
          0.9842753729357547,
          0.9785034445343521,
          2.178457088631697,
          0.9685167046936956,
          1.3219558979607007,
          0.9789073230910834,
          0.9686723075441829,
          0.9693647952630767,
          0.968630284112638,
          0.9601672213883634,
          0.9692543722561374,
          0.9687280132882529,
          0.9686856545753735,
          0.96867358116384
        ],
        [
          1.4507996489483532,
          0.9747540697223385,
          1.1823824005540673,
          0.9708643308197101,
          0.9697667343090988,
          0.9692287822452693,
          0.9691693139275328,
          1.0210682291453437,
          0.9681306132969086,
          0.9725359287444321,
          0.9703189218845384,
          0.9691221807721343,
          0.9751454843629107,
          0.9790123432334954,
          0.9706234720790278,
          0.9699923133354161,
          0.9698810736020234,
          0.9687897282753554,
          1.7259481741645715,
          0.0,
          0.9798416636632193,
          0.9694999103002178,
          0.9766739434619506,
          0.9686697193554082,
          0.9710207787655408,
          0.9823458826610835,
          0.9687054782619124,
          0.9694933518893925,
          0.9736152342097021,
          0.9693499959048664,
          0.9717029122272092,
          0.9698053756896424,
          1.0730944177776407,
          0.9810859207081652,
          2.1338106445174576,
          0.9694164976114172,
          0.9697806986404803,
          1.4641652237131768,
          0.9705435257415034,
          1.0205328842397872,
          0.9697063822936952,
          0.9729662647382933,
          0.9777833365963137,
          0.9699194337622885,
          0.9695234572442086,
          0.9696084392454128
        ],
        [
          0.9874673084315388,
          1.122760923854321,
          0.9885670913216773,
          1.004275169850168,
          0.9757440092563541,
          0.9753063893896388,
          0.9750407216167084,
          0.975819754594711,
          0.9712194521431473,
          0.9894741666104387,
          0.9978215735326578,
          0.9749983979476066,
          0.9835440932164313,
          0.9911896604830814,
          0.9770186537977532,
          1.26986965065173,
          0.9793795961291607,
          0.9754249723536265,
          0.9755081801010282,
          0.9798416636632193,
          0.0,
          0.9764608126257476,
          1.0253129416641253,
          0.9754554919673841,
          0.9834635688714969,
          1.0110361089620175,
          0.9735388004552639,
          0.9765736531966788,
          0.9787343832383462,
          0.9756352860462072,
          0.9900697916411471,
          0.9785992206865154,
          1.8854464517342648,
          1.0061582366887307,
          0.9758368102692109,
          0.9757979585621617,
          0.9758356284905629,
          1.0039880584453391,
          0.9832953903316213,
          0.9888421673147324,
          0.9772943172606285,
          0.969056291642901,
          0.9771154749315268,
          0.9760582841148352,
          0.9759927266149171,
          0.9762904540058296
        ],
        [
          0.9695448291785321,
          0.9742983784860365,
          0.9771151637691076,
          0.9700226258641911,
          0.9689604894368485,
          0.9688175063748539,
          0.9687700764280948,
          0.968938652574619,
          0.9678538092445013,
          0.9696983351889509,
          0.9689723628930448,
          0.9687239493943811,
          0.9745865138279372,
          0.9780285756960891,
          0.9707726209182206,
          0.9694269340098312,
          0.9689805916724995,
          0.9680830627496234,
          0.9684459116043327,
          0.9694999103002178,
          0.9764608126257476,
          0.0,
          0.9699809536298208,
          0.9687946944332327,
          0.9696023834314995,
          0.981800890347525,
          0.9683573288730903,
          0.9689907323858185,
          0.9710958214051321,
          0.9688862675736925,
          0.9701130727846418,
          1.2699747276120557,
          1.3006911271376578,
          0.9790873573518385,
          0.9688560600037501,
          0.9688596743633361,
          0.9689633171842784,
          1.4524023489790572,
          0.9691675003579255,
          0.9697348736627792,
          0.9690741610042184,
          0.9612242931377922,
          0.9721992025784345,
          0.9692687469682864,
          0.9690860558174262,
          0.9691620535122843
        ],
        [
          1.469939292752944,
          0.9821523632418536,
          0.9780188215494134,
          1.0299047980440477,
          0.969966523749693,
          0.9698066674486283,
          0.9697091106310828,
          0.969960486597834,
          0.9684310855593,
          0.9768022084373472,
          0.9706078437793131,
          0.9696643612081727,
          0.974947867413268,
          0.9789705618999303,
          0.97055295314752,
          1.0441194990131235,
          1.3209968825480483,
          0.9691807247777091,
          0.9695175213082539,
          0.9766739434619506,
          1.0253129416641253,
          0.9699809536298208,
          0.0,
          0.9773838613603321,
          1.0345465385148693,
          0.9814319377383474,
          0.9691811275236013,
          1.053890078715751,
          0.9715318291978668,
          0.9698858892041269,
          0.9810828458836303,
          0.9743650103127354,
          1.5405187883129243,
          0.9895043105145837,
          0.9699010723033211,
          0.9698803205462799,
          0.9699790832728039,
          0.980463235405811,
          0.9763591726022707,
          0.9753050813084834,
          0.9706888852680856,
          1.462263216924402,
          0.9706048974074575,
          0.9701518159537479,
          0.9706553116025527,
          0.9704695363770048
        ],
        [
          0.9688301834213319,
          0.9732478084590157,
          2.098644880156882,
          0.9692914838492903,
          0.9682229286908642,
          0.968103299996169,
          0.9680802006116893,
          0.9681886359069002,
          0.9674779967036925,
          0.9689868505390765,
          0.9681979842408223,
          0.9680315394502936,
          0.9730839210281629,
          0.9783525503911595,
          0.968867333466816,
          0.9686591362131375,
          2.506992837897164,
          1.4520614968044607,
          0.967687659447576,
          0.9686697193554082,
          0.9754554919673841,
          0.9687946944332327,
          0.9773838613603321,
          0.0,
          0.9770369140685188,
          0.9796964143564691,
          0.9677884041479113,
          0.9959241441842552,
          0.969935585751124,
          0.9682528066213774,
          0.9694330414003525,
          1.454629002623686,
          0.9944242343815258,
          0.9789736375221788,
          0.9681706232195055,
          0.9684658696898035,
          0.9682274302579331,
          0.9786566625143578,
          1.0676653560860663,
          0.968950952971252,
          0.9683124825772366,
          0.9597892298889781,
          0.9689138692033155,
          0.9683975686156802,
          0.9684396106508179,
          0.9683993853083878
        ],
        [
          0.9742186318565027,
          0.9761353396567296,
          0.9777489902035874,
          0.9741097733792224,
          0.9695814690402548,
          0.9694113091051161,
          0.9693432350119988,
          0.9695681127022707,
          0.9681595484415932,
          0.981001770196281,
          0.9705552350626839,
          0.969296932633777,
          1.3981667985916517,
          0.9786862571722313,
          0.9702008829643831,
          0.97114185753462,
          1.2437605875884024,
          0.9687341460644735,
          0.9690953195426489,
          0.9710207787655408,
          0.9834635688714969,
          0.9696023834314995,
          1.0345465385148693,
          0.9770369140685188,
          0.0,
          0.9809383393104656,
          0.9688284706220017,
          1.046407698512559,
          0.9713373986323306,
          0.9695010114893529,
          0.9792656547201212,
          1.0179778179642671,
          1.4144395639468716,
          1.4699896235830183,
          0.969497414956785,
          0.9694833920059529,
          0.9695888952183068,
          0.9807463240855827,
          0.9949961561337236,
          0.9744886893153047,
          0.9707176790693084,
          0.9620383206689291,
          0.9703720194253856,
          0.9698661199025826,
          1.395065417190496,
          1.456589653615849
        ],
        [
          0.9796525938899254,
          1.000725923755396,
          0.9933195290395269,
          0.9819968365857642,
          0.9797975759354016,
          0.9791788850342484,
          0.9787762124607166,
          0.9799265584422255,
          0.9731905735154794,
          0.9825790815080998,
          0.9796946936641668,
          0.9787356785988571,
          1.0182300798314123,
          0.9976112241438024,
          1.0032566276654675,
          0.980799670772246,
          0.9798480209577778,
          0.9800994686416894,
          0.9797359527968957,
          0.9823458826610835,
          1.0110361089620175,
          0.981800890347525,
          0.9814319377383474,
          0.9796964143564691,
          0.9809383393104656,
          0.0,
          0.9766132671497816,
          0.979987944073747,
          0.9940808861751226,
          0.979701968925133,
          0.9815407758300352,
          0.9798554454287347,
          1.0251907104547482,
          1.0038409201041099,
          0.9800046231093394,
          0.9800645135246657,
          0.9799846682481441,
          1.4691655459367536,
          0.9803531475988995,
          0.9806415916626419,
          0.9800028932344823,
          0.9732479953963464,
          0.9896211692139678,
          0.9807680055871119,
          0.9800748375764958,
          0.9817438316791331
        ],
        [
          0.968866243648906,
          0.9720380923560453,
          0.974517786180896,
          0.9691548693576226,
          0.968443246467512,
          1.2166594749392041,
          0.96834450858278,
          0.9684227614450654,
          0.9680448304005213,
          0.9688630160205551,
          0.9684034500544636,
          0.968306742462907,
          0.9718931858426522,
          0.9751805621627664,
          0.9689000634932464,
          0.9687297781749068,
          0.9683942167717616,
          0.9677525938783796,
          0.9680377607210714,
          0.9687054782619124,
          0.9735388004552639,
          0.9683573288730903,
          0.9691811275236013,
          0.9677884041479113,
          0.9688284706220017,
          0.9766132671497816,
          0.0,
          0.968439707837031,
          0.9696751786749019,
          0.968385233627175,
          0.9692051978783256,
          0.968469346357043,
          0.9797146363407873,
          0.9757253039225893,
          0.9683570259875732,
          0.9683591486771855,
          0.9684436264679216,
          0.9759499761596495,
          0.968529994574629,
          0.9689428384041597,
          0.9684971548778307,
          3.3919626844038886,
          0.9689308135548184,
          0.9685661660187995,
          0.9685380908360229,
          0.968529002496135
        ],
        [
          0.9699092235789097,
          0.9741214156419397,
          0.9771849633730825,
          0.9703178322257907,
          0.9690854950648861,
          0.9689325012712472,
          0.9688800870429821,
