Map from character to field name
A:	Africa
B:	Asia
C:	Europe
D:	North America
E:	Oceania
F:	South America
G:	?


Substitution rate (mu): 10.209412

Equilibrium frequencies (pi_i):
  A: 0.1563
  B: 0.1343
  C: 0.1981
  D: 0.2169
  E: 0.1434
  F: 0.151

Symmetrized rates from j->i (W_ij):
	A	B	C	D	E	F
  A	0	3.9929	3.5385	0.5413	0.767	0.6069
  B	3.9929	0	2.0542	0.8718	0.7689	0.9512
  C	3.5385	2.0542	0	0.5466	0.6269	0.6216
  D	0.5413	0.8718	0.5466	0	0.5899	1.5394
  E	0.767	0.7689	0.6269	0.5899	0	0.6446
  F	0.6069	0.9512	0.6216	1.5394	0.6446	0

Actual rates from j->i (Q_ij):
	A	B	C	D	E	F
  A	0	0.6242	0.5532	0.0846	0.1199	0.0949
  B	0.5361	0	0.2758	0.1171	0.1032	0.1277
  C	0.7009	0.4069	0	0.1083	0.1242	0.1231
  D	0.1174	0.1891	0.1186	0	0.1279	0.3339
  E	0.11	0.1103	0.0899	0.0846	0	0.0924
  F	0.0916	0.1436	0.0939	0.2324	0.0973	0
