Map from character to field name
A:	Africa
B:	Asia
C:	Europe
D:	North America
E:	Oceania
F:	South America
G:	?


Substitution rate (mu): 10.499643

Equilibrium frequencies (pi_i):
  A: 0.1194
  B: 0.18
  C: 0.1958
  D: 0.1969
  E: 0.1518
  F: 0.156

Symmetrized rates from j->i (W_ij):
	A	B	C	D	E	F
  A	0	2.2929	5.0049	0.5524	0.7601	0.7258
  B	2.2929	0	2.1093	0.8765	0.6526	0.9419
  C	5.0049	2.1093	0	0.5395	0.7089	0.801
  D	0.5524	0.8765	0.5395	0	0.5815	1.4728
  E	0.7601	0.6526	0.7089	0.5815	0	0.6189
  F	0.7258	0.9419	0.801	1.4728	0.6189	0

Actual rates from j->i (Q_ij):
	A	B	C	D	E	F
  A	0	0.2738	0.5977	0.066	0.0908	0.0867
  B	0.4128	0	0.3798	0.1578	0.1175	0.1696
  C	0.9802	0.4131	0	0.1057	0.1388	0.1569
  D	0.1087	0.1725	0.1062	0	0.1145	0.2899
  E	0.1154	0.0991	0.1076	0.0883	0	0.094
  F	0.1132	0.147	0.125	0.2298	0.0966	0
