Map from character to field name
A:	
B:	Africa
C:	Asia
D:	Europe
E:	North America
F:	Oceania
G:	South America
H:	?


Substitution rate (mu): 8.206134

Equilibrium frequencies (pi_i):
  A: 0.1366
  B: 0.0857
  C: 0.128
  D: 0.1652
  E: 0.1689
  F: 0.1412
  G: 0.1743

Symmetrized rates from j->i (W_ij):
	A	B	C	D	E	F	G
  A	0	0.6517	0.6993	1.2803	0.6779	0.7001	0.706
  B	0.6517	0	2.6784	6.342	0.6534	0.9302	0.7134
  C	0.6993	2.6784	0	2.8189	0.9534	0.7204	0.8928
  D	1.2803	6.342	2.8189	0	0.646	0.6799	0.7396
  E	0.6779	0.6534	0.9534	0.646	0	0.6684	1.8087
  F	0.7001	0.9302	0.7204	0.6799	0.6684	0	0.6966
  G	0.706	0.7134	0.8928	0.7396	1.8087	0.6966	0

Actual rates from j->i (Q_ij):
	A	B	C	D	E	F	G
  A	0	0.089	0.0955	0.1749	0.0926	0.0956	0.0964
  B	0.0559	0	0.2295	0.5435	0.056	0.0797	0.0611
  C	0.0895	0.3429	0	0.3609	0.1221	0.0922	0.1143
  D	0.2115	1.0478	0.4657	0	0.1067	0.1123	0.1222
  E	0.1145	0.1104	0.161	0.1091	0	0.1129	0.3055
  F	0.0989	0.1314	0.1017	0.096	0.0944	0	0.0984
  G	0.1231	0.1243	0.1556	0.1289	0.3153	0.1214	0
