Map from character to field name
A:	Argentina/unknown
B:	Australia/unknown
C:	Austria/unknown
D:	Azerbaijan/unknown
E:	Belgium/unknown
F:	Brazil/unknown
G:	British Virgin Islands/unknown
H:	Bulgaria/unknown
I:	Canada/unknown
J:	Central African Republic/unknown
K:	China/unknown
L:	Colombia/unknown
M:	Cyprus/unknown
N:	Czech Republic/unknown
O:	Democratic Republic of the Congo/unknown
P:	Egypt/unknown
Q:	France/unknown
R:	Germany/unknown
S:	Greece/unknown
T:	Hungary/unknown
U:	India/unknown
V:	Iran/unknown
W:	Israel/unknown
X:	Italy/unknown
Y:	Kenya/unknown
Z:	Madagascar/unknown
[:	Mexico/unknown
\:	Morocco/unknown
]:	Namibia/unknown
^:	Netherlands/unknown
_:	Nigeria/unknown
`:	Romania/unknown
a:	Russia/unknown
b:	Senegal/unknown
c:	Serbia/unknown
d:	Slovakia/unknown
e:	Slovenia/unknown
f:	South Africa/unknown
g:	Spain/unknown
h:	Tunisia/unknown
i:	Turkey/unknown
j:	USA/unknown
k:	Uganda/unknown
l:	Ukraine/unknown
m:	United Arab Emirates/unknown
n:	Zambia/unknown
o:	?


Substitution rate (mu): 52.411547

Equilibrium frequencies (pi_i):
  A: 0.0201
  B: 0.0229
  C: 0.0207
  D: 0.0218
  E: 0.0222
  F: 0.0213
  G: 0.0205
  H: 0.0225
  I: 0.0105
  J: 0.0217
  K: 0.0217
  L: 0.0205
  M: 0.0224
  N: 0.0228
  O: 0.0218
  P: 0.0216
  Q: 0.0217
  R: 0.0232
  S: 0.0231
  T: 0.022
  U: 0.0224
  V: 0.0215
  W: 0.0209
  X: 0.0231
  Y: 0.0216
  Z: 0.0224
  [: 0.0166
  \: 0.0225
  ]: 0.0218
  ^: 0.022
  _: 0.0218
  `: 0.0213
  a: 0.023
  b: 0.0234
  c: 0.0225
  d: 0.0223
  e: 0.0224
  f: 0.0231
  g: 0.0225
  h: 0.0219
  i: 0.0223
  j: 0.0254
  k: 0.0217
  l: 0.022
  m: 0.0223
  n: 0.0223

Symmetrized rates from j->i (W_ij):
	A	B	C	D	E	F	G	H	I	J	K	L	M	N	O	P	Q	R	S	T	U	V	W	X	Y	Z	[	\	]	^	_	`	a	b	c	d	e	f	g	h	i	j	k	l	m	n
  A	0	0.9751	0.9772	0.9725	0.9695	0.9694	0.9693	0.9695	0.9683	0.9796	0.9731	0.9692	0.9736	0.9779	0.97	0.9706	0.9716	0.9687	0.9693	1.4508	0.9875	0.9695	1.4699	0.9688	0.9742	0.9797	0.9689	0.9699	0.9709	0.9694	0.9755	0.9708	1.2754	0.9832	0.9697	0.9694	0.9695	0.979	0.9737	1.1522	0.9705	1.4573	0.9701	0.9697	0.9697	0.9696
  B	0.9751	0	0.9847	0.9834	0.9738	0.9734	0.9732	0.9738	0.9702	0.9771	0.9745	0.9732	0.9807	0.9869	0.9749	0.9779	0.9747	0.9733	0.9734	0.9748	1.1228	0.9743	0.9822	0.9732	0.9761	1.0007	0.972	0.9741	0.9765	0.9737	0.9793	0.9752	1.1051	0.9934	0.9738	0.9738	0.9738	0.9976	0.9755	0.9756	0.9742	0.9663	0.975	0.9741	0.974	0.9742
  C	0.9772	0.9847	0	0.9783	0.9771	0.9765	0.9762	0.9773	0.9719	0.978	0.9771	0.9761	0.9826	2.8117	0.9778	0.9776	0.9773	3.8697	1.0775	1.1824	0.9886	0.9771	0.978	2.0986	0.9777	0.9933	0.9745	0.9772	0.9792	1.3273	0.9783	0.9774	1.0244	0.9912	1.3579	2.4314	1.4585	0.9954	0.9776	0.9779	0.9772	0.9707	0.978	0.9772	0.9772	0.9774
  D	0.9725	0.9834	0.9783	0	0.97	0.9698	0.9697	0.97	0.9684	0.976	0.9704	0.9697	0.9746	0.9793	0.9706	0.994	0.9718	0.9692	0.9695	0.9709	1.0043	0.97	1.0299	0.9693	0.9741	0.982	0.9692	0.9703	0.9716	0.9699	0.9823	0.971	1.4023	0.9889	0.9699	0.9699	0.97	0.981	0.9729	0.9726	0.9706	0.9624	0.9707	0.9702	0.9702	0.9702
  E	0.9695	0.9738	0.9771	0.97	0	0.9689	0.9689	0.9694	0.9679	0.9696	0.969	0.9688	0.9736	0.9779	0.9697	0.9695	0.969	0.9682	1.3503	0.9698	0.9757	0.969	0.97	0.9682	0.9696	0.9798	0.9684	0.9691	0.9707	0.969	0.9701	0.9691	0.9838	0.9786	0.9694	0.969	1.2635	0.979	0.9692	0.9697	0.9692	0.9611	0.9697	0.9692	0.9692	0.9692
  F	0.9694	0.9734	0.9765	0.9698	0.9689	0	0.9688	0.9689	0.9681	0.9695	0.9689	0.9687	0.9733	0.9774	0.9695	0.9693	0.9689	0.9681	0.9684	0.9692	0.9753	0.9688	0.9698	0.9681	0.9694	0.9792	1.2167	0.9689	0.9705	0.9689	0.9699	0.969	0.983	0.9781	0.9688	0.9688	0.9689	0.9784	0.969	0.9695	0.969	1.223	0.9695	0.9691	0.9691	0.969
  G	0.9693	0.9732	0.9762	0.9697	0.9689	0.9688	0	0.9689	0.9852	0.9694	0.9688	0.9687	0.9731	0.977	0.9694	0.9692	0.9688	0.968	0.9684	0.9692	0.975	0.9688	0.9697	0.9681	0.9693	0.9788	0.9683	0.9689	0.9704	0.9688	0.9698	0.9689	0.9825	0.9777	0.9688	0.9688	0.9689	0.978	0.969	0.9695	0.9689	1.43	0.9695	0.969	0.969	0.969
  H	0.9695	0.9738	0.9773	0.97	0.9694	0.9689	0.9689	0	0.9679	0.9696	0.969	0.9688	0.9737	0.978	0.9697	0.9694	0.969	0.9681	1.7905	1.0211	0.9758	0.9689	0.97	0.9682	0.9696	0.9799	0.9684	0.9691	0.9707	0.969	0.9701	0.9691	0.984	0.9787	1.2753	0.969	0.9693	0.9791	0.9692	0.9697	0.9691	0.961	0.9697	0.9692	0.9692	0.9692
  I	0.9683	0.9702	0.9719	0.9684	0.9679	0.9681	0.9852	0.9679	0	0.9682	0.9679	0.9678	0.9701	0.9723	0.9682	0.9681	0.9679	0.9675	0.9676	0.9681	0.9712	0.9679	0.9684	0.9675	0.9682	0.9732	0.968	0.9679	0.9687	0.9679	0.9684	0.9679	0.9753	0.9726	0.9678	0.9678	0.9679	0.9727	0.968	0.9683	0.9679	10.8696	0.9682	0.968	0.968	0.968
  J	0.9796	0.9771	0.978	0.976	0.9696	0.9695	0.9694	0.9696	0.9682	0	0.9719	0.9693	0.9753	0.979	0.9704	0.9718	0.9749	0.9688	0.9691	0.9725	0.9895	0.9697	0.9768	0.969	0.981	0.9826	0.9689	0.9704	0.9717	0.9695	0.9839	0.9723	1.4081	0.9919	0.9696	0.9695	0.9696	1.4678	0.9806	0.9802	1.4371	0.9621	0.9705	0.9699	0.9698	0.9699
  K	0.9731	0.9745	0.9771	0.9704	0.969	0.9689	0.9688	0.969	0.9679	0.9719	0	0.9688	0.9734	0.9779	0.9696	0.9696	0.9695	0.9681	0.9685	0.9703	0.9978	0.969	0.9706	0.9682	0.9706	0.9797	0.9684	0.9691	0.9706	0.9689	0.9713	0.9693	1.4631	0.9797	0.9689	0.9689	0.969	0.9786	0.97	0.9733	0.9694	0.9613	0.9696	0.9692	0.9692	0.9691
  L	0.9692	0.9732	0.9761	0.9697	0.9688	0.9687	0.9687	0.9688	0.9678	0.9693	0.9688	0	0.973	0.977	0.9694	0.9692	0.9688	0.968	0.9683	0.9691	0.975	0.9687	0.9697	0.968	0.9693	0.9787	0.9683	0.9688	0.9703	0.9688	0.9698	0.9689	0.9824	0.9777	0.9687	0.9687	0.9688	0.9779	0.9689	0.9694	0.9689	1.4428	0.9694	0.969	0.9689	0.9689
  M	0.9736	0.9807	0.9826	0.9746	0.9736	0.9733	0.9731	0.9737	0.9701	0.9753	0.9734	0.973	0	0.9844	0.9794	0.9739	0.9771	0.973	0.9733	0.9751	0.9835	0.9746	0.9749	0.9731	1.3982	1.0182	0.9719	0.9744	1.0101	0.9735	0.9747	0.9737	1.0059	0.9993	0.9736	0.9736	0.9737	1.33	0.9739	0.9742	0.9737	0.9662	0.9779	0.9742	1.0589	0.9804
  N	0.9779	0.9869	2.8117	0.9793	0.9779	0.9774	0.977	0.978	0.9723	0.979	0.9779	0.977	0.9844	0	0.9789	0.9786	0.978	1.2496	0.9779	0.979	0.9912	0.978	0.979	0.9784	0.9787	0.9976	0.9752	0.9781	0.9805	0.9797	0.9793	0.9782	1.0278	0.9958	0.9784	0.9805	0.9817	0.9995	0.9785	0.9788	0.9781	0.971	0.9791	0.9782	0.9781	0.9784
  O	0.97	0.9749	0.9778	0.9706	0.9697	0.9695	0.9694	0.9697	0.9682	0.9704	0.9696	0.9694	0.9794	0.9789	0	0.97	0.9696	0.9688	0.9692	0.9706	0.977	0.9708	0.9706	0.9689	0.9702	1.0033	0.9689	0.9697	0.9732	0.9696	0.9707	0.9697	0.9855	0.9802	0.9696	0.9696	0.9697	1.4723	0.9698	0.9703	0.9697	0.9619	0.9792	0.9703	0.9698	0.97
  P	0.9706	0.9779	0.9776	0.994	0.9695	0.9693	0.9692	0.9694	0.9681	0.9718	0.9696	0.9692	0.9739	0.9786	0.97	0	0.97	0.9686	0.969	0.97	1.2699	0.9694	1.0441	0.9687	0.9711	0.9808	0.9687	0.9696	0.971	0.9694	0.974	0.9698	1.4561	0.9821	0.9694	0.9694	0.9695	0.9796	0.9705	0.9708	0.9697	0.9618	0.9701	0.9696	0.9696	0.9696
  Q	0.9716	0.9747	0.9773	0.9718	0.969	0.9689	0.9688	0.969	0.9679	0.9749	0.9695	0.9688	0.9771	0.978	0.9696	0.97	0	0.9682	0.9685	0.9699	0.9794	0.969	1.321	2.507	1.2438	0.9798	0.9684	1.846	0.9706	0.9689	0.9744	0.9919	1.2344	0.9926	0.9689	0.9689	0.969	0.9789	1.883	0.9718	0.9696	0.9613	0.9696	0.9692	0.9728	0.9714
  R	0.9687	0.9733	3.8697	0.9692	0.9682	0.9681	0.968	0.9681	0.9675	0.9688	0.9681	0.968	0.973	1.2496	0.9688	0.9686	0.9682	0	0.9677	0.9688	0.9754	0.9681	0.9692	1.4521	0.9687	0.9801	0.9678	0.9682	0.9699	1.166	0.9692	0.9682	0.9867	0.9792	0.9683	0.9683	0.9683	0.9788	0.9683	0.9688	0.9682	0.9597	0.9689	0.9684	0.9683	0.9683
  S	0.9693	0.9734	1.0775	0.9695	1.3503	0.9684	0.9684	1.7905	0.9676	0.9691	0.9685	0.9683	0.9733	0.9779	0.9692	0.969	0.9685	0.9677	0	1.7259	0.9755	0.9684	0.9695	0.9677	0.9691	0.9797	0.968	0.9685	0.9702	0.9685	0.9696	0.9686	0.9843	0.9785	2.1785	0.9685	1.322	0.9789	0.9687	0.9694	0.9686	0.9602	0.9693	0.9687	0.9687	0.9687
  T	1.4508	0.9748	1.1824	0.9709	0.9698	0.9692	0.9692	1.0211	0.9681	0.9725	0.9703	0.9691	0.9751	0.979	0.9706	0.97	0.9699	0.9688	1.7259	0	0.9798	0.9695	0.9767	0.9687	0.971	0.9823	0.9687	0.9695	0.9736	0.9693	0.9717	0.9698	1.0731	0.9811	2.1338	0.9694	0.9698	1.4642	0.9705	1.0205	0.9697	0.973	0.9778	0.9699	0.9695	0.9696
  U	0.9875	1.1228	0.9886	1.0043	0.9757	0.9753	0.975	0.9758	0.9712	0.9895	0.9978	0.975	0.9835	0.9912	0.977	1.2699	0.9794	0.9754	0.9755	0.9798	0	0.9765	1.0253	0.9755	0.9835	1.011	0.9735	0.9766	0.9787	0.9756	0.9901	0.9786	1.8854	1.0062	0.9758	0.9758	0.9758	1.004	0.9833	0.9888	0.9773	0.9691	0.9771	0.9761	0.976	0.9763
  V	0.9695	0.9743	0.9771	0.97	0.969	0.9688	0.9688	0.9689	0.9679	0.9697	0.969	0.9687	0.9746	0.978	0.9708	0.9694	0.969	0.9681	0.9684	0.9695	0.9765	0	0.97	0.9688	0.9696	0.9818	0.9684	0.969	0.9711	0.9689	0.9701	1.27	1.3007	0.9791	0.9689	0.9689	0.969	1.4524	0.9692	0.9697	0.9691	0.9612	0.9722	0.9693	0.9691	0.9692
  W	1.4699	0.9822	0.978	1.0299	0.97	0.9698	0.9697	0.97	0.9684	0.9768	0.9706	0.9697	0.9749	0.979	0.9706	1.0441	1.321	0.9692	0.9695	0.9767	1.0253	0.97	0	0.9774	1.0345	0.9814	0.9692	1.0539	0.9715	0.9699	0.9811	0.9744	1.5405	0.9895	0.9699	0.9699	0.97	0.9805	0.9764	0.9753	0.9707	1.4623	0.9706	0.9702	0.9707	0.9705
  X	0.9688	0.9732	2.0986	0.9693	0.9682	0.9681	0.9681	0.9682	0.9675	0.969	0.9682	0.968	0.9731	0.9784	0.9689	0.9687	2.507	1.4521	0.9677	0.9687	0.9755	0.9688	0.9774	0	0.977	0.9797	0.9678	0.9959	0.9699	0.9683	0.9694	1.4546	0.9944	0.979	0.9682	0.9685	0.9682	0.9787	1.0677	0.969	0.9683	0.9598	0.9689	0.9684	0.9684	0.9684
  Y	0.9742	0.9761	0.9777	0.9741	0.9696	0.9694	0.9693	0.9696	0.9682	0.981	0.9706	0.9693	1.3982	0.9787	0.9702	0.9711	1.2438	0.9687	0.9691	0.971	0.9835	0.9696	1.0345	0.977	0	0.9809	0.9688	1.0464	0.9713	0.9695	0.9793	1.018	1.4144	1.47	0.9695	0.9695	0.9696	0.9807	0.995	0.9745	0.9707	0.962	0.9704	0.9699	1.3951	1.4566
  Z	0.9797	1.0007	0.9933	0.982	0.9798	0.9792	0.9788	0.9799	0.9732	0.9826	0.9797	0.9787	1.0182	0.9976	1.0033	0.9808	0.9798	0.9801	0.9797	0.9823	1.011	0.9818	0.9814	0.9797	0.9809	0	0.9766	0.98	0.9941	0.9797	0.9815	0.9799	1.0252	1.0038	0.98	0.9801	0.98	1.4692	0.9804	0.9806	0.98	0.9732	0.9896	0.9808	0.9801	0.9817
  [	0.9689	0.972	0.9745	0.9692	0.9684	1.2167	0.9683	0.9684	0.968	0.9689	0.9684	0.9683	0.9719	0.9752	0.9689	0.9687	0.9684	0.9678	0.968	0.9687	0.9735	0.9684	0.9692	0.9678	0.9688	0.9766	0	0.9684	0.9697	0.9684	0.9692	0.9685	0.9797	0.9757	0.9684	0.9684	0.9684	0.9759	0.9685	0.9689	0.9685	3.392	0.9689	0.9686	0.9685	0.9685
  \	0.9699	0.9741	0.9772	0.9703	0.9691	0.9689	0.9689	0.9691	0.9679	0.9704	0.9691	0.9688	0.9744	0.9781	0.9697	0.9696	1.846	0.9682	0.9685	0.9695	0.9766	0.969	1.0539	0.9959	1.0464	0.98	0.9684	0	0.9707	0.969	0.9707	0.9733	1.0594	0.982	0.969	0.969	0.9691	0.9791	0.9877	0.9701	0.9692	0.9611	0.9697	0.9692	0.97	0.9697
  ]	0.9709	0.9765	0.9792	0.9716	0.9707	0.9705	0.9704	0.9707	0.9687	0.9717	0.9706	0.9703	1.0101	0.9805	0.9732	0.971	0.9706	0.9699	0.9702	0.9736	0.9787	0.9711	0.9715	0.9699	0.9713	0.9941	0.9697	0.9707	0	0.9706	0.9717	0.9706	0.9878	0.9822	0.9706	0.9706	0.9707	1.9645	0.9708	0.9712	0.9708	0.9631	0.9754	0.9712	0.9709	0.9714
  ^	0.9694	0.9737	1.3273	0.9699	0.969	0.9689	0.9688	0.969	0.9679	0.9695	0.9689	0.9688	0.9735	0.9797	0.9696	0.9694	0.9689	1.166	0.9685	0.9693	0.9756	0.9689	0.9699	0.9683	0.9695	0.9797	0.9684	0.969	0.9706	0	0.97	0.969	0.984	0.9786	0.9689	0.969	0.969	0.9788	0.9691	0.9696	0.9691	0.9611	0.9696	0.9692	0.9691	0.9691
  _	0.9755	0.9793	0.9783	0.9823	0.9701	0.9699	0.9698	0.9701	0.9684	0.9839	0.9713	0.9698	0.9747	0.9793	0.9707	0.974	0.9744	0.9692	0.9696	0.9717	0.9901	0.9701	0.9811	0.9694	0.9793	0.9815	0.9692	0.9707	0.9717	0.97	0	0.9723	1.3329	1.367	0.97	0.97	0.9701	0.9807	0.9784	0.9758	0.9714	0.9625	0.9708	0.9705	0.9703	0.9703
  `	0.9708	0.9752	0.9774	0.971	0.9691	0.969	0.9689	0.9691	0.9679	0.9723	0.9693	0.9689	0.9737	0.9782	0.9697	0.9698	0.9919	0.9682	0.9686	0.9698	0.9786	1.27	0.9744	1.4546	1.018	0.9799	0.9685	0.9733	0.9706	0.969	0.9723	0	2.0084	0.9829	0.969	0.969	0.9691	0.9852	0.9754	0.971	0.9695	0.9615	0.9697	0.9693	0.9695	0.9694
  a	1.2754	1.1051	1.0244	1.4023	0.9838	0.983	0.9825	0.984	0.9753	1.4081	1.4631	0.9824	1.0059	1.0278	0.9855	1.4561	1.2344	0.9867	0.9843	1.0731	1.8854	1.3007	1.5405	0.9944	1.4144	1.0252	0.9797	1.0594	0.9878	0.984	1.3329	2.0084	0	1.2555	0.9848	0.9852	0.9844	1.0242	1.4076	1.3213	1.0325	0.9858	0.9857	0.9847	0.9959	0.9921
  b	0.9832	0.9934	0.9912	0.9889	0.9786	0.9781	0.9777	0.9787	0.9726	0.9919	0.9797	0.9777	0.9993	0.9958	0.9802	0.9821	0.9926	0.9792	0.9785	0.9811	1.0062	0.9791	0.9895	0.979	1.47	1.0038	0.9757	0.982	0.9822	0.9786	1.367	0.9829	1.2555	0	0.9788	0.9791	0.9789	1.0616	0.9883	0.9843	0.98	0.9717	1.0748	1.5196	0.9913	0.9872
  c	0.9697	0.9738	1.3579	0.9699	0.9694	0.9688	0.9688	1.2753	0.9678	0.9696	0.9689	0.9687	0.9736	0.9784	0.9696	0.9694	0.9689	0.9683	2.1785	2.1338	0.9758	0.9689	0.9699	0.9682	0.9695	0.98	0.9684	0.969	0.9706	0.9689	0.97	0.969	0.9848	0.9788	0	0.969	0.9694	0.9795	0.9691	0.9698	0.9691	0.9609	0.9697	0.9691	0.9691	0.9691
  d	0.9694	0.9738	2.4314	0.9699	0.969	0.9688	0.9688	0.969	0.9678	0.9695	0.9689	0.9687	0.9736	0.9805	0.9696	0.9694	0.9689	0.9683	0.9685	0.9694	0.9758	0.9689	0.9699	0.9685	0.9695	0.9801	0.9684	0.969	0.9706	0.969	0.97	0.969	0.9852	0.9791	0.969	0	0.9699	0.979	0.9691	0.9696	0.969	0.961	0.9696	0.9691	0.9691	0.9691
  e	0.9695	0.9738	1.4585	0.97	1.2635	0.9689	0.9689	0.9693	0.9679	0.9696	0.969	0.9688	0.9737	0.9817	0.9697	0.9695	0.969	0.9683	1.322	0.9698	0.9758	0.969	0.97	0.9682	0.9696	0.98	0.9684	0.9691	0.9707	0.969	0.9701	0.9691	0.9844	0.9789	0.9694	0.9699	0	0.9791	0.9692	0.9697	0.9692	0.961	0.9697	0.9692	0.9692	0.9692
  f	0.979	0.9976	0.9954	0.981	0.979	0.9784	0.978	0.9791	0.9727	1.4678	0.9786	0.9779	1.33	0.9995	1.4723	0.9796	0.9789	0.9788	0.9789	1.4642	1.004	1.4524	0.9805	0.9787	0.9807	1.4692	0.9759	0.9791	1.9645	0.9788	0.9807	0.9852	1.0242	1.0616	0.9795	0.979	0.9791	0	0.9793	0.9798	0.9793	0.972	2.0063	1.1023	0.9795	1.4006
  g	0.9737	0.9755	0.9776	0.9729	0.9692	0.969	0.969	0.9692	0.968	0.9806	0.97	0.9689	0.9739	0.9785	0.9698	0.9705	1.883	0.9683	0.9687	0.9705	0.9833	0.9692	0.9764	1.0677	0.995	0.9804	0.9685	0.9877	0.9708	0.9691	0.9784	0.9754	1.4076	0.9883	0.9691	0.9691	0.9692	0.9793	0	0.9738	0.9702	0.9612	0.9698	0.9694	0.9695	0.9694
  h	1.1522	0.9756	0.9779	0.9726	0.9697	0.9695	0.9695	0.9697	0.9683	0.9802	0.9733	0.9694	0.9742	0.9788	0.9703	0.9708	0.9718	0.9688	0.9694	1.0205	0.9888	0.9697	0.9753	0.969	0.9745	0.9806	0.9689	0.9701	0.9712	0.9696	0.9758	0.971	1.3213	0.9843	0.9698	0.9696	0.9697	0.9798	0.9738	0	0.9707	0.9659	0.9703	0.9699	0.9699	0.9698
  i	0.9705	0.9742	0.9772	0.9706	0.9692	0.969	0.9689	0.9691	0.9679	1.4371	0.9694	0.9689	0.9737	0.9781	0.9697	0.9697	0.9696	0.9682	0.9686	0.9697	0.9773	0.9691	0.9707	0.9683	0.9707	0.98	0.9685	0.9692	0.9708	0.9691	0.9714	0.9695	1.0325	0.98	0.9691	0.969	0.9692	0.9793	0.9702	0.9707	0	0.9612	0.9698	0.9693	0.9693	0.9693
  j	1.4573	0.9663	0.9707	0.9624	0.9611	1.223	1.43	0.961	10.8696	0.9621	0.9613	1.4428	0.9662	0.971	0.9619	0.9618	0.9613	0.9597	0.9602	0.973	0.9691	0.9612	1.4623	0.9598	0.962	0.9732	3.392	0.9611	0.9631	0.9611	0.9625	0.9615	0.9858	0.9717	0.9609	0.961	0.961	0.972	0.9612	0.9659	0.9612	0	0.962	0.9613	0.9612	0.9612
  k	0.9701	0.975	0.978	0.9707	0.9697	0.9695	0.9695	0.9697	0.9682	0.9705	0.9696	0.9694	0.9779	0.9791	0.9792	0.9701	0.9696	0.9689	0.9693	0.9778	0.9771	0.9722	0.9706	0.9689	0.9704	0.9896	0.9689	0.9697	0.9754	0.9696	0.9708	0.9697	0.9857	1.0748	0.9697	0.9696	0.9697	2.0063	0.9698	0.9703	0.9698	0.962	0	1.2202	0.9699	1.0748
  l	0.9697	0.9741	0.9772	0.9702	0.9692	0.9691	0.969	0.9692	0.968	0.9699	0.9692	0.969	0.9742	0.9782	0.9703	0.9696	0.9692	0.9684	0.9687	0.9699	0.9761	0.9693	0.9702	0.9684	0.9699	0.9808	0.9686	0.9692	0.9712	0.9692	0.9705	0.9693	0.9847	1.5196	0.9691	0.9691	0.9692	1.1023	0.9694	0.9699	0.9693	0.9613	1.2202	0	0.9694	0.9695
  m	0.9697	0.974	0.9772	0.9702	0.9692	0.9691	0.969	0.9692	0.968	0.9698	0.9692	0.9689	1.0589	0.9781	0.9698	0.9696	0.9728	0.9683	0.9687	0.9695	0.976	0.9691	0.9707	0.9684	1.3951	0.9801	0.9685	0.97	0.9709	0.9691	0.9703	0.9695	0.9959	0.9913	0.9691	0.9691	0.9692	0.9795	0.9695	0.9699	0.9693	0.9612	0.9699	0.9694	0	0.9749
  n	0.9696	0.9742	0.9774	0.9702	0.9692	0.969	0.969	0.9692	0.968	0.9699	0.9691	0.9689	0.9804	0.9784	0.97	0.9696	0.9714	0.9683	0.9687	0.9696	0.9763	0.9692	0.9705	0.9684	1.4566	0.9817	0.9685	0.9697	0.9714	0.9691	0.9703	0.9694	0.9921	0.9872	0.9691	0.9691	0.9692	1.4006	0.9694	0.9698	0.9693	0.9612	1.0748	0.9695	0.9749	0

Actual rates from j->i (Q_ij):
	A	B	C	D	E	F	G	H	I	J	K	L	M	N	O	P	Q	R	S	T	U	V	W	X	Y	Z	[	\	]	^	_	`	a	b	c	d	e	f	g	h	i	j	k	l	m	n
  A	0	0.0196	0.0196	0.0195	0.0195	0.0195	0.0195	0.0195	0.0195	0.0197	0.0195	0.0195	0.0196	0.0196	0.0195	0.0195	0.0195	0.0195	0.0195	0.0291	0.0198	0.0195	0.0295	0.0195	0.0196	0.0197	0.0195	0.0195	0.0195	0.0195	0.0196	0.0195	0.0256	0.0198	0.0195	0.0195	0.0195	0.0197	0.0196	0.0231	0.0195	0.0293	0.0195	0.0195	0.0195	0.0195
  B	0.0223	0	0.0225	0.0225	0.0223	0.0223	0.0223	0.0223	0.0222	0.0224	0.0223	0.0223	0.0225	0.0226	0.0223	0.0224	0.0223	0.0223	0.0223	0.0223	0.0257	0.0223	0.0225	0.0223	0.0224	0.0229	0.0223	0.0223	0.0224	0.0223	0.0224	0.0223	0.0253	0.0227	0.0223	0.0223	0.0223	0.0228	0.0223	0.0223	0.0223	0.0221	0.0223	0.0223	0.0223	0.0223
  C	0.0202	0.0203	0	0.0202	0.0202	0.0202	0.0202	0.0202	0.0201	0.0202	0.0202	0.0202	0.0203	0.0581	0.0202	0.0202	0.0202	0.08	0.0223	0.0244	0.0204	0.0202	0.0202	0.0434	0.0202	0.0205	0.0201	0.0202	0.0202	0.0274	0.0202	0.0202	0.0212	0.0205	0.0281	0.0502	0.0301	0.0206	0.0202	0.0202	0.0202	0.0201	0.0202	0.0202	0.0202	0.0202
  D	0.0212	0.0215	0.0214	0	0.0212	0.0212	0.0212	0.0212	0.0212	0.0213	0.0212	0.0212	0.0213	0.0214	0.0212	0.0217	0.0212	0.0212	0.0212	0.0212	0.0219	0.0212	0.0225	0.0212	0.0213	0.0215	0.0212	0.0212	0.0212	0.0212	0.0215	0.0212	0.0306	0.0216	0.0212	0.0212	0.0212	0.0214	0.0213	0.0212	0.0212	0.021	0.0212	0.0212	0.0212	0.0212
  E	0.0215	0.0216	0.0217	0.0216	0	0.0215	0.0215	0.0215	0.0215	0.0215	0.0215	0.0215	0.0216	0.0217	0.0216	0.0215	0.0215	0.0215	0.03	0.0216	0.0217	0.0215	0.0216	0.0215	0.0215	0.0218	0.0215	0.0215	0.0216	0.0215	0.0216	0.0215	0.0219	0.0217	0.0215	0.0215	0.0281	0.0218	0.0215	0.0216	0.0215	0.0214	0.0216	0.0215	0.0215	0.0215
  F	0.0206	0.0207	0.0208	0.0206	0.0206	0	0.0206	0.0206	0.0206	0.0206	0.0206	0.0206	0.0207	0.0208	0.0206	0.0206	0.0206	0.0206	0.0206	0.0206	0.0207	0.0206	0.0206	0.0206	0.0206	0.0208	0.0259	0.0206	0.0206	0.0206	0.0206	0.0206	0.0209	0.0208	0.0206	0.0206	0.0206	0.0208	0.0206	0.0206	0.0206	0.026	0.0206	0.0206	0.0206	0.0206
  G	0.0199	0.02	0.02	0.0199	0.0199	0.0199	0	0.0199	0.0202	0.0199	0.0199	0.0199	0.0199	0.02	0.0199	0.0199	0.0199	0.0198	0.0199	0.0199	0.02	0.0199	0.0199	0.0198	0.0199	0.0201	0.0199	0.0199	0.0199	0.0199	0.0199	0.0199	0.0201	0.02	0.0199	0.0199	0.0199	0.02	0.0199	0.0199	0.0199	0.0293	0.0199	0.0199	0.0199	0.0199
  H	0.0218	0.0219	0.022	0.0218	0.0218	0.0218	0.0218	0	0.0218	0.0218	0.0218	0.0218	0.0219	0.022	0.0218	0.0218	0.0218	0.0218	0.0402	0.023	0.0219	0.0218	0.0218	0.0218	0.0218	0.022	0.0218	0.0218	0.0218	0.0218	0.0218	0.0218	0.0221	0.022	0.0287	0.0218	0.0218	0.022	0.0218	0.0218	0.0218	0.0216	0.0218	0.0218	0.0218	0.0218
  I	0.0102	0.0102	0.0102	0.0102	0.0101	0.0101	0.0103	0.0101	0	0.0102	0.0101	0.0101	0.0102	0.0102	0.0102	0.0102	0.0101	0.0101	0.0101	0.0102	0.0102	0.0101	0.0102	0.0101	0.0102	0.0102	0.0101	0.0101	0.0102	0.0101	0.0102	0.0101	0.0102	0.0102	0.0101	0.0101	0.0101	0.0102	0.0101	0.0102	0.0101	0.114	0.0102	0.0101	0.0101	0.0101
  J	0.0213	0.0213	0.0213	0.0212	0.0211	0.0211	0.0211	0.0211	0.0211	0	0.0211	0.0211	0.0212	0.0213	0.0211	0.0211	0.0212	0.0211	0.0211	0.0212	0.0215	0.0211	0.0212	0.0211	0.0213	0.0214	0.0211	0.0211	0.0211	0.0211	0.0214	0.0211	0.0306	0.0216	0.0211	0.0211	0.0211	0.0319	0.0213	0.0213	0.0313	0.0209	0.0211	0.0211	0.0211	0.0211
  K	0.0211	0.0212	0.0212	0.0211	0.0211	0.0211	0.021	0.0211	0.021	0.0211	0	0.021	0.0211	0.0212	0.0211	0.0211	0.0211	0.021	0.021	0.0211	0.0217	0.0211	0.0211	0.021	0.0211	0.0213	0.021	0.0211	0.0211	0.0211	0.0211	0.0211	0.0318	0.0213	0.0211	0.0211	0.0211	0.0213	0.0211	0.0211	0.0211	0.0209	0.0211	0.0211	0.0211	0.0211
  L	0.0198	0.0199	0.02	0.0199	0.0198	0.0198	0.0198	0.0198	0.0198	0.0198	0.0198	0	0.0199	0.02	0.0198	0.0198	0.0198	0.0198	0.0198	0.0198	0.02	0.0198	0.0199	0.0198	0.0198	0.02	0.0198	0.0198	0.0199	0.0198	0.0199	0.0198	0.0201	0.02	0.0198	0.0198	0.0198	0.02	0.0198	0.0198	0.0198	0.0295	0.0198	0.0198	0.0198	0.0198
  M	0.0218	0.022	0.022	0.0218	0.0218	0.0218	0.0218	0.0218	0.0217	0.0218	0.0218	0.0218	0	0.022	0.0219	0.0218	0.0219	0.0218	0.0218	0.0218	0.022	0.0218	0.0218	0.0218	0.0313	0.0228	0.0218	0.0218	0.0226	0.0218	0.0218	0.0218	0.0225	0.0224	0.0218	0.0218	0.0218	0.0298	0.0218	0.0218	0.0218	0.0216	0.0219	0.0218	0.0237	0.022
  N	0.0223	0.0225	0.0642	0.0223	0.0223	0.0223	0.0223	0.0223	0.0222	0.0223	0.0223	0.0223	0.0225	0	0.0223	0.0223	0.0223	0.0285	0.0223	0.0223	0.0226	0.0223	0.0223	0.0223	0.0223	0.0228	0.0223	0.0223	0.0224	0.0224	0.0223	0.0223	0.0235	0.0227	0.0223	0.0224	0.0224	0.0228	0.0223	0.0223	0.0223	0.0222	0.0223	0.0223	0.0223	0.0223
  O	0.0212	0.0213	0.0213	0.0212	0.0212	0.0212	0.0212	0.0212	0.0211	0.0212	0.0212	0.0211	0.0214	0.0214	0	0.0212	0.0212	0.0211	0.0211	0.0212	0.0213	0.0212	0.0212	0.0211	0.0212	0.0219	0.0211	0.0212	0.0212	0.0212	0.0212	0.0212	0.0215	0.0214	0.0212	0.0212	0.0212	0.0321	0.0212	0.0212	0.0212	0.021	0.0214	0.0212	0.0212	0.0212
  P	0.021	0.0212	0.0212	0.0215	0.021	0.021	0.021	0.021	0.0209	0.021	0.021	0.021	0.0211	0.0212	0.021	0	0.021	0.021	0.021	0.021	0.0275	0.021	0.0226	0.021	0.021	0.0212	0.021	0.021	0.021	0.021	0.0211	0.021	0.0315	0.0212	0.021	0.021	0.021	0.0212	0.021	0.021	0.021	0.0208	0.021	0.021	0.021	0.021
  Q	0.0211	0.0212	0.0212	0.0211	0.0211	0.021	0.021	0.0211	0.021	0.0212	0.0211	0.021	0.0212	0.0212	0.0211	0.0211	0	0.021	0.021	0.0211	0.0213	0.0211	0.0287	0.0545	0.027	0.0213	0.021	0.0401	0.0211	0.0211	0.0212	0.0216	0.0268	0.0216	0.0211	0.0211	0.0211	0.0213	0.0409	0.0211	0.0211	0.0209	0.0211	0.0211	0.0211	0.0211
  R	0.0224	0.0226	0.0897	0.0225	0.0224	0.0224	0.0224	0.0224	0.0224	0.0224	0.0224	0.0224	0.0225	0.029	0.0225	0.0224	0.0224	0	0.0224	0.0225	0.0226	0.0224	0.0225	0.0336	0.0224	0.0227	0.0224	0.0224	0.0225	0.027	0.0225	0.0224	0.0229	0.0227	0.0224	0.0224	0.0224	0.0227	0.0224	0.0225	0.0224	0.0222	0.0225	0.0224	0.0224	0.0224
  S	0.0224	0.0225	0.0249	0.0224	0.0312	0.0224	0.0224	0.0414	0.0224	0.0224	0.0224	0.0224	0.0225	0.0226	0.0224	0.0224	0.0224	0.0224	0	0.0399	0.0226	0.0224	0.0224	0.0224	0.0224	0.0227	0.0224	0.0224	0.0225	0.0224	0.0224	0.0224	0.0228	0.0226	0.0504	0.0224	0.0306	0.0227	0.0224	0.0224	0.0224	0.0222	0.0224	0.0224	0.0224	0.0224
  T	0.032	0.0215	0.0261	0.0214	0.0214	0.0214	0.0214	0.0225	0.0213	0.0214	0.0214	0.0214	0.0215	0.0216	0.0214	0.0214	0.0214	0.0214	0.038	0	0.0216	0.0214	0.0215	0.0214	0.0214	0.0217	0.0214	0.0214	0.0215	0.0214	0.0214	0.0214	0.0237	0.0216	0.047	0.0214	0.0214	0.0323	0.0214	0.0225	0.0214	0.0214	0.0216	0.0214	0.0214	0.0214
  U	0.0221	0.0251	0.0221	0.0225	0.0218	0.0218	0.0218	0.0218	0.0217	0.0221	0.0223	0.0218	0.022	0.0222	0.0218	0.0284	0.0219	0.0218	0.0218	0.0219	0	0.0218	0.0229	0.0218	0.022	0.0226	0.0218	0.0218	0.0219	0.0218	0.0221	0.0219	0.0422	0.0225	0.0218	0.0218	0.0218	0.0224	0.022	0.0221	0.0218	0.0217	0.0218	0.0218	0.0218	0.0218
  V	0.0208	0.0209	0.021	0.0208	0.0208	0.0208	0.0208	0.0208	0.0208	0.0208	0.0208	0.0208	0.0209	0.021	0.0209	0.0208	0.0208	0.0208	0.0208	0.0208	0.021	0	0.0208	0.0208	0.0208	0.0211	0.0208	0.0208	0.0209	0.0208	0.0208	0.0273	0.0279	0.021	0.0208	0.0208	0.0208	0.0312	0.0208	0.0208	0.0208	0.0207	0.0209	0.0208	0.0208	0.0208
  W	0.0308	0.0206	0.0205	0.0216	0.0203	0.0203	0.0203	0.0203	0.0203	0.0204	0.0203	0.0203	0.0204	0.0205	0.0203	0.0218	0.0276	0.0203	0.0203	0.0204	0.0215	0.0203	0	0.0205	0.0216	0.0205	0.0203	0.0221	0.0203	0.0203	0.0205	0.0204	0.0322	0.0207	0.0203	0.0203	0.0203	0.0205	0.0204	0.0204	0.0203	0.0306	0.0203	0.0203	0.0203	0.0203
  X	0.0224	0.0225	0.0485	0.0224	0.0224	0.0224	0.0224	0.0224	0.0224	0.0224	0.0224	0.0224	0.0225	0.0226	0.0224	0.0224	0.058	0.0336	0.0224	0.0224	0.0226	0.0224	0.0226	0	0.0226	0.0227	0.0224	0.023	0.0224	0.0224	0.0224	0.0336	0.023	0.0226	0.0224	0.0224	0.0224	0.0226	0.0247	0.0224	0.0224	0.0222	0.0224	0.0224	0.0224	0.0224
  Y	0.021	0.0211	0.0211	0.021	0.0209	0.0209	0.0209	0.0209	0.0209	0.0212	0.0209	0.0209	0.0302	0.0211	0.0209	0.021	0.0268	0.0209	0.0209	0.021	0.0212	0.0209	0.0223	0.0211	0	0.0212	0.0209	0.0226	0.021	0.0209	0.0211	0.022	0.0305	0.0317	0.0209	0.0209	0.0209	0.0212	0.0215	0.021	0.021	0.0208	0.0209	0.0209	0.0301	0.0314
  Z	0.022	0.0225	0.0223	0.022	0.022	0.022	0.022	0.022	0.0218	0.022	0.022	0.022	0.0228	0.0224	0.0225	0.022	0.022	0.022	0.022	0.022	0.0227	0.022	0.022	0.022	0.022	0	0.0219	0.022	0.0223	0.022	0.022	0.022	0.023	0.0225	0.022	0.022	0.022	0.033	0.022	0.022	0.022	0.0218	0.0222	0.022	0.022	0.022
  [	0.0161	0.0161	0.0162	0.0161	0.0161	0.0202	0.0161	0.0161	0.0161	0.0161	0.0161	0.0161	0.0161	0.0162	0.0161	0.0161	0.0161	0.016	0.0161	0.0161	0.0161	0.0161	0.0161	0.0161	0.0161	0.0162	0	0.0161	0.0161	0.0161	0.0161	0.0161	0.0162	0.0162	0.0161	0.0161	0.0161	0.0162	0.0161	0.0161	0.0161	0.0563	0.0161	0.0161	0.0161	0.0161
  \	0.0218	0.0219	0.022	0.0218	0.0218	0.0218	0.0218	0.0218	0.0217	0.0218	0.0218	0.0218	0.0219	0.022	0.0218	0.0218	0.0415	0.0218	0.0218	0.0218	0.0219	0.0218	0.0237	0.0224	0.0235	0.022	0.0218	0	0.0218	0.0218	0.0218	0.0219	0.0238	0.0221	0.0218	0.0218	0.0218	0.022	0.0222	0.0218	0.0218	0.0216	0.0218	0.0218	0.0218	0.0218
  ]	0.0212	0.0213	0.0213	0.0212	0.0212	0.0212	0.0212	0.0212	0.0211	0.0212	0.0212	0.0212	0.022	0.0214	0.0212	0.0212	0.0212	0.0211	0.0211	0.0212	0.0213	0.0212	0.0212	0.0211	0.0212	0.0217	0.0211	0.0212	0	0.0212	0.0212	0.0212	0.0215	0.0214	0.0212	0.0212	0.0212	0.0428	0.0212	0.0212	0.0212	0.021	0.0213	0.0212	0.0212	0.0212
  ^	0.0213	0.0214	0.0292	0.0214	0.0213	0.0213	0.0213	0.0213	0.0213	0.0214	0.0213	0.0213	0.0214	0.0216	0.0214	0.0213	0.0213	0.0257	0.0213	0.0213	0.0215	0.0213	0.0214	0.0213	0.0214	0.0216	0.0213	0.0213	0.0214	0	0.0214	0.0213	0.0217	0.0216	0.0213	0.0213	0.0213	0.0216	0.0213	0.0214	0.0213	0.0212	0.0214	0.0213	0.0213	0.0213
  _	0.0213	0.0214	0.0213	0.0214	0.0212	0.0212	0.0211	0.0212	0.0211	0.0215	0.0212	0.0211	0.0213	0.0214	0.0212	0.0212	0.0212	0.0211	0.0211	0.0212	0.0216	0.0212	0.0214	0.0211	0.0214	0.0214	0.0211	0.0212	0.0212	0.0212	0	0.0212	0.0291	0.0298	0.0212	0.0212	0.0212	0.0214	0.0213	0.0213	0.0212	0.021	0.0212	0.0212	0.0212	0.0212
  `	0.0207	0.0208	0.0208	0.0207	0.0206	0.0206	0.0206	0.0206	0.0206	0.0207	0.0206	0.0206	0.0207	0.0208	0.0207	0.0207	0.0211	0.0206	0.0206	0.0207	0.0208	0.0271	0.0208	0.031	0.0217	0.0209	0.0206	0.0207	0.0207	0.0206	0.0207	0	0.0428	0.0209	0.0206	0.0206	0.0206	0.021	0.0208	0.0207	0.0207	0.0205	0.0207	0.0206	0.0207	0.0207
  a	0.0293	0.0254	0.0235	0.0322	0.0226	0.0226	0.0226	0.0226	0.0224	0.0324	0.0336	0.0226	0.0231	0.0236	0.0227	0.0335	0.0284	0.0227	0.0226	0.0247	0.0433	0.0299	0.0354	0.0229	0.0325	0.0236	0.0225	0.0244	0.0227	0.0226	0.0306	0.0462	0	0.0289	0.0226	0.0226	0.0226	0.0235	0.0324	0.0304	0.0237	0.0227	0.0227	0.0226	0.0229	0.0228
  b	0.023	0.0233	0.0232	0.0232	0.0229	0.0229	0.0229	0.0229	0.0228	0.0232	0.023	0.0229	0.0234	0.0233	0.023	0.023	0.0233	0.0229	0.0229	0.023	0.0236	0.0229	0.0232	0.0229	0.0344	0.0235	0.0229	0.023	0.023	0.0229	0.032	0.023	0.0294	0	0.0229	0.0229	0.0229	0.0249	0.0232	0.0231	0.023	0.0228	0.0252	0.0356	0.0232	0.0231
  c	0.0218	0.0219	0.0306	0.0218	0.0218	0.0218	0.0218	0.0287	0.0218	0.0218	0.0218	0.0218	0.0219	0.022	0.0218	0.0218	0.0218	0.0218	0.049	0.048	0.022	0.0218	0.0218	0.0218	0.0218	0.0221	0.0218	0.0218	0.0218	0.0218	0.0218	0.0218	0.0222	0.022	0	0.0218	0.0218	0.022	0.0218	0.0218	0.0218	0.0216	0.0218	0.0218	0.0218	0.0218
  d	0.0216	0.0217	0.0541	0.0216	0.0216	0.0216	0.0216	0.0216	0.0215	0.0216	0.0216	0.0216	0.0217	0.0218	0.0216	0.0216	0.0216	0.0216	0.0216	0.0216	0.0217	0.0216	0.0216	0.0216	0.0216	0.0218	0.0216	0.0216	0.0216	0.0216	0.0216	0.0216	0.0219	0.0218	0.0216	0	0.0216	0.0218	0.0216	0.0216	0.0216	0.0214	0.0216	0.0216	0.0216	0.0216
  e	0.0217	0.0218	0.0326	0.0217	0.0282	0.0217	0.0217	0.0217	0.0216	0.0217	0.0217	0.0217	0.0218	0.0219	0.0217	0.0217	0.0217	0.0216	0.0296	0.0217	0.0218	0.0217	0.0217	0.0216	0.0217	0.0219	0.0217	0.0217	0.0217	0.0217	0.0217	0.0217	0.022	0.0219	0.0217	0.0217	0	0.0219	0.0217	0.0217	0.0217	0.0215	0.0217	0.0217	0.0217	0.0217
  f	0.0226	0.023	0.023	0.0226	0.0226	0.0226	0.0226	0.0226	0.0225	0.0339	0.0226	0.0226	0.0307	0.0231	0.034	0.0226	0.0226	0.0226	0.0226	0.0338	0.0232	0.0335	0.0226	0.0226	0.0226	0.0339	0.0225	0.0226	0.0453	0.0226	0.0226	0.0227	0.0236	0.0245	0.0226	0.0226	0.0226	0	0.0226	0.0226	0.0226	0.0224	0.0463	0.0254	0.0226	0.0323
  g	0.0219	0.022	0.022	0.0219	0.0218	0.0218	0.0218	0.0218	0.0218	0.0221	0.0218	0.0218	0.0219	0.022	0.0218	0.0219	0.0424	0.0218	0.0218	0.0219	0.0221	0.0218	0.022	0.024	0.0224	0.0221	0.0218	0.0222	0.0219	0.0218	0.022	0.022	0.0317	0.0223	0.0218	0.0218	0.0218	0.0221	0	0.0219	0.0218	0.0216	0.0218	0.0218	0.0218	0.0218
  h	0.0252	0.0214	0.0214	0.0213	0.0212	0.0212	0.0212	0.0212	0.0212	0.0215	0.0213	0.0212	0.0213	0.0214	0.0212	0.0213	0.0213	0.0212	0.0212	0.0223	0.0217	0.0212	0.0214	0.0212	0.0213	0.0215	0.0212	0.0212	0.0213	0.0212	0.0214	0.0213	0.0289	0.0216	0.0212	0.0212	0.0212	0.0215	0.0213	0	0.0213	0.0212	0.0212	0.0212	0.0212	0.0212
  i	0.0216	0.0217	0.0218	0.0216	0.0216	0.0216	0.0216	0.0216	0.0216	0.032	0.0216	0.0216	0.0217	0.0218	0.0216	0.0216	0.0216	0.0216	0.0216	0.0216	0.0218	0.0216	0.0216	0.0216	0.0216	0.0218	0.0216	0.0216	0.0216	0.0216	0.0216	0.0216	0.023	0.0218	0.0216	0.0216	0.0216	0.0218	0.0216	0.0216	0	0.0214	0.0216	0.0216	0.0216	0.0216
  j	0.037	0.0245	0.0246	0.0244	0.0244	0.0311	0.0363	0.0244	0.276	0.0244	0.0244	0.0366	0.0245	0.0247	0.0244	0.0244	0.0244	0.0244	0.0244	0.0247	0.0246	0.0244	0.0371	0.0244	0.0244	0.0247	0.0861	0.0244	0.0245	0.0244	0.0244	0.0244	0.025	0.0247	0.0244	0.0244	0.0244	0.0247	0.0244	0.0245	0.0244	0	0.0244	0.0244	0.0244	0.0244
  k	0.021	0.0212	0.0212	0.0211	0.021	0.021	0.021	0.021	0.021	0.0211	0.021	0.021	0.0212	0.0212	0.0212	0.021	0.021	0.021	0.021	0.0212	0.0212	0.0211	0.0211	0.021	0.0211	0.0215	0.021	0.021	0.0212	0.021	0.0211	0.021	0.0214	0.0233	0.021	0.021	0.021	0.0435	0.021	0.021	0.021	0.0209	0	0.0265	0.021	0.0233
  l	0.0213	0.0214	0.0215	0.0214	0.0213	0.0213	0.0213	0.0213	0.0213	0.0213	0.0213	0.0213	0.0214	0.0215	0.0214	0.0213	0.0213	0.0213	0.0213	0.0214	0.0215	0.0213	0.0214	0.0213	0.0213	0.0216	0.0213	0.0213	0.0214	0.0213	0.0214	0.0213	0.0217	0.0335	0.0213	0.0213	0.0213	0.0243	0.0213	0.0213	0.0213	0.0212	0.0269	0	0.0213	0.0213
  m	0.0216	0.0217	0.0218	0.0216	0.0216	0.0216	0.0216	0.0216	0.0215	0.0216	0.0216	0.0216	0.0236	0.0218	0.0216	0.0216	0.0217	0.0216	0.0216	0.0216	0.0217	0.0216	0.0216	0.0216	0.0311	0.0218	0.0216	0.0216	0.0216	0.0216	0.0216	0.0216	0.0222	0.0221	0.0216	0.0216	0.0216	0.0218	0.0216	0.0216	0.0216	0.0214	0.0216	0.0216	0	0.0217
  n	0.0216	0.0217	0.0217	0.0216	0.0216	0.0216	0.0216	0.0216	0.0215	0.0216	0.0216	0.0216	0.0218	0.0218	0.0216	0.0216	0.0216	0.0215	0.0216	0.0216	0.0217	0.0216	0.0216	0.0215	0.0324	0.0218	0.0216	0.0216	0.0216	0.0216	0.0216	0.0216	0.0221	0.022	0.0216	0.0216	0.0216	0.0312	0.0216	0.0216	0.0216	0.0214	0.0239	0.0216	0.0217	0
