Map from character to field name
A:	Argentina
B:	Brazil
C:	Canada
D:	Colombia
E:	Israel
F:	Mexico
G:	US-Virgin-Islands
H:	USA
I:	?


Substitution rate (mu): 5.833573

Equilibrium frequencies (pi_i):
  A: 0.0716
  B: 0.0716
  C: 0.0352
  D: 0.0528
  E: 0.1025
  F: 0.0381
  G: 0.0716
  H: 0.5564

Symmetrized rates from j->i (W_ij):
	A	B	C	D	E	F	G	H
  A	0	0.8719	0.8712	0.8718	0.8719	0.8715	0.8719	1.0627
  B	0.8719	0	0.8712	0.8718	0.8719	0.8715	0.8719	1.0616
  C	0.8712	0.8712	0	1.163	0.8708	0.9876	0.8712	5.7151
  D	0.8718	0.8718	1.163	0	0.8718	0.8743	0.8718	1.8786
  E	0.8719	0.8719	0.8708	0.8718	0	1.2862	0.8719	0.6759
  F	0.8715	0.8715	0.9876	0.8743	1.2862	0	0.8715	4.372
  G	0.8719	0.8719	0.8712	0.8718	0.8719	0.8715	0	1.0627
  H	1.0627	1.0616	5.7151	1.8786	0.6759	4.372	1.0627	0

Actual rates from j->i (Q_ij):
	A	B	C	D	E	F	G	H
  A	0	0.0624	0.0624	0.0624	0.0624	0.0624	0.0624	0.0761
  B	0.0625	0	0.0624	0.0625	0.0625	0.0624	0.0625	0.0761
  C	0.0307	0.0307	0	0.041	0.0307	0.0348	0.0307	0.2013
  D	0.0461	0.0461	0.0615	0	0.0461	0.0462	0.0461	0.0993
  E	0.0894	0.0894	0.0893	0.0894	0	0.1319	0.0894	0.0693
  F	0.0332	0.0332	0.0377	0.0333	0.0491	0	0.0332	0.1668
  G	0.0624	0.0624	0.0624	0.0624	0.0624	0.0624	0	0.0761
  H	0.5913	0.5907	3.18	1.0453	0.3761	2.4327	0.5913	0
