Map from character to field name
A:	Argentina/unknown
B:	Australia/unknown
C:	Austria/unknown
D:	Azerbaijan/unknown
E:	Belgium/unknown
F:	Brazil/unknown
G:	British Virgin Islands/unknown
H:	Bulgaria/unknown
I:	Canada/unknown
J:	Central African Republic/unknown
K:	China/unknown
L:	Colombia/unknown
M:	Cyprus/unknown
N:	Czech Republic/unknown
O:	Democratic Republic of the Congo/unknown
P:	Egypt/unknown
Q:	France/unknown
R:	Germany/unknown
S:	Greece/unknown
T:	Hungary/unknown
U:	India/unknown
V:	Iran/unknown
W:	Israel/unknown
X:	Italy/unknown
Y:	Kenya/unknown
Z:	Madagascar/unknown
[:	Mexico/unknown
\:	Morocco/unknown
]:	Namibia/unknown
^:	Netherlands/unknown
_:	Niger/unknown
`:	Nigeria/unknown
a:	Portugal/unknown
b:	Romania/unknown
c:	Russia/unknown
d:	Senegal/unknown
e:	Serbia/unknown
f:	Slovakia/unknown
g:	Slovenia/unknown
h:	South Africa/unknown
i:	Spain/unknown
j:	Tunisia/unknown
k:	Turkey/unknown
l:	USA/unknown
m:	Uganda/unknown
n:	Ukraine/unknown
o:	United Arab Emirates/unknown
p:	Zambia/unknown
q:	?


Substitution rate (mu): 55.680773

Equilibrium frequencies (pi_i):
  A: 0.0198
  B: 0.022
  C: 0.0192
  D: 0.021
  E: 0.0213
  F: 0.0195
  G: 0.0202
  H: 0.0215
  I: 0.0129
  J: 0.0209
  K: 0.0209
  L: 0.0202
  M: 0.0215
  N: 0.0216
  O: 0.021
  P: 0.0209
  Q: 0.0204
  R: 0.0218
  S: 0.0219
  T: 0.0212
  U: 0.0218
  V: 0.0207
  W: 0.0203
  X: 0.022
  Y: 0.0201
  Z: 0.0216
  [: 0.0178
  \: 0.0207
  ]: 0.021
  ^: 0.0211
  _: 0.0209
  `: 0.0207
  a: 0.021
  b: 0.0202
  c: 0.0212
  d: 0.0238
  e: 0.0219
  f: 0.0217
  g: 0.0214
  h: 0.0214
  i: 0.0205
  j: 0.021
  k: 0.0213
  l: 0.0221
  m: 0.0209
  n: 0.0208
  o: 0.0213
  p: 0.0214

Symmetrized rates from j->i (W_ij):
	A	B	C	D	E	F	G	H	I	J	K	L	M	N	O	P	Q	R	S	T	U	V	W	X	Y	Z	[	\	]	^	_	`	a	b	c	d	e	f	g	h	i	j	k	l	m	n	o	p
  A	0	0.9753	0.9758	0.9705	0.9678	0.9674	0.9676	0.9678	0.9664	0.9741	0.9709	0.9675	0.9721	0.9678	0.9683	0.9686	0.9675	0.9669	0.9675	1.4662	0.9826	0.9678	1.4664	0.9679	0.9709	0.9788	0.9671	0.9679	0.9694	0.9677	0.9683	0.9718	0.968	0.9687	1.3025	0.9895	0.9678	0.9678	0.9677	0.9761	0.9705	1.1518	0.9685	1.4597	0.9682	0.9678	0.9679	0.9679
  B	0.9753	0	0.9825	0.9834	0.9739	0.973	0.9734	0.974	0.9702	0.9767	0.9749	0.9733	0.9785	0.9739	0.9743	0.9765	0.9734	0.9731	0.9736	0.9744	0.9942	0.9742	0.9818	0.9734	0.9758	0.9857	0.9722	0.974	0.9755	0.9737	0.9743	0.9786	0.9746	0.9757	1.1039	1.001	0.974	0.974	0.9739	0.9829	0.9755	0.9758	0.9743	0.9684	0.9741	0.9737	0.9741	0.974
  C	0.9758	0.9825	0	0.9767	0.9758	0.9745	0.9749	0.9759	0.9713	0.9762	0.9758	0.9749	0.9797	2.4301	0.9758	0.9761	0.975	4.0718	1.0846	1.2175	0.9848	0.9754	0.9767	1.9381	0.9758	0.986	0.9736	0.9755	0.9769	1.4561	0.9757	0.9764	0.9757	0.976	1.0248	0.9953	2.302	2.4255	1.4575	0.9835	0.9757	0.9765	0.9757	0.9708	0.9756	0.9752	0.9757	0.9756
  D	0.9705	0.9834	0.9767	0	0.9683	0.9678	0.968	0.9683	0.9666	0.9728	0.9687	0.968	0.9728	0.9683	0.9688	0.9813	0.968	0.9674	0.9679	0.969	0.9818	0.9683	1.0139	0.9685	0.9716	0.9797	0.9674	0.9684	0.97	0.9682	0.9688	0.9776	0.9709	0.9691	1.4499	0.995	0.9681	0.9683	0.9683	0.9768	0.9706	0.9705	0.9688	0.9627	0.9688	0.9684	0.9685	0.9684
  E	0.9678	0.9739	0.9758	0.9683	0	0.9671	0.9673	0.9677	0.966	0.9679	0.9674	0.9672	0.9721	0.9675	0.9681	0.9678	0.9672	0.9665	1.2503	0.9679	0.9766	0.9673	0.9682	0.9652	0.9678	0.9794	0.9667	0.9674	0.9693	0.9674	0.9681	0.9683	0.9675	0.9674	0.9835	0.9866	1.2272	1.0672	0.9676	0.9763	0.9673	0.968	0.9676	0.9617	0.968	0.9676	0.9676	0.9676
  F	0.9674	0.973	0.9745	0.9678	0.9671	0	0.9669	0.9671	0.9659	0.9675	0.967	0.9669	0.9714	0.9671	0.9676	0.9673	0.9668	0.9662	0.9667	0.9673	0.9755	0.967	0.9678	0.965	0.9674	0.978	0.9674	0.967	0.9688	0.967	0.9676	0.9678	0.9671	0.967	0.9818	0.9847	0.9669	0.9671	0.967	0.9752	0.9669	0.9676	0.9672	1.9221	0.9675	0.9672	0.9672	0.9672
  G	0.9676	0.9734	0.9749	0.968	0.9673	0.9669	0	0.9673	0.9686	0.9677	0.9672	0.967	0.9717	0.9672	0.9678	0.9675	0.967	0.9664	0.9668	0.9675	0.976	0.9671	0.968	0.9651	0.9676	0.9786	0.9666	0.9672	0.969	0.9672	0.9678	0.968	0.9673	0.9672	0.9825	0.9855	0.967	0.9673	0.9672	0.9756	0.9671	0.9678	0.9674	1.4401	0.9677	0.9674	0.9674	0.9674
  H	0.9678	0.974	0.9759	0.9683	0.9677	0.9671	0.9673	0	0.966	0.9679	0.9674	0.9673	0.9722	0.9675	0.9681	0.9678	0.9672	0.9665	1.4469	0.9841	0.9768	0.9674	0.9683	0.9652	0.9678	0.9795	0.9668	0.9674	0.9694	0.9674	0.9681	0.9683	0.9675	0.9674	0.9837	0.9869	1.6382	0.9676	0.9675	0.9764	0.9673	0.968	0.9676	0.9616	0.968	0.9676	0.9676	0.9676
  I	0.9664	0.9702	0.9713	0.9666	0.966	0.9659	0.9686	0.966	0	0.9663	0.966	0.9659	0.969	0.966	0.9664	0.9662	0.9658	0.9654	0.9657	0.9662	0.972	0.9659	0.9666	0.9646	0.9662	0.9737	0.9658	0.966	0.9672	0.966	0.9664	0.9665	0.966	0.966	0.9765	0.9784	0.9659	0.966	0.966	0.9717	0.9659	0.9664	0.9661	11.0874	0.9663	0.9661	0.9661	0.9661
  J	0.9741	0.9767	0.9762	0.9728	0.9679	0.9675	0.9677	0.9679	0.9663	0	0.9696	0.9676	0.9736	0.9679	0.9686	0.9691	0.9676	0.967	0.9675	0.9696	0.9807	0.9679	0.9728	0.9702	0.9742	0.9811	0.9671	0.9681	0.9702	0.9678	0.9684	0.9759	0.9681	0.9695	1.423	0.9943	0.9677	0.9679	0.9678	1.4627	0.9739	0.9742	1.4509	0.9623	0.9686	0.968	0.9681	0.9681
  K	0.9709	0.9749	0.9758	0.9687	0.9674	0.967	0.9672	0.9674	0.966	0.9696	0	0.9672	0.9719	0.9674	0.9679	0.9679	0.9671	0.9665	0.967	0.9684	0.9907	0.9673	0.9688	0.9658	0.9685	0.9788	0.9667	0.9674	0.9691	0.9673	0.9679	0.9692	0.9675	0.9675	1.4685	0.9871	0.9672	0.9674	0.9674	0.9759	0.968	0.971	0.9677	0.9617	0.9679	0.9675	0.9675	0.9675
  L	0.9675	0.9733	0.9749	0.968	0.9672	0.9669	0.967	0.9673	0.9659	0.9676	0.9672	0	0.9717	0.9672	0.9678	0.9675	0.967	0.9663	0.9668	0.9674	0.9759	0.9671	0.9679	0.965	0.9675	0.9785	0.9666	0.9671	0.969	0.9671	0.9678	0.968	0.9672	0.9671	0.9824	0.9854	0.967	0.9672	0.9672	0.9756	0.9671	0.9677	0.9673	1.4424	0.9677	0.9673	0.9674	0.9673
  M	0.9721	0.9785	0.9797	0.9728	0.9721	0.9714	0.9717	0.9722	0.969	0.9736	0.9719	0.9717	0	0.9722	0.9776	0.9723	0.9717	0.9713	0.9718	0.9735	0.9812	0.9731	0.9731	0.9737	1.399	1.0165	0.9707	0.9724	1.0179	0.972	0.9725	0.9727	0.9721	0.9719	1.0011	1.0029	0.9721	0.9722	0.9721	1.3174	0.9718	0.9725	0.9722	0.9665	0.9757	0.9724	1.0634	0.9787
  N	0.9678	0.9739	2.4301	0.9683	0.9675	0.9671	0.9672	0.9675	0.966	0.9679	0.9674	0.9672	0.9722	0	0.968	0.9677	0.9672	1.452	0.967	0.9677	0.9767	0.9673	0.9682	0.9651	0.9678	0.9795	0.9667	0.9674	0.9693	0.9685	0.968	0.9682	0.9674	0.9674	0.9853	0.987	0.9673	0.9678	0.968	0.9764	0.9673	0.968	0.9675	0.9615	0.968	0.9675	0.9676	0.9676
  O	0.9683	0.9743	0.9758	0.9688	0.9681	0.9676	0.9678	0.9681	0.9664	0.9686	0.9679	0.9678	0.9776	0.968	0	0.9683	0.9677	0.9671	0.9676	0.9688	0.977	0.9689	0.9687	0.9658	0.9683	1.0048	0.9672	0.9679	0.9719	0.9679	0.9686	0.9688	0.968	0.9679	0.9837	0.9872	0.9678	0.9681	0.968	1.4761	0.9678	0.9685	0.9681	0.9623	0.9737	0.9684	0.9682	0.9683
  P	0.9686	0.9765	0.9761	0.9813	0.9678	0.9673	0.9675	0.9678	0.9662	0.9691	0.9679	0.9675	0.9723	0.9677	0.9683	0	0.9675	0.9668	0.9673	0.9681	1.1527	0.9677	1.0106	0.9662	0.9688	0.9792	0.967	0.9677	0.9695	0.9677	0.9683	0.9704	1.3538	0.968	1.4691	0.9884	0.9675	0.9678	0.9677	0.9763	0.9682	0.9688	0.968	0.9621	0.9682	0.9678	0.9679	0.9679
  Q	0.9675	0.9734	0.975	0.968	0.9672	0.9668	0.967	0.9672	0.9658	0.9676	0.9671	0.967	0.9717	0.9672	0.9677	0.9675	0	0.9663	0.9667	0.9674	0.9761	0.967	0.9683	2.9053	0.968	0.9787	0.9665	0.9684	0.969	0.9671	0.9677	0.968	0.9677	0.9672	0.9835	0.9858	0.9669	0.9672	0.9671	0.9757	0.9679	0.9677	0.9673	0.9616	0.9677	0.9673	0.9673	0.9673
  R	0.9669	0.9731	4.0718	0.9674	0.9665	0.9662	0.9664	0.9665	0.9654	0.967	0.9665	0.9663	0.9713	1.452	0.9671	0.9668	0.9663	0	0.9662	0.9671	0.9759	0.9664	0.9674	1.4463	0.967	0.9786	0.9659	0.9665	0.9684	0.967	0.9671	0.9673	0.9665	0.9665	0.9861	0.9862	0.9876	0.9669	0.9667	0.9755	0.9664	0.9671	0.9666	0.9605	0.967	0.9666	0.9667	0.9666
  S	0.9675	0.9736	1.0846	0.9679	1.2503	0.9667	0.9668	1.4469	0.9657	0.9675	0.967	0.9668	0.9718	0.967	0.9676	0.9673	0.9667	0.9662	0	1.3214	0.9765	0.9669	0.9678	0.9647	0.9674	0.9793	0.9664	0.967	0.9689	0.9669	0.9676	0.9678	0.967	0.9669	0.9839	0.9867	3.2636	1.1081	0.9673	0.9762	0.9669	0.9677	0.9671	0.961	0.9676	0.9671	0.9672	0.9672
  T	1.4662	0.9744	1.2175	0.969	0.9679	0.9673	0.9675	0.9841	0.9662	0.9696	0.9684	0.9674	0.9735	0.9677	0.9688	0.9681	0.9674	0.9671	1.3214	0	0.9784	0.9677	0.9736	0.966	0.9687	0.9814	0.9669	0.9676	0.9715	0.9676	0.9682	0.9693	0.9677	0.9679	1.0767	0.9879	2.3712	0.968	0.9677	1.4606	0.9682	1.0173	0.9679	0.9721	0.9732	0.968	0.9678	0.9679
  U	0.9826	0.9942	0.9848	0.9818	0.9766	0.9755	0.976	0.9768	0.972	0.9807	0.9907	0.9759	0.9812	0.9767	0.977	1.1527	0.9761	0.9759	0.9765	0.9784	0	0.9764	0.9959	0.9764	0.9784	0.988	0.9745	0.9765	0.9781	0.9764	0.977	0.9799	1.0194	0.977	1.7792	1.0024	0.9768	0.9768	0.9767	0.9854	0.9781	0.9831	0.9773	0.9714	0.9768	0.9763	0.9768	0.9768
  V	0.9678	0.9742	0.9754	0.9683	0.9673	0.967	0.9671	0.9674	0.9659	0.9679	0.9673	0.9671	0.9731	0.9673	0.9689	0.9677	0.967	0.9664	0.9669	0.9677	0.9764	0	0.9682	0.9658	0.9678	0.9809	0.9666	0.9673	0.9697	0.9672	0.9679	0.9682	0.9674	1.2557	1.3242	0.986	0.9671	0.9673	0.9673	1.4491	0.9672	0.968	0.9675	0.9617	0.9695	0.9675	0.9675	0.9675
  W	1.4664	0.9818	0.9767	1.0139	0.9682	0.9678	0.968	0.9683	0.9666	0.9728	0.9688	0.9679	0.9731	0.9682	0.9687	1.0106	0.9683	0.9674	0.9678	0.9736	0.9959	0.9682	0	1.3408	1.0287	0.9794	0.9674	1.0321	0.9699	0.9681	0.9687	0.9761	0.9799	0.9715	1.5894	0.9946	0.968	0.9682	0.9682	0.9766	0.9719	0.9724	0.9688	1.4584	0.9687	0.9683	0.9688	0.9687
  X	0.9679	0.9734	1.9381	0.9685	0.9652	0.965	0.9651	0.9652	0.9646	0.9702	0.9658	0.965	0.9737	0.9651	0.9658	0.9662	2.9053	1.4463	0.9647	0.966	0.9764	0.9658	1.3408	0	1.2576	0.9775	0.9648	1.8267	0.9671	0.9651	0.9658	0.9701	1.4478	1.4758	1.2867	0.9979	0.9649	0.9652	0.9651	0.9744	2.4266	0.9678	0.9658	0.9592	0.9657	0.9653	0.9691	0.9679
  Y	0.9709	0.9758	0.9758	0.9716	0.9678	0.9674	0.9676	0.9678	0.9662	0.9742	0.9685	0.9675	1.399	0.9678	0.9683	0.9688	0.968	0.967	0.9674	0.9687	0.9784	0.9678	1.0287	1.2576	0	0.979	0.967	1.0314	0.9697	0.9677	0.9685	0.9738	0.968	1.003	1.4394	1.4737	0.9676	0.9678	0.9677	0.977	0.9835	0.971	0.9686	0.9624	0.9684	0.9679	1.3962	1.4571
  Z	0.9788	0.9857	0.986	0.9797	0.9794	0.978	0.9786	0.9795	0.9737	0.9811	0.9788	0.9785	1.0165	0.9795	1.0048	0.9792	0.9787	0.9786	0.9793	0.9814	0.988	0.9809	0.9794	0.9775	0.979	0	0.9768	0.979	0.9951	0.9791	0.9795	0.9795	0.9791	0.9783	0.9947	1.0013	0.9797	0.9796	0.9794	1.447	0.9786	0.9795	0.9794	0.9741	0.9866	0.9795	0.9796	0.9812
  [	0.9671	0.9722	0.9736	0.9674	0.9667	0.9674	0.9666	0.9668	0.9658	0.9671	0.9667	0.9666	0.9707	0.9667	0.9672	0.967	0.9665	0.9659	0.9664	0.9669	0.9745	0.9666	0.9674	0.9648	0.967	0.9768	0	0.9667	0.9683	0.9667	0.9672	0.9674	0.9667	0.9667	0.9803	0.983	0.9665	0.9667	0.9667	0.9742	0.9666	0.9672	0.9668	3.3774	0.9672	0.9668	0.9669	0.9668
  \	0.9679	0.974	0.9755	0.9684	0.9674	0.967	0.9672	0.9674	0.966	0.9681	0.9674	0.9671	0.9724	0.9674	0.9679	0.9677	0.9684	0.9665	0.967	0.9676	0.9765	0.9673	1.0321	1.8267	1.0314	0.979	0.9667	0	0.9692	0.9673	0.9679	0.9684	0.9678	0.9696	1.0562	0.988	0.9671	0.9674	0.9673	0.976	0.9683	0.9681	0.9675	0.9618	0.9679	0.9675	0.968	0.9678
  ]	0.9694	0.9755	0.9769	0.97	0.9693	0.9688	0.969	0.9694	0.9672	0.9702	0.9691	0.969	1.0179	0.9693	0.9719	0.9695	0.969	0.9684	0.9689	0.9715	0.9781	0.9697	0.9699	0.9671	0.9697	0.9951	0.9683	0.9692	0	0.9692	0.9698	0.9699	0.9693	0.9691	0.9848	0.9887	0.9691	0.9693	0.9693	1.9831	0.969	0.9697	0.9694	0.9636	0.9729	0.9696	0.9695	0.97
  ^	0.9677	0.9737	1.4561	0.9682	0.9674	0.967	0.9672	0.9674	0.966	0.9678	0.9673	0.9671	0.972	0.9685	0.9679	0.9677	0.9671	0.967	0.9669	0.9676	0.9764	0.9672	0.9681	0.9651	0.9677	0.9791	0.9667	0.9673	0.9692	0	0.9679	0.9681	0.9674	0.9673	0.9838	0.9864	0.9671	0.9674	0.9673	0.9761	0.9672	0.9679	0.9675	0.9616	0.9679	0.9675	0.9675	0.9675
  _	0.9683	0.9743	0.9757	0.9688	0.9681	0.9676	0.9678	0.9681	0.9664	0.9684	0.9679	0.9678	0.9725	0.968	0.9686	0.9683	0.9677	0.9671	0.9676	0.9682	0.977	0.9679	0.9687	0.9658	0.9685	0.9795	0.9672	0.9679	0.9698	0.9679	0	0.9691	0.968	0.9679	0.9842	1.5224	0.9678	0.9681	0.968	0.9767	0.9678	0.9685	0.9681	0.9623	0.9686	0.9684	0.9682	0.9682
  `	0.9718	0.9786	0.9764	0.9776	0.9683	0.9678	0.968	0.9683	0.9665	0.9759	0.9692	0.968	0.9727	0.9682	0.9688	0.9704	0.968	0.9673	0.9678	0.9693	0.9799	0.9682	0.9761	0.9701	0.9738	0.9795	0.9674	0.9684	0.9699	0.9681	0.9691	0	0.9687	0.9697	1.3543	1.3761	0.968	0.9683	0.9682	0.9767	0.9732	0.9719	0.9691	0.9627	0.9688	0.9685	0.9684	0.9684
  a	0.968	0.9746	0.9757	0.9709	0.9675	0.9671	0.9673	0.9675	0.966	0.9681	0.9675	0.9672	0.9721	0.9674	0.968	1.3538	0.9677	0.9665	0.967	0.9677	1.0194	0.9674	0.9799	1.4478	0.968	0.9791	0.9667	0.9678	0.9693	0.9674	0.968	0.9687	0	0.9675	1.1656	0.9869	0.9672	0.9675	0.9674	0.9761	0.9675	0.9682	0.9676	0.9617	0.968	0.9676	0.9676	0.9676
  b	0.9687	0.9757	0.976	0.9691	0.9674	0.967	0.9672	0.9674	0.966	0.9695	0.9675	0.9671	0.9719	0.9674	0.9679	0.968	0.9672	0.9665	0.9669	0.9679	0.977	1.2557	0.9715	1.4758	1.003	0.9783	0.9667	0.9696	0.9691	0.9673	0.9679	0.9697	0.9675	0	2.029	0.9884	0.9671	0.9674	0.9673	0.9812	0.9717	0.9689	0.9677	0.9619	0.9679	0.9674	0.9677	0.9677
  c	1.3025	1.1039	1.0248	1.4499	0.9835	0.9818	0.9825	0.9837	0.9765	1.423	1.4685	0.9824	1.0011	0.9853	0.9837	1.4691	0.9835	0.9861	0.9839	1.0767	1.7792	1.3242	1.5894	1.2867	1.4394	0.9947	0.9803	1.0562	0.9848	0.9838	0.9842	1.3543	1.1656	2.029	0	1.2757	0.9856	0.9854	0.9841	0.9998	1.4337	1.3385	1.0368	0.9868	0.9835	0.9833	0.9966	0.9927
  d	0.9895	1.001	0.9953	0.995	0.9866	0.9847	0.9855	0.9869	0.9784	0.9943	0.9871	0.9854	1.0029	0.987	0.9872	0.9884	0.9858	0.9862	0.9867	0.9879	1.0024	0.986	0.9946	0.9979	1.4737	1.0013	0.983	0.988	0.9887	0.9864	1.5224	1.3761	0.9869	0.9884	1.2757	0	0.9874	0.9871	0.9867	1.0423	0.9921	0.9906	0.9876	0.9814	1.1044	1.5586	0.997	0.9939
  e	0.9678	0.974	2.302	0.9681	1.2272	0.9669	0.967	1.6382	0.9659	0.9677	0.9672	0.967	0.9721	0.9673	0.9678	0.9675	0.9669	0.9876	3.2636	2.3712	0.9768	0.9671	0.968	0.9649	0.9676	0.9797	0.9665	0.9671	0.9691	0.9671	0.9678	0.968	0.9672	0.9671	0.9856	0.9874	0	1.416	1.45	0.9773	0.9671	0.968	0.9673	0.9612	0.9678	0.9673	0.9674	0.9674
  f	0.9678	0.974	2.4255	0.9683	1.0672	0.9671	0.9673	0.9676	0.966	0.9679	0.9674	0.9672	0.9722	0.9678	0.9681	0.9678	0.9672	0.9669	1.1081	0.968	0.9768	0.9673	0.9682	0.9652	0.9678	0.9796	0.9667	0.9674	0.9693	0.9674	0.9681	0.9683	0.9675	0.9674	0.9854	0.9871	1.416	0	0.9684	0.9765	0.9673	0.968	0.9676	0.9616	0.968	0.9676	0.9676	0.9676
  g	0.9677	0.9739	1.4575	0.9683	0.9676	0.967	0.9672	0.9675	0.966	0.9678	0.9674	0.9672	0.9721	0.968	0.968	0.9677	0.9671	0.9667	0.9673	0.9677	0.9767	0.9673	0.9682	0.9651	0.9677	0.9794	0.9667	0.9673	0.9693	0.9673	0.968	0.9682	0.9674	0.9673	0.9841	0.9867	1.45	0.9684	0	0.9763	0.9673	0.9679	0.9675	0.9616	0.9679	0.9675	0.9676	0.9676
  h	0.9761	0.9829	0.9835	0.9768	0.9763	0.9752	0.9756	0.9764	0.9717	1.4627	0.9759	0.9756	1.3174	0.9764	1.4761	0.9763	0.9757	0.9755	0.9762	1.4606	0.9854	1.4491	0.9766	0.9744	0.977	1.447	0.9742	0.976	1.9831	0.9761	0.9767	0.9767	0.9761	0.9812	0.9998	1.0423	0.9773	0.9765	0.9763	0	0.9757	0.9767	0.9765	0.9709	2.0031	1.076	0.9768	1.3938
  i	0.9705	0.9755	0.9757	0.9706	0.9673	0.9669	0.9671	0.9673	0.9659	0.9739	0.968	0.9671	0.9718	0.9673	0.9678	0.9682	0.9679	0.9664	0.9669	0.9682	0.9781	0.9672	0.9719	2.4266	0.9835	0.9786	0.9666	0.9683	0.969	0.9672	0.9678	0.9732	0.9675	0.9717	1.4337	0.9921	0.9671	0.9673	0.9673	0.9757	0	0.9705	0.9681	0.9618	0.9678	0.9674	0.9675	0.9675
  j	1.1518	0.9758	0.9765	0.9705	0.968	0.9676	0.9678	0.968	0.9664	0.9742	0.971	0.9677	0.9725	0.968	0.9685	0.9688	0.9677	0.9671	0.9677	1.0173	0.9831	0.968	0.9724	0.9678	0.971	0.9795	0.9672	0.9681	0.9697	0.9679	0.9685	0.9719	0.9682	0.9689	1.3385	0.9906	0.968	0.968	0.9679	0.9767	0.9705	0	0.9687	0.9658	0.9685	0.968	0.9681	0.9681
  k	0.9685	0.9743	0.9757	0.9688	0.9676	0.9672	0.9674	0.9676	0.9661	1.4509	0.9677	0.9673	0.9722	0.9675	0.9681	0.968	0.9673	0.9666	0.9671	0.9679	0.9773	0.9675	0.9688	0.9658	0.9686	0.9794	0.9668	0.9675	0.9694	0.9675	0.9681	0.9691	0.9676	0.9677	1.0368	0.9876	0.9673	0.9676	0.9675	0.9765	0.9681	0.9687	0	0.9617	0.9681	0.9676	0.9677	0.9677
  l	1.4597	0.9684	0.9708	0.9627	0.9617	1.9221	1.4401	0.9616	11.0874	0.9623	0.9617	1.4424	0.9665	0.9615	0.9623	0.9621	0.9616	0.9605	0.961	0.9721	0.9714	0.9617	1.4584	0.9592	0.9624	0.9741	3.3774	0.9618	0.9636	0.9616	0.9623	0.9627	0.9617	0.9619	0.9868	0.9814	0.9612	0.9616	0.9616	0.9709	0.9618	0.9658	0.9617	0	0.9623	0.9619	0.9618	0.9618
  m	0.9682	0.9741	0.9756	0.9688	0.968	0.9675	0.9677	0.968	0.9663	0.9686	0.9679	0.9677	0.9757	0.968	0.9737	0.9682	0.9677	0.967	0.9676	0.9732	0.9768	0.9695	0.9687	0.9657	0.9684	0.9866	0.9672	0.9679	0.9729	0.9679	0.9686	0.9688	0.968	0.9679	0.9835	1.1044	0.9678	0.968	0.9679	2.0031	0.9678	0.9685	0.9681	0.9623	0	1.2426	0.9681	1.0858
  n	0.9678	0.9737	0.9752	0.9684	0.9676	0.9672	0.9674	0.9676	0.9661	0.968	0.9675	0.9673	0.9724	0.9675	0.9684	0.9678	0.9673	0.9666	0.9671	0.968	0.9763	0.9675	0.9683	0.9653	0.9679	0.9795	0.9668	0.9675	0.9696	0.9675	0.9684	0.9685	0.9676	0.9674	0.9833	1.5586	0.9673	0.9676	0.9675	1.076	0.9674	0.968	0.9676	0.9619	1.2426	0	0.9677	0.9678
  o	0.9679	0.9741	0.9757	0.9685	0.9676	0.9672	0.9674	0.9676	0.9661	0.9681	0.9675	0.9674	1.0634	0.9676	0.9682	0.9679	0.9673	0.9667	0.9672	0.9678	0.9768	0.9675	0.9688	0.9691	1.3962	0.9796	0.9669	0.968	0.9695	0.9675	0.9682	0.9684	0.9676	0.9677	0.9966	0.997	0.9674	0.9676	0.9676	0.9768	0.9675	0.9681	0.9677	0.9618	0.9681	0.9677	0	0.9731
  p	0.9679	0.974	0.9756	0.9684	0.9676	0.9672	0.9674	0.9676	0.9661	0.9681	0.9675	0.9673	0.9787	0.9676	0.9683	0.9679	0.9673	0.9666	0.9672	0.9679	0.9768	0.9675	0.9687	0.9679	1.4571	0.9812	0.9668	0.9678	0.97	0.9675	0.9682	0.9684	0.9676	0.9677	0.9927	0.9939	0.9674	0.9676	0.9676	1.3938	0.9675	0.9681	0.9677	0.9618	1.0858	0.9678	0.9731	0

Actual rates from j->i (Q_ij):
	A	B	C	D	E	F	G	H	I	J	K	L	M	N	O	P	Q	R	S	T	U	V	W	X	Y	Z	[	\	]	^	_	`	a	b	c	d	e	f	g	h	i	j	k	l	m	n	o	p
  A	0	0.0193	0.0193	0.0192	0.0192	0.0192	0.0192	0.0192	0.0192	0.0193	0.0192	0.0192	0.0193	0.0192	0.0192	0.0192	0.0192	0.0192	0.0192	0.0291	0.0195	0.0192	0.0291	0.0192	0.0192	0.0194	0.0192	0.0192	0.0192	0.0192	0.0192	0.0193	0.0192	0.0192	0.0258	0.0196	0.0192	0.0192	0.0192	0.0193	0.0192	0.0228	0.0192	0.0289	0.0192	0.0192	0.0192	0.0192
  B	0.0215	0	0.0216	0.0217	0.0214	0.0214	0.0214	0.0214	0.0214	0.0215	0.0215	0.0214	0.0215	0.0214	0.0215	0.0215	0.0214	0.0214	0.0214	0.0215	0.0219	0.0215	0.0216	0.0214	0.0215	0.0217	0.0214	0.0214	0.0215	0.0214	0.0215	0.0215	0.0215	0.0215	0.0243	0.022	0.0214	0.0214	0.0214	0.0216	0.0215	0.0215	0.0215	0.0213	0.0214	0.0214	0.0214	0.0214
  C	0.0187	0.0189	0	0.0187	0.0187	0.0187	0.0187	0.0187	0.0186	0.0187	0.0187	0.0187	0.0188	0.0467	0.0187	0.0187	0.0187	0.0782	0.0208	0.0234	0.0189	0.0187	0.0187	0.0372	0.0187	0.0189	0.0187	0.0187	0.0188	0.028	0.0187	0.0187	0.0187	0.0187	0.0197	0.0191	0.0442	0.0466	0.028	0.0189	0.0187	0.0187	0.0187	0.0186	0.0187	0.0187	0.0187	0.0187
  D	0.0203	0.0206	0.0205	0	0.0203	0.0203	0.0203	0.0203	0.0203	0.0204	0.0203	0.0203	0.0204	0.0203	0.0203	0.0206	0.0203	0.0203	0.0203	0.0203	0.0206	0.0203	0.0212	0.0203	0.0204	0.0205	0.0203	0.0203	0.0203	0.0203	0.0203	0.0205	0.0203	0.0203	0.0304	0.0209	0.0203	0.0203	0.0203	0.0205	0.0203	0.0203	0.0203	0.0202	0.0203	0.0203	0.0203	0.0203
  E	0.0206	0.0207	0.0207	0.0206	0	0.0206	0.0206	0.0206	0.0205	0.0206	0.0206	0.0206	0.0207	0.0206	0.0206	0.0206	0.0206	0.0205	0.0266	0.0206	0.0208	0.0206	0.0206	0.0205	0.0206	0.0208	0.0205	0.0206	0.0206	0.0206	0.0206	0.0206	0.0206	0.0206	0.0209	0.021	0.0261	0.0227	0.0206	0.0208	0.0206	0.0206	0.0206	0.0204	0.0206	0.0206	0.0206	0.0206
  F	0.0189	0.019	0.019	0.0189	0.0189	0	0.0189	0.0189	0.0188	0.0189	0.0189	0.0189	0.0189	0.0189	0.0189	0.0189	0.0189	0.0188	0.0188	0.0189	0.019	0.0189	0.0189	0.0188	0.0189	0.0191	0.0189	0.0189	0.0189	0.0189	0.0189	0.0189	0.0189	0.0189	0.0191	0.0192	0.0189	0.0189	0.0189	0.019	0.0189	0.0189	0.0189	0.0375	0.0189	0.0189	0.0189	0.0189
  G	0.0195	0.0196	0.0197	0.0195	0.0195	0.0195	0	0.0195	0.0196	0.0195	0.0195	0.0195	0.0196	0.0195	0.0195	0.0195	0.0195	0.0195	0.0195	0.0195	0.0197	0.0195	0.0195	0.0195	0.0195	0.0198	0.0195	0.0195	0.0196	0.0195	0.0195	0.0195	0.0195	0.0195	0.0198	0.0199	0.0195	0.0195	0.0195	0.0197	0.0195	0.0195	0.0195	0.0291	0.0195	0.0195	0.0195	0.0195
  H	0.0208	0.021	0.021	0.0208	0.0208	0.0208	0.0208	0	0.0208	0.0208	0.0208	0.0208	0.0209	0.0208	0.0208	0.0208	0.0208	0.0208	0.0311	0.0212	0.021	0.0208	0.0208	0.0208	0.0208	0.0211	0.0208	0.0208	0.0209	0.0208	0.0208	0.0208	0.0208	0.0208	0.0212	0.0212	0.0353	0.0208	0.0208	0.021	0.0208	0.0208	0.0208	0.0207	0.0208	0.0208	0.0208	0.0208
  I	0.0124	0.0125	0.0125	0.0124	0.0124	0.0124	0.0125	0.0124	0	0.0124	0.0124	0.0124	0.0125	0.0124	0.0124	0.0124	0.0124	0.0124	0.0124	0.0124	0.0125	0.0124	0.0124	0.0124	0.0124	0.0125	0.0124	0.0124	0.0124	0.0124	0.0124	0.0124	0.0124	0.0124	0.0126	0.0126	0.0124	0.0124	0.0124	0.0125	0.0124	0.0124	0.0124	0.1427	0.0124	0.0124	0.0124	0.0124
  J	0.0204	0.0205	0.0205	0.0204	0.0203	0.0203	0.0203	0.0203	0.0202	0	0.0203	0.0203	0.0204	0.0203	0.0203	0.0203	0.0203	0.0203	0.0203	0.0203	0.0205	0.0203	0.0204	0.0203	0.0204	0.0206	0.0203	0.0203	0.0203	0.0203	0.0203	0.0204	0.0203	0.0203	0.0298	0.0208	0.0203	0.0203	0.0203	0.0306	0.0204	0.0204	0.0304	0.0202	0.0203	0.0203	0.0203	0.0203
  K	0.0203	0.0204	0.0204	0.0202	0.0202	0.0202	0.0202	0.0202	0.0202	0.0203	0	0.0202	0.0203	0.0202	0.0202	0.0202	0.0202	0.0202	0.0202	0.0202	0.0207	0.0202	0.0202	0.0202	0.0202	0.0205	0.0202	0.0202	0.0202	0.0202	0.0202	0.0203	0.0202	0.0202	0.0307	0.0206	0.0202	0.0202	0.0202	0.0204	0.0202	0.0203	0.0202	0.0201	0.0202	0.0202	0.0202	0.0202
  L	0.0195	0.0197	0.0197	0.0196	0.0195	0.0195	0.0195	0.0195	0.0195	0.0195	0.0195	0	0.0196	0.0195	0.0195	0.0195	0.0195	0.0195	0.0195	0.0195	0.0197	0.0195	0.0196	0.0195	0.0195	0.0198	0.0195	0.0195	0.0196	0.0195	0.0195	0.0196	0.0195	0.0195	0.0198	0.0199	0.0195	0.0195	0.0195	0.0197	0.0195	0.0195	0.0195	0.0291	0.0195	0.0195	0.0195	0.0195
  M	0.0209	0.021	0.0211	0.0209	0.0209	0.0209	0.0209	0.0209	0.0208	0.0209	0.0209	0.0209	0	0.0209	0.021	0.0209	0.0209	0.0209	0.0209	0.0209	0.0211	0.0209	0.0209	0.0209	0.0301	0.0219	0.0209	0.0209	0.0219	0.0209	0.0209	0.0209	0.0209	0.0209	0.0215	0.0216	0.0209	0.0209	0.0209	0.0283	0.0209	0.0209	0.0209	0.0208	0.021	0.0209	0.0229	0.021
  N	0.0209	0.021	0.0524	0.0209	0.0209	0.0209	0.0209	0.0209	0.0208	0.0209	0.0209	0.0209	0.021	0	0.0209	0.0209	0.0209	0.0313	0.0209	0.0209	0.0211	0.0209	0.0209	0.0208	0.0209	0.0211	0.0209	0.0209	0.0209	0.0209	0.0209	0.0209	0.0209	0.0209	0.0213	0.0213	0.0209	0.0209	0.0209	0.0211	0.0209	0.0209	0.0209	0.0208	0.0209	0.0209	0.0209	0.0209
  O	0.0203	0.0205	0.0205	0.0203	0.0203	0.0203	0.0203	0.0203	0.0203	0.0203	0.0203	0.0203	0.0205	0.0203	0	0.0203	0.0203	0.0203	0.0203	0.0203	0.0205	0.0203	0.0203	0.0203	0.0203	0.0211	0.0203	0.0203	0.0204	0.0203	0.0203	0.0203	0.0203	0.0203	0.0206	0.0207	0.0203	0.0203	0.0203	0.031	0.0203	0.0203	0.0203	0.0202	0.0204	0.0203	0.0203	0.0203
  P	0.0202	0.0204	0.0204	0.0205	0.0202	0.0202	0.0202	0.0202	0.0202	0.0202	0.0202	0.0202	0.0203	0.0202	0.0202	0	0.0202	0.0202	0.0202	0.0202	0.024	0.0202	0.0211	0.0202	0.0202	0.0204	0.0202	0.0202	0.0202	0.0202	0.0202	0.0202	0.0282	0.0202	0.0306	0.0206	0.0202	0.0202	0.0202	0.0204	0.0202	0.0202	0.0202	0.0201	0.0202	0.0202	0.0202	0.0202
  Q	0.0197	0.0198	0.0199	0.0197	0.0197	0.0197	0.0197	0.0197	0.0197	0.0197	0.0197	0.0197	0.0198	0.0197	0.0197	0.0197	0	0.0197	0.0197	0.0197	0.0199	0.0197	0.0197	0.0592	0.0197	0.0199	0.0197	0.0197	0.0197	0.0197	0.0197	0.0197	0.0197	0.0197	0.02	0.0201	0.0197	0.0197	0.0197	0.0199	0.0197	0.0197	0.0197	0.0196	0.0197	0.0197	0.0197	0.0197
  R	0.0211	0.0212	0.0887	0.0211	0.021	0.021	0.021	0.021	0.021	0.0211	0.021	0.021	0.0211	0.0316	0.0211	0.0211	0.021	0	0.021	0.0211	0.0212	0.021	0.0211	0.0315	0.0211	0.0213	0.021	0.021	0.0211	0.0211	0.0211	0.0211	0.021	0.021	0.0215	0.0215	0.0215	0.0211	0.021	0.0212	0.021	0.0211	0.021	0.0209	0.0211	0.021	0.021	0.021
  S	0.0212	0.0213	0.0237	0.0212	0.0274	0.0211	0.0212	0.0317	0.0211	0.0212	0.0212	0.0212	0.0213	0.0212	0.0212	0.0212	0.0212	0.0211	0	0.0289	0.0214	0.0212	0.0212	0.0211	0.0212	0.0214	0.0211	0.0212	0.0212	0.0212	0.0212	0.0212	0.0212	0.0212	0.0215	0.0216	0.0714	0.0242	0.0212	0.0214	0.0212	0.0212	0.0212	0.021	0.0212	0.0212	0.0212	0.0212
  T	0.031	0.0206	0.0258	0.0205	0.0205	0.0205	0.0205	0.0208	0.0205	0.0205	0.0205	0.0205	0.0206	0.0205	0.0205	0.0205	0.0205	0.0205	0.028	0	0.0207	0.0205	0.0206	0.0205	0.0205	0.0208	0.0205	0.0205	0.0206	0.0205	0.0205	0.0205	0.0205	0.0205	0.0228	0.0209	0.0502	0.0205	0.0205	0.0309	0.0205	0.0215	0.0205	0.0206	0.0206	0.0205	0.0205	0.0205
  U	0.0214	0.0216	0.0214	0.0214	0.0212	0.0212	0.0212	0.0212	0.0211	0.0213	0.0215	0.0212	0.0213	0.0212	0.0212	0.0251	0.0212	0.0212	0.0212	0.0213	0	0.0212	0.0217	0.0212	0.0213	0.0215	0.0212	0.0212	0.0213	0.0212	0.0213	0.0213	0.0222	0.0212	0.0387	0.0218	0.0212	0.0212	0.0212	0.0214	0.0213	0.0214	0.0213	0.0211	0.0212	0.0212	0.0212	0.0212
  V	0.02	0.0201	0.0202	0.02	0.02	0.02	0.02	0.02	0.02	0.02	0.02	0.02	0.0201	0.02	0.02	0.02	0.02	0.02	0.02	0.02	0.0202	0	0.02	0.02	0.02	0.0203	0.02	0.02	0.02	0.02	0.02	0.02	0.02	0.026	0.0274	0.0204	0.02	0.02	0.02	0.03	0.02	0.02	0.02	0.0199	0.02	0.02	0.02	0.02
  W	0.0298	0.0199	0.0198	0.0206	0.0197	0.0196	0.0196	0.0197	0.0196	0.0197	0.0197	0.0196	0.0198	0.0197	0.0197	0.0205	0.0197	0.0196	0.0196	0.0198	0.0202	0.0197	0	0.0272	0.0209	0.0199	0.0196	0.0209	0.0197	0.0197	0.0197	0.0198	0.0199	0.0197	0.0323	0.0202	0.0196	0.0197	0.0197	0.0198	0.0197	0.0197	0.0197	0.0296	0.0197	0.0197	0.0197	0.0197
  X	0.0213	0.0214	0.0426	0.0213	0.0212	0.0212	0.0212	0.0212	0.0212	0.0213	0.0212	0.0212	0.0214	0.0212	0.0212	0.0212	0.0638	0.0318	0.0212	0.0212	0.0214	0.0212	0.0294	0	0.0276	0.0215	0.0212	0.0401	0.0212	0.0212	0.0212	0.0213	0.0318	0.0324	0.0282	0.0219	0.0212	0.0212	0.0212	0.0214	0.0533	0.0212	0.0212	0.0211	0.0212	0.0212	0.0213	0.0212
  Y	0.0195	0.0196	0.0196	0.0196	0.0195	0.0195	0.0195	0.0195	0.0194	0.0196	0.0195	0.0195	0.0282	0.0195	0.0195	0.0195	0.0195	0.0195	0.0195	0.0195	0.0197	0.0195	0.0207	0.0253	0	0.0197	0.0195	0.0208	0.0195	0.0195	0.0195	0.0196	0.0195	0.0202	0.029	0.0297	0.0195	0.0195	0.0195	0.0197	0.0198	0.0195	0.0195	0.0194	0.0195	0.0195	0.0281	0.0293
  Z	0.0212	0.0213	0.0213	0.0212	0.0212	0.0211	0.0212	0.0212	0.0211	0.0212	0.0212	0.0212	0.022	0.0212	0.0217	0.0212	0.0212	0.0212	0.0212	0.0212	0.0214	0.0212	0.0212	0.0211	0.0212	0	0.0211	0.0212	0.0215	0.0212	0.0212	0.0212	0.0212	0.0212	0.0215	0.0217	0.0212	0.0212	0.0212	0.0313	0.0212	0.0212	0.0212	0.0211	0.0213	0.0212	0.0212	0.0212
  [	0.0172	0.0173	0.0173	0.0172	0.0172	0.0172	0.0172	0.0172	0.0171	0.0172	0.0172	0.0172	0.0172	0.0172	0.0172	0.0172	0.0172	0.0171	0.0172	0.0172	0.0173	0.0172	0.0172	0.0171	0.0172	0.0173	0	0.0172	0.0172	0.0172	0.0172	0.0172	0.0172	0.0172	0.0174	0.0175	0.0172	0.0172	0.0172	0.0173	0.0172	0.0172	0.0172	0.06	0.0172	0.0172	0.0172	0.0172
  \	0.02	0.0202	0.0202	0.02	0.02	0.02	0.02	0.02	0.02	0.02	0.02	0.02	0.0201	0.02	0.02	0.02	0.02	0.02	0.02	0.02	0.0202	0.02	0.0214	0.0378	0.0213	0.0203	0.02	0	0.0201	0.02	0.02	0.02	0.02	0.0201	0.0219	0.0204	0.02	0.02	0.02	0.0202	0.02	0.02	0.02	0.0199	0.02	0.02	0.02	0.02
  ]	0.0204	0.0205	0.0205	0.0204	0.0204	0.0204	0.0204	0.0204	0.0203	0.0204	0.0204	0.0204	0.0214	0.0204	0.0204	0.0204	0.0204	0.0204	0.0204	0.0204	0.0206	0.0204	0.0204	0.0203	0.0204	0.0209	0.0204	0.0204	0	0.0204	0.0204	0.0204	0.0204	0.0204	0.0207	0.0208	0.0204	0.0204	0.0204	0.0417	0.0204	0.0204	0.0204	0.0203	0.0205	0.0204	0.0204	0.0204
  ^	0.0205	0.0206	0.0308	0.0205	0.0205	0.0204	0.0204	0.0205	0.0204	0.0205	0.0205	0.0204	0.0205	0.0205	0.0205	0.0205	0.0204	0.0204	0.0204	0.0205	0.0206	0.0204	0.0205	0.0204	0.0205	0.0207	0.0204	0.0205	0.0205	0	0.0205	0.0205	0.0205	0.0204	0.0208	0.0209	0.0204	0.0205	0.0205	0.0206	0.0204	0.0205	0.0205	0.0203	0.0205	0.0205	0.0205	0.0205
  _	0.0203	0.0204	0.0204	0.0203	0.0203	0.0203	0.0203	0.0203	0.0202	0.0203	0.0203	0.0203	0.0204	0.0203	0.0203	0.0203	0.0203	0.0202	0.0203	0.0203	0.0204	0.0203	0.0203	0.0202	0.0203	0.0205	0.0202	0.0203	0.0203	0.0203	0	0.0203	0.0203	0.0203	0.0206	0.0319	0.0203	0.0203	0.0203	0.0204	0.0203	0.0203	0.0203	0.0201	0.0203	0.0203	0.0203	0.0203
  `	0.0201	0.0203	0.0202	0.0202	0.0201	0.02	0.02	0.0201	0.02	0.0202	0.0201	0.02	0.0201	0.0201	0.0201	0.0201	0.02	0.02	0.02	0.0201	0.0203	0.0201	0.0202	0.0201	0.0202	0.0203	0.02	0.0201	0.0201	0.02	0.0201	0	0.0201	0.0201	0.028	0.0285	0.02	0.0201	0.0201	0.0202	0.0202	0.0201	0.0201	0.0199	0.0201	0.0201	0.0201	0.0201
  a	0.0204	0.0205	0.0205	0.0204	0.0203	0.0203	0.0203	0.0203	0.0203	0.0204	0.0203	0.0203	0.0204	0.0203	0.0204	0.0285	0.0204	0.0203	0.0203	0.0204	0.0214	0.0203	0.0206	0.0305	0.0204	0.0206	0.0203	0.0204	0.0204	0.0203	0.0204	0.0204	0	0.0203	0.0245	0.0208	0.0203	0.0203	0.0203	0.0205	0.0203	0.0204	0.0204	0.0202	0.0204	0.0203	0.0204	0.0204
  b	0.0195	0.0197	0.0197	0.0195	0.0195	0.0195	0.0195	0.0195	0.0195	0.0196	0.0195	0.0195	0.0196	0.0195	0.0195	0.0195	0.0195	0.0195	0.0195	0.0195	0.0197	0.0253	0.0196	0.0298	0.0202	0.0197	0.0195	0.0196	0.0195	0.0195	0.0195	0.0196	0.0195	0	0.0409	0.0199	0.0195	0.0195	0.0195	0.0198	0.0196	0.0195	0.0195	0.0194	0.0195	0.0195	0.0195	0.0195
  c	0.0276	0.0234	0.0217	0.0307	0.0208	0.0208	0.0208	0.0208	0.0207	0.0301	0.0311	0.0208	0.0212	0.0208	0.0208	0.0311	0.0208	0.0209	0.0208	0.0228	0.0376	0.028	0.0336	0.0272	0.0305	0.021	0.0207	0.0223	0.0208	0.0208	0.0208	0.0287	0.0247	0.0429	0	0.027	0.0209	0.0208	0.0208	0.0212	0.0303	0.0283	0.0219	0.0209	0.0208	0.0208	0.0211	0.021
  d	0.0235	0.0238	0.0237	0.0237	0.0235	0.0234	0.0234	0.0235	0.0233	0.0236	0.0235	0.0234	0.0238	0.0235	0.0235	0.0235	0.0234	0.0235	0.0235	0.0235	0.0238	0.0234	0.0237	0.0237	0.035	0.0238	0.0234	0.0235	0.0235	0.0235	0.0362	0.0327	0.0235	0.0235	0.0303	0	0.0235	0.0235	0.0235	0.0248	0.0236	0.0236	0.0235	0.0233	0.0263	0.0371	0.0237	0.0236
  e	0.0212	0.0213	0.0504	0.0212	0.0269	0.0212	0.0212	0.0359	0.0212	0.0212	0.0212	0.0212	0.0213	0.0212	0.0212	0.0212	0.0212	0.0216	0.0715	0.0519	0.0214	0.0212	0.0212	0.0211	0.0212	0.0215	0.0212	0.0212	0.0212	0.0212	0.0212	0.0212	0.0212	0.0212	0.0216	0.0216	0	0.031	0.0318	0.0214	0.0212	0.0212	0.0212	0.0211	0.0212	0.0212	0.0212	0.0212
  f	0.021	0.0211	0.0526	0.021	0.0231	0.021	0.021	0.021	0.0209	0.021	0.021	0.021	0.0211	0.021	0.021	0.021	0.021	0.021	0.024	0.021	0.0212	0.021	0.021	0.0209	0.021	0.0212	0.021	0.021	0.021	0.021	0.021	0.021	0.021	0.021	0.0214	0.0214	0.0307	0	0.021	0.0212	0.021	0.021	0.021	0.0208	0.021	0.021	0.021	0.021
  g	0.0207	0.0209	0.0312	0.0207	0.0207	0.0207	0.0207	0.0207	0.0207	0.0207	0.0207	0.0207	0.0208	0.0207	0.0207	0.0207	0.0207	0.0207	0.0207	0.0207	0.0209	0.0207	0.0207	0.0207	0.0207	0.021	0.0207	0.0207	0.0208	0.0207	0.0207	0.0207	0.0207	0.0207	0.0211	0.0211	0.0311	0.0207	0	0.0209	0.0207	0.0207	0.0207	0.0206	0.0207	0.0207	0.0207	0.0207
  h	0.0209	0.021	0.021	0.0209	0.0209	0.0209	0.0209	0.0209	0.0208	0.0313	0.0209	0.0209	0.0282	0.0209	0.0316	0.0209	0.0209	0.0209	0.0209	0.0312	0.0211	0.031	0.0209	0.0208	0.0209	0.031	0.0208	0.0209	0.0424	0.0209	0.0209	0.0209	0.0209	0.021	0.0214	0.0223	0.0209	0.0209	0.0209	0	0.0209	0.0209	0.0209	0.0208	0.0429	0.023	0.0209	0.0298
  i	0.0199	0.02	0.02	0.0199	0.0198	0.0198	0.0198	0.0198	0.0198	0.02	0.0198	0.0198	0.0199	0.0198	0.0198	0.0199	0.0198	0.0198	0.0198	0.0199	0.0201	0.0198	0.0199	0.0498	0.0202	0.0201	0.0198	0.0199	0.0199	0.0198	0.0198	0.02	0.0198	0.0199	0.0294	0.0203	0.0198	0.0198	0.0198	0.02	0	0.0199	0.0198	0.0197	0.0198	0.0198	0.0198	0.0198
  j	0.0242	0.0205	0.0205	0.0204	0.0204	0.0203	0.0203	0.0204	0.0203	0.0205	0.0204	0.0203	0.0204	0.0204	0.0204	0.0204	0.0203	0.0203	0.0203	0.0214	0.0207	0.0204	0.0204	0.0203	0.0204	0.0206	0.0203	0.0204	0.0204	0.0203	0.0204	0.0204	0.0204	0.0204	0.0281	0.0208	0.0204	0.0204	0.0204	0.0205	0.0204	0	0.0204	0.0203	0.0204	0.0204	0.0204	0.0204
  k	0.0207	0.0208	0.0208	0.0207	0.0206	0.0206	0.0206	0.0206	0.0206	0.031	0.0206	0.0206	0.0207	0.0206	0.0207	0.0206	0.0206	0.0206	0.0206	0.0206	0.0208	0.0206	0.0207	0.0206	0.0207	0.0209	0.0206	0.0206	0.0207	0.0206	0.0207	0.0207	0.0206	0.0206	0.0221	0.0211	0.0206	0.0206	0.0206	0.0208	0.0207	0.0207	0	0.0205	0.0207	0.0206	0.0206	0.0206
  l	0.0323	0.0214	0.0214	0.0213	0.0212	0.0425	0.0318	0.0212	0.245	0.0213	0.0212	0.0319	0.0214	0.0212	0.0213	0.0213	0.0212	0.0212	0.0212	0.0215	0.0215	0.0212	0.0322	0.0212	0.0213	0.0215	0.0746	0.0212	0.0213	0.0212	0.0213	0.0213	0.0212	0.0213	0.0218	0.0217	0.0212	0.0212	0.0212	0.0215	0.0212	0.0213	0.0212	0	0.0213	0.0213	0.0213	0.0212
  m	0.0202	0.0203	0.0204	0.0202	0.0202	0.0202	0.0202	0.0202	0.0202	0.0202	0.0202	0.0202	0.0204	0.0202	0.0203	0.0202	0.0202	0.0202	0.0202	0.0203	0.0204	0.0202	0.0202	0.0202	0.0202	0.0206	0.0202	0.0202	0.0203	0.0202	0.0202	0.0202	0.0202	0.0202	0.0205	0.0231	0.0202	0.0202	0.0202	0.0418	0.0202	0.0202	0.0202	0.0201	0	0.0259	0.0202	0.0227
  n	0.0201	0.0202	0.0203	0.0201	0.0201	0.0201	0.0201	0.0201	0.0201	0.0201	0.0201	0.0201	0.0202	0.0201	0.0201	0.0201	0.0201	0.0201	0.0201	0.0201	0.0203	0.0201	0.0201	0.0201	0.0201	0.0204	0.0201	0.0201	0.0202	0.0201	0.0201	0.0201	0.0201	0.0201	0.0204	0.0324	0.0201	0.0201	0.0201	0.0224	0.0201	0.0201	0.0201	0.02	0.0258	0	0.0201	0.0201
  o	0.0206	0.0208	0.0208	0.0206	0.0206	0.0206	0.0206	0.0206	0.0206	0.0206	0.0206	0.0206	0.0227	0.0206	0.0206	0.0206	0.0206	0.0206	0.0206	0.0206	0.0208	0.0206	0.0207	0.0207	0.0298	0.0209	0.0206	0.0206	0.0207	0.0206	0.0206	0.0206	0.0206	0.0206	0.0212	0.0213	0.0206	0.0206	0.0206	0.0208	0.0206	0.0206	0.0206	0.0205	0.0206	0.0206	0	0.0207
  p	0.0207	0.0208	0.0209	0.0207	0.0207	0.0207	0.0207	0.0207	0.0206	0.0207	0.0207	0.0207	0.0209	0.0207	0.0207	0.0207	0.0207	0.0207	0.0207	0.0207	0.0209	0.0207	0.0207	0.0207	0.0311	0.021	0.0207	0.0207	0.0207	0.0207	0.0207	0.0207	0.0207	0.0207	0.0212	0.0212	0.0207	0.0207	0.0207	0.0298	0.0207	0.0207	0.0207	0.0206	0.0232	0.0207	0.0208	0
