Map from character to field name
A:	AL
B:	AR
C:	ARG/B
D:	AZ
E:	BRA/ES
F:	CA
G:	CAN/QC
H:	CO
I:	COL/ANT
J:	CT
K:	DC
L:	FL
M:	GA
N:	IA
O:	ID
P:	IL
Q:	IN
R:	ISR/D
S:	KS
T:	KY
U:	LA
V:	MA
W:	MD
X:	MEX/BCN
Y:	MEX/CHH
Z:	MEX/SON
[:	MEX/TAM
\:	MI
]:	MN
^:	MO
_:	MS
`:	MT
a:	NC
b:	ND
c:	NE
d:	NH
e:	NJ
f:	NM
g:	NV
h:	NY
i:	OH
j:	OK
k:	OR
l:	PA
m:	SD
n:	TN
o:	TX
p:	US-VI
q:	UT
r:	VA
s:	WA
t:	WI
u:	WY
v:	?


Substitution rate (mu): 69.426055

Equilibrium frequencies (pi_i):
  A: 0.0205
  B: 0.021
  C: 0.0266
  D: 0.0137
  E: 0.0262
  F: 0.0235
  G: 0.0126
  H: 0.0067
  I: 0.0266
  J: 0.0057
  K: 0.0204
  L: 0.0253
  M: 0.012
  N: 0.0255
  O: 0.0207
  P: 0.0087
  Q: 0.0243
  R: 0.0265
  S: 0.0247
  T: 0.021
  U: 0.0133
  V: 0.0227
  W: 0.0162
  X: 0.0244
  Y: 0.0241
  Z: 0.0271
  [: 0.0268
  \: 0.02
  ]: 0.0059
  ^: 0.0206
  _: 0.0187
  `: 0.0178
  a: 0.0147
  b: 0.0226
  c: 0.0203
  d: 0.0097
  e: 0.0173
  f: 0.022
  g: 0.017
  h: 0.0054
  i: 0.0114
  j: 0.0198
  k: 0.0226
  l: 0.0168
  m: 0.0142
  n: 0.0256
  o: 0.0062
  p: 0.0243
  q: 0.0248
  r: 0.0113
  s: 0.0254
  t: 0.0129
  u: 0.0258

Symmetrized rates from j->i (W_ij):
	A	B	C	D	E	F	G	H	I	J	K	L	M	N	O	P	Q	R	S	T	U	V	W	X	Y	Z	[	\	]	^	_	`	a	b	c	d	e	f	g	h	i	j	k	l	m	n	o	p	q	r	s	t	u
  A	0	0.9551	0.9527	0.952	0.9523	0.9352	0.9525	0.9381	0.9526	1.4204	0.9525	0.953	1.4085	0.9523	0.9521	0.9549	0.9523	0.9527	0.9525	0.9523	0.952	0.9523	0.9526	0.9523	0.9522	0.9522	0.9524	0.9527	0.9514	0.9523	0.9526	0.9525	0.9526	0.9526	0.9523	0.9519	1.1896	0.9525	0.9523	2.6781	0.9528	0.9526	0.9522	0.9526	0.9677	0.9524	0.9506	0.9523	0.9523	0.9523	0.952	0.9541	0.9523
  B	0.9551	0	0.9528	0.9522	0.9531	0.9352	0.9527	0.94	0.9528	0.9618	0.9525	0.9547	1.1951	0.9525	0.9523	1.4829	0.9525	0.9528	0.9527	0.9525	0.9523	0.9525	0.9546	0.9525	0.9524	0.9525	0.9527	0.9528	1.4355	0.9525	0.9603	0.9528	0.9528	0.9528	0.9527	0.9523	0.9528	0.9528	0.9525	2.6045	0.9535	0.953	0.9524	0.9539	1.2125	0.9526	0.9511	0.9525	0.9525	0.9543	0.9522	1.3581	0.9525
  C	0.9527	0.9528	0	0.9522	0.9526	0.9311	0.9526	0.9353	1.1914	1.1323	0.9527	0.953	0.9527	0.9526	0.9524	0.9528	0.9526	0.9531	0.9529	0.9525	0.9519	0.9526	0.9528	0.9526	0.9526	0.9526	0.9528	0.9529	0.9509	0.9525	0.9529	0.9528	0.9531	0.9528	0.9527	0.9519	0.9529	0.953	0.9525	0.95	0.9521	0.9528	0.9525	0.9526	0.9531	0.9528	1.1303	0.9526	0.9527	0.9522	0.9523	0.9528	0.9527
  D	0.952	0.9522	0.9522	0	0.9519	4.9408	0.9522	1.9502	0.9522	0.9516	0.9519	0.9521	0.9522	0.9519	0.9527	0.9527	0.9519	0.952	1.2525	0.9519	0.9519	0.9519	0.9521	0.9521	0.9519	0.9518	0.952	0.9521	2.1846	0.952	0.9523	0.958	0.9526	0.9523	0.9521	0.952	0.9521	1.7095	1.7224	1.4582	0.952	0.9522	0.9522	0.952	1.1954	0.9519	2.3345	0.9519	1.2098	0.9519	0.9517	1.1772	0.9519
  E	0.9523	0.9531	0.9526	0.9519	0	0.9306	0.9522	0.9336	0.9526	0.9505	0.9522	0.9559	0.9523	0.9523	0.9521	0.9531	0.9523	0.9526	0.9525	0.9523	0.9517	0.9523	0.9639	0.9523	0.9522	0.9522	0.9524	0.9524	0.9499	0.9522	0.9526	0.9525	0.9524	0.9524	0.9522	0.9516	0.9524	0.9526	0.9523	1.0593	0.9521	0.9524	0.9522	0.9523	0.9525	0.9523	0.9495	0.9523	0.9523	1.0066	0.9519	1.2286	0.9523
  F	0.9352	0.9352	0.9311	4.9408	0.9306	0	0.942	2.211	0.931	0.9462	0.9352	0.9316	0.9424	0.9312	2.2883	0.946	0.9321	0.9306	0.933	0.9348	0.9408	0.9334	0.9389	1.3994	0.9323	0.9298	0.9305	0.9359	1.7549	0.9352	0.9372	0.9387	1.4119	0.9341	0.9358	0.944	0.938	1.5163	3.491	1.2521	0.9425	0.9362	2.0629	0.9382	1.319	0.9311	3.8413	0.9321	1.1795	0.9424	0.9313	1.7076	0.931
  G	0.9525	0.9527	0.9526	0.9522	0.9522	0.942	0	3.7024	0.9526	1.0474	0.9526	0.9526	0.953	0.9522	0.9521	1.2176	0.9522	0.9525	0.9525	0.9523	1.346	0.9523	0.9528	0.9522	0.9522	0.9521	0.9522	0.9529	0.9862	0.9525	0.9528	0.9527	0.9547	0.9528	0.9525	1.6436	0.9529	0.9525	0.9523	6.1566	1.0787	0.9528	0.9522	0.9526	0.9538	0.9523	1.563	0.9522	0.9523	1.1835	0.952	0.9532	0.9522
  H	0.9381	0.94	0.9353	1.9502	0.9336	2.211	3.7024	0	0.9352	1.4615	0.9383	0.936	0.9489	0.9341	0.9373	9.1771	0.9348	0.9337	0.9353	0.9372	5.8061	1.2327	0.9418	0.9348	0.9355	0.9328	0.9331	0.9393	2.229	0.9385	1.8838	0.9421	0.9449	0.9394	1.5045	8.8235	0.9412	1.4082	0.9405	27.2375	5.1878	0.9916	0.936	0.9439	2.7897	0.934	23.4298	0.9686	1.0076	0.9679	1.4009	1.1971	1.099
  I	0.9526	0.9528	1.1914	0.9522	0.9526	0.931	0.9526	0.9352	0	1.1157	0.9526	0.953	0.9527	0.9526	0.9524	0.9527	0.9526	0.9531	0.9529	0.9525	0.9519	0.9525	0.9527	0.9526	0.9526	0.9526	0.9527	0.9529	0.9508	0.9525	0.9529	0.9528	0.953	0.9528	0.9527	0.9518	0.9528	0.9529	0.9525	0.9487	0.952	0.9527	0.9525	0.9526	0.9531	0.9527	1.1148	0.9526	0.9527	0.9522	0.9522	0.9528	0.9527
  J	1.4204	0.9618	1.1323	0.9516	0.9505	0.9462	1.0474	1.4615	1.1157	0	2.1407	1.7721	1.6634	0.9502	0.9501	2.0956	0.9501	1.316	1.0946	0.9505	1.1239	0.9502	1.6867	0.9499	0.9504	0.9495	0.9497	1.664	1.4359	0.9527	1.2573	0.9527	2.2711	0.9536	1.0493	0.9529	1.721	1.1159	0.9508	44.3408	1.1191	0.9924	0.95	1.7395	1.0402	1.4673	1.4651	0.9501	0.9501	2.7407	0.9496	0.9621	0.9497
  K	0.9525	0.9525	0.9527	0.9519	0.9522	0.9352	0.9526	0.9383	0.9526	2.1407	0	0.9534	0.9527	0.9522	0.952	0.9531	0.9522	0.9528	0.9526	0.9523	0.952	0.9522	1.8228	0.9522	0.9522	0.9521	0.9522	1.0361	0.952	0.9523	0.9527	0.9525	0.9527	0.9525	0.9523	0.9519	1.2273	0.9525	0.9523	2.7921	0.9528	0.9526	0.9521	1.43	0.9527	0.9523	0.9507	0.9522	0.9522	1.1306	0.9519	0.9529	0.9521
  L	0.953	0.9547	0.953	0.9521	0.9559	0.9316	0.9526	0.936	0.953	1.7721	0.9534	0	1.3912	0.9525	0.9523	1.3436	0.9525	0.9531	0.9529	0.9525	0.9521	0.9525	1.2518	0.9525	0.9524	0.9524	0.9526	0.9528	0.9523	0.9524	0.9532	0.9528	0.9529	0.9527	0.9653	0.9521	0.9968	0.9528	0.9525	1.5345	1.4506	0.9528	0.9524	0.9528	0.953	0.9526	0.9504	0.9525	0.9525	0.9677	0.9521	1.3741	0.9524
  M	1.4085	1.1951	0.9527	0.9522	0.9523	0.9424	0.953	0.9489	0.9527	1.6634	0.9527	1.3912	0	0.9522	0.9521	1.0578	0.9522	0.9527	0.9526	0.9523	0.9545	0.9522	0.953	0.9522	0.9522	0.9521	0.9523	0.9531	1.113	0.9526	0.9528	0.9527	0.953	0.9529	0.9525	0.9524	0.9772	0.9526	0.9523	9.7733	1.4564	0.9529	0.9521	0.9526	1.2733	1.4273	1.5741	0.9522	0.9523	1.4109	0.952	1.0534	0.9521
  N	0.9523	0.9525	0.9526	0.9519	0.9523	0.9312	0.9522	0.9341	0.9526	0.9502	0.9522	0.9525	0.9522	0	0.9521	0.9526	0.9523	0.9526	0.9525	0.9523	0.9517	0.9522	0.9524	0.9523	0.9522	0.9522	0.9524	0.9525	1.2067	0.9522	0.9525	0.9525	0.9525	0.9525	0.9523	0.9516	0.9524	0.9526	0.9523	1.1511	0.9519	0.9525	0.9522	0.9523	0.9526	0.9523	0.9498	0.9523	0.9523	0.9517	0.9519	0.9525	0.9523
  O	0.9521	0.9523	0.9524	0.9527	0.9521	2.2883	0.9521	0.9373	0.9524	0.9501	0.952	0.9523	0.9521	0.9521	0	0.9521	0.9521	0.9524	0.9523	0.9521	0.9517	0.9521	0.9522	0.9522	0.9521	0.9521	0.9522	0.9523	0.9504	0.952	0.9523	0.9523	1.4293	0.9522	0.9521	0.9516	0.9523	0.9525	0.9524	0.9366	0.9518	0.9522	1.6936	0.9521	0.9524	0.9521	0.9502	0.9521	0.9524	0.9517	1.1341	0.9524	0.9521
  P	0.9549	1.4829	0.9528	0.9527	0.9531	0.946	1.2176	9.1771	0.9527	2.0956	0.9531	1.3436	1.0578	0.9526	0.9521	0	0.9523	0.9528	0.9528	0.9524	1.2836	0.9523	1.1368	0.9524	0.9524	0.9522	0.9525	0.9536	3.0475	0.9762	1.2394	0.9533	0.9593	0.9599	1.2452	2.3945	0.9537	0.9528	0.9524	15.1195	1.1574	1.4239	0.9522	1.1899	1.0813	0.9528	1.2822	0.9524	0.9524	0.955	0.9521	1.4808	0.9523
  Q	0.9523	0.9525	0.9526	0.9519	0.9523	0.9321	0.9522	0.9348	0.9526	0.9501	0.9522	0.9525	0.9522	0.9523	0.9521	0.9523	0	0.9526	0.9525	0.9522	0.9517	0.9522	0.9523	0.9523	0.9522	0.9522	0.9524	0.9525	0.9501	0.9522	0.9525	0.9524	0.9524	0.9524	0.9522	0.9516	0.9524	0.9525	0.9523	1.4008	0.9518	0.9524	0.9522	0.9522	0.9525	0.9523	0.9497	0.9522	0.9523	0.9517	0.9519	0.9525	0.9523
  R	0.9527	0.9528	0.9531	0.952	0.9526	0.9306	0.9525	0.9337	0.9531	1.316	0.9528	0.9531	0.9527	0.9526	0.9524	0.9528	0.9526	0	0.9529	0.9526	0.9519	0.9526	0.9529	0.9526	0.9525	0.9526	0.9527	0.953	0.9505	0.9525	0.9529	0.9528	0.953	0.9527	0.9526	0.9518	0.953	0.9529	0.9525	0.993	0.9522	0.9527	0.9525	0.9527	0.9528	0.9528	0.9498	0.9526	0.9526	0.9524	0.9522	0.9528	0.9526
  S	0.9525	0.9527	0.9529	1.2525	0.9525	0.933	0.9525	0.9353	0.9529	1.0946	0.9526	0.9529	0.9526	0.9525	0.9523	0.9528	0.9525	0.9529	0	0.9525	0.9519	0.9525	0.9528	0.9527	0.9525	0.9525	0.9529	0.9531	2.6847	0.9525	1.0443	0.9529	1.2018	0.9531	0.9535	0.9517	0.9528	1.2574	0.9527	1.4899	0.9522	0.9528	0.9524	0.9525	0.9549	0.9527	0.952	0.9525	0.9526	1.2911	0.9522	0.9528	0.9525
  T	0.9523	0.9525	0.9525	0.9519	0.9523	0.9348	0.9523	0.9372	0.9525	0.9505	0.9523	0.9525	0.9523	0.9523	0.9521	0.9524	0.9522	0.9526	0.9525	0	0.9518	0.9522	0.9524	0.9523	0.9522	0.9522	0.9524	0.9525	0.9589	0.9522	0.9525	0.9524	0.9524	0.9525	0.9523	0.9517	0.9525	0.9525	0.9523	2.3336	0.9519	0.9525	0.9522	0.9522	0.9525	0.9523	0.9501	0.9522	0.9523	0.9519	0.952	0.9525	0.9522
  U	0.952	0.9523	0.9519	0.9519	0.9517	0.9408	1.346	5.8061	0.9519	1.1239	0.952	0.9521	0.9545	0.9517	0.9517	1.2836	0.9517	0.9519	0.9519	0.9518	0	0.9518	0.9523	0.9517	0.9517	0.9516	0.9517	0.9523	0.9553	0.952	0.9532	0.9522	0.9524	0.9521	0.9521	2.1766	0.9524	0.952	0.9519	3.9331	2.7113	0.9523	0.9517	0.9522	0.9527	0.9517	1.085	0.9517	0.9517	0.9531	0.9515	0.9549	0.9517
  V	0.9523	0.9525	0.9526	0.9519	0.9523	0.9334	0.9523	1.2327	0.9525	0.9502	0.9522	0.9525	0.9522	0.9522	0.9521	0.9523	0.9522	0.9526	0.9525	0.9522	0.9518	0	0.9536	0.9522	0.9522	0.9522	0.9524	0.9525	0.9502	0.9522	0.9525	0.9524	0.9524	0.9524	0.9522	0.9517	0.9524	0.9525	0.9523	1.557	0.9519	0.9524	0.9522	0.9522	0.9525	0.9523	0.9661	0.9522	0.9523	0.9518	0.952	0.9525	0.9523
  W	0.9526	0.9546	0.9528	0.9521	0.9639	0.9389	0.9528	0.9418	0.9527	1.6867	1.8228	1.2518	0.953	0.9524	0.9522	1.1368	0.9523	0.9529	0.9528	0.9524	0.9523	0.9536	0	0.9523	0.9523	0.9523	0.9524	0.9532	1.0537	0.9525	0.9531	0.9527	0.9529	0.9529	0.9525	0.9522	0.9532	0.9526	0.9524	5.0936	0.9531	0.9528	0.9523	0.9526	0.9529	0.9525	0.9516	0.9523	0.9524	1.7026	0.9521	1.1103	0.9523
  X	0.9523	0.9525	0.9526	0.9521	0.9523	1.3994	0.9522	0.9348	0.9526	0.9499	0.9522	0.9525	0.9522	0.9523	0.9522	0.9524	0.9523	0.9526	0.9527	0.9523	0.9517	0.9522	0.9523	0	0.9522	1.4296	1.275	0.9525	1.2577	0.9523	0.9525	0.9526	0.9526	0.9528	0.9525	0.9516	0.9524	0.9527	0.9524	0.935	0.9519	0.9525	0.9523	0.9522	0.9528	0.9524	0.9499	0.9523	0.9524	0.9517	0.952	0.9525	0.9523
  Y	0.9522	0.9524	0.9526	0.9519	0.9522	0.9323	0.9522	0.9355	0.9526	0.9504	0.9522	0.9524	0.9522	0.9522	0.9521	0.9524	0.9522	0.9525	0.9525	0.9522	0.9517	0.9522	0.9523	0.9522	0	0.9522	0.9524	0.9524	0.9792	0.9521	0.9525	0.9525	0.9525	0.9524	0.9522	0.9517	0.9524	0.9525	0.9523	1.3636	0.9519	0.9524	0.9522	0.9522	0.9526	0.9523	1.4307	0.9522	0.9523	0.9517	0.9519	0.9525	0.9522
  Z	0.9522	0.9525	0.9526	0.9518	0.9522	0.9298	0.9521	0.9328	0.9526	0.9495	0.9521	0.9524	0.9521	0.9522	0.9521	0.9522	0.9522	0.9526	0.9525	0.9522	0.9516	0.9522	0.9523	1.4296	0.9522	0	0.9525	0.9524	0.9497	0.9521	0.9525	0.9524	0.9524	0.9523	0.9522	0.9515	0.9524	0.9525	0.9523	0.9319	0.9518	0.9524	0.9522	0.9522	0.9524	0.9523	0.9493	0.9522	0.9523	0.9516	0.9519	0.9524	0.9523
  [	0.9524	0.9527	0.9528	0.952	0.9524	0.9305	0.9522	0.9331	0.9527	0.9497	0.9522	0.9526	0.9523	0.9524	0.9522	0.9525	0.9524	0.9527	0.9529	0.9524	0.9517	0.9524	0.9524	1.275	0.9524	0.9525	0	0.9526	1.2577	0.9524	0.9526	0.9528	0.9527	0.9529	0.9526	0.9516	0.9525	0.9528	0.9525	0.9333	0.9519	0.9526	0.9524	0.9523	0.9528	0.9525	0.9496	0.9524	0.9525	0.9517	0.9521	0.9525	0.9524
  \	0.9527	0.9528	0.9529	0.9521	0.9524	0.9359	0.9529	0.9393	0.9529	1.664	1.0361	0.9528	0.9531	0.9525	0.9523	0.9536	0.9525	0.953	0.9531	0.9525	0.9523	0.9525	0.9532	0.9525	0.9524	0.9524	0.9526	0	1.2964	1.1892	0.9534	0.953	0.9531	0.953	0.9664	0.9522	1.0445	0.9527	0.9525	2.8288	0.9527	0.9529	0.9524	0.953	0.9531	0.9526	0.9515	0.9525	0.9525	1.1291	0.9522	0.9532	0.9524
  ]	0.9514	1.4355	0.9509	2.1846	0.9499	1.7549	0.9862	2.229	0.9508	1.4359	0.952	0.9523	1.113	1.2067	0.9504	3.0475	0.9501	0.9505	2.6847	0.9589	0.9553	0.9502	1.0537	1.2577	0.9792	0.9497	1.2577	1.2964	0	1.7265	1.1068	2.6804	1.7137	3.942	3.039	0.9533	0.953	1.5926	1.3968	38.2309	1.0672	1.6618	0.9502	0.9517	3.7107	1.2036	6.3686	0.9501	1.4238	0.9578	0.9497	0.9557	0.9499
  ^	0.9523	0.9525	0.9525	0.952	0.9522	0.9352	0.9525	0.9385	0.9525	0.9527	0.9523	0.9524	0.9526	0.9522	0.952	0.9762	0.9522	0.9525	0.9525	0.9522	0.952	0.9522	0.9525	0.9523	0.9521	0.9521	0.9524	1.1892	1.7265	0	0.9525	0.9527	0.9528	0.9526	0.9524	0.9519	0.9527	0.9525	0.9523	2.5648	0.9522	0.9526	0.9521	0.9524	0.9529	0.9523	1.2359	0.9522	0.9522	0.9523	0.9519	0.9528	0.9521
  _	0.9526	0.9603	0.9529	0.9523	0.9526	0.9372	0.9528	1.8838	0.9529	1.2573	0.9527	0.9532	0.9528	0.9525	0.9523	1.2394	0.9525	0.9529	1.0443	0.9525	0.9532	0.9525	0.9531	0.9525	0.9525	0.9525	0.9526	0.9534	1.1068	0.9525	0	0.9528	0.953	0.9529	0.9526	0.9524	0.9529	0.9528	0.9525	2.5832	0.9526	0.9528	0.9524	0.9526	0.953	0.9526	1.1626	0.9525	0.9525	1.107	0.9522	1.1625	0.9525
  `	0.9525	0.9528	0.9528	0.958	0.9525	0.9387	0.9527	0.9421	0.9528	0.9527	0.9525	0.9528	0.9527	0.9525	0.9523	0.9533	0.9524	0.9528	0.9529	0.9524	0.9522	0.9524	0.9527	0.9526	0.9525	0.9524	0.9528	0.953	2.6804	0.9527	0.9528	0	1.2428	1.1562	0.9528	0.9522	0.9528	0.9683	0.9526	4.0544	0.9523	0.953	0.9524	0.9525	0.9729	0.9526	1.3893	0.9524	0.9526	0.9524	0.9522	1.104	0.9524
  a	0.9526	0.9528	0.9531	0.9526	0.9524	1.4119	0.9547	0.9449	0.953	2.2711	0.9527	0.9529	0.953	0.9525	1.4293	0.9593	0.9524	0.953	1.2018	0.9524	0.9524	0.9524	0.9529	0.9526	0.9525	0.9524	0.9527	0.9531	1.7137	0.9528	0.953	1.2428	0	1.1711	0.953	0.9525	0.9531	0.953	0.9526	6.0756	0.9525	0.9532	0.9524	0.9526	0.9536	0.9527	1.4291	0.9524	0.9526	0.9566	0.9522	0.9531	0.9524
  b	0.9526	0.9528	0.9528	0.9523	0.9524	0.9341	0.9528	0.9394	0.9528	0.9536	0.9525	0.9527	0.9529	0.9525	0.9522	0.9599	0.9524	0.9527	0.9531	0.9525	0.9521	0.9524	0.9529	0.9528	0.9524	0.9523	0.9529	0.953	3.942	0.9526	0.9529	1.1562	1.1711	0	0.9535	0.9521	0.9529	0.9529	0.9526	2.1516	0.9524	1.1993	0.9523	0.9526	0.9558	0.9526	1.651	0.9524	0.9525	1.4059	0.9521	0.9531	0.9524
  c	0.9523	0.9527	0.9527	0.9521	0.9522	0.9358	0.9525	1.5045	0.9527	1.0493	0.9523	0.9653	0.9525	0.9523	0.9521	1.2452	0.9522	0.9526	0.9535	0.9523	0.9521	0.9522	0.9525	0.9525	0.9522	0.9522	0.9526	0.9664	3.039	0.9524	0.9526	0.9528	0.953	0.9535	0	0.9521	0.9526	0.9527	0.9524	2.3494	0.9523	0.9528	0.9522	0.9524	0.9533	0.9524	1.7454	0.9522	0.9523	0.9541	0.952	0.9528	0.9523
  d	0.9519	0.9523	0.9519	0.952	0.9516	0.944	1.6436	8.8235	0.9518	0.9529	0.9519	0.9521	0.9524	0.9516	0.9516	2.3945	0.9516	0.9518	0.9517	0.9517	2.1766	0.9517	0.9522	0.9516	0.9517	0.9515	0.9516	0.9522	0.9533	0.9519	0.9524	0.9522	0.9525	0.9521	0.9521	0	0.9523	0.9519	0.9518	6.2285	1.7791	0.9524	0.9516	0.952	0.9529	0.9516	1.9298	0.9517	0.9517	0.9525	0.9515	0.9528	0.9517
  e	1.1896	0.9528	0.9529	0.9521	0.9524	0.938	0.9529	0.9412	0.9528	1.721	1.2273	0.9968	0.9772	0.9524	0.9523	0.9537	0.9524	0.953	0.9528	0.9525	0.9524	0.9524	0.9532	0.9524	0.9524	0.9524	0.9525	1.0445	0.953	0.9527	0.9529	0.9528	0.9531	0.9529	0.9526	0.9523	0	0.9527	0.9524	4.2461	1.0063	0.9529	0.9523	1.7393	0.9686	0.9526	0.9515	0.9524	0.9524	0.9729	0.9522	0.9532	0.9524
  f	0.9525	0.9528	0.953	1.7095	0.9526	1.5163	0.9525	1.4082	0.9529	1.1159	0.9525	0.9528	0.9526	0.9526	0.9525	0.9528	0.9525	0.9529	1.2574	0.9525	0.952	0.9525	0.9526	0.9527	0.9525	0.9525	0.9528	0.9527	1.5926	0.9525	0.9528	0.9683	0.953	0.9529	0.9527	0.9519	0.9527	0	1.0313	1.2214	0.9521	0.9528	0.9526	0.9525	1.188	0.9527	1.1365	0.9525	0.9529	0.9522	0.9523	0.9529	0.9526
  g	0.9523	0.9525	0.9525	1.7224	0.9523	3.491	0.9523	0.9405	0.9525	0.9508	0.9523	0.9525	0.9523	0.9523	0.9524	0.9524	0.9523	0.9525	0.9527	0.9523	0.9519	0.9523	0.9524	0.9524	0.9523	0.9523	0.9525	0.9525	1.3968	0.9523	0.9525	0.9526	0.9526	0.9526	0.9524	0.9518	0.9524	1.0313	0	1.4169	0.952	0.9525	0.9525	0.9523	0.953	0.9524	0.9516	0.9523	0.9527	0.9519	0.9521	0.9527	0.9523
  h	2.6781	2.6045	0.95	1.4582	1.0593	1.2521	6.1566	27.2375	0.9487	44.3408	2.7921	1.5345	9.7733	1.1511	0.9366	15.1195	1.4008	0.993	1.4899	2.3336	3.9331	1.557	5.0936	0.935	1.3636	0.9319	0.9333	2.8288	38.2309	2.5648	2.5832	4.0544	6.0756	2.1516	2.3494	6.2285	4.2461	1.2214	1.4169	0	7.5068	2.9032	0.9352	4.5691	5.0139	1.1973	17.2793	1.3673	1.0028	10.8865	0.9331	6.8725	0.9342
  i	0.9528	0.9535	0.9521	0.952	0.9521	0.9425	1.0787	5.1878	0.952	1.1191	0.9528	1.4506	1.4564	0.9519	0.9518	1.1574	0.9518	0.9522	0.9522	0.9519	2.7113	0.9519	0.9531	0.9519	0.9519	0.9518	0.9519	0.9527	1.0672	0.9522	0.9526	0.9523	0.9525	0.9524	0.9523	1.7791	1.0063	0.9521	0.952	7.5068	0	0.9525	0.9518	0.9523	0.953	0.9519	0.9549	0.9519	0.9519	1.7314	0.9517	0.9563	0.9518
  j	0.9526	0.953	0.9528	0.9522	0.9524	0.9362	0.9528	0.9916	0.9527	0.9924	0.9526	0.9528	0.9529	0.9525	0.9522	1.4239	0.9524	0.9527	0.9528	0.9525	0.9523	0.9524	0.9528	0.9525	0.9524	0.9524	0.9526	0.9529	1.6618	0.9526	0.9528	0.953	0.9532	1.1993	0.9528	0.9524	0.9529	0.9528	0.9525	2.9032	0.9525	0	0.9523	0.9527	0.9572	0.9525	1.028	0.9524	0.954	0.9526	0.9521	0.9532	0.9524
  k	0.9522	0.9524	0.9525	0.9522	0.9522	2.0629	0.9522	0.936	0.9525	0.95	0.9521	0.9524	0.9521	0.9522	1.6936	0.9522	0.9522	0.9525	0.9524	0.9522	0.9517	0.9522	0.9523	0.9523	0.9522	0.9522	0.9524	0.9524	0.9502	0.9521	0.9524	0.9524	0.9524	0.9523	0.9522	0.9516	0.9523	0.9526	0.9525	0.9352	0.9518	0.9523	0	0.9522	0.9525	0.9523	0.9499	0.9522	0.9524	0.9517	2.3651	0.9525	0.9522
  l	0.9526	0.9539	0.9526	0.952	0.9523	0.9382	0.9526	0.9439	0.9526	1.7395	1.43	0.9528	0.9526	0.9523	0.9521	1.1899	0.9522	0.9527	0.9525	0.9522	0.9522	0.9522	0.9526	0.9522	0.9522	0.9522	0.9523	0.953	0.9517	0.9524	0.9526	0.9525	0.9526	0.9526	0.9524	0.952	1.7393	0.9525	0.9523	4.5691	0.9523	0.9527	0.9522	0	0.9527	0.9524	0.951	0.9522	0.9523	0.9526	0.952	0.9531	0.9522
  m	0.9677	1.2125	0.9531	1.1954	0.9525	1.319	0.9538	2.7897	0.9531	1.0402	0.9527	0.953	1.2733	0.9526	0.9524	1.0813	0.9525	0.9528	0.9549	0.9525	0.9527	0.9525	0.9529	0.9528	0.9526	0.9524	0.9528	0.9531	3.7107	0.9529	0.953	0.9729	0.9536	0.9558	0.9533	0.9529	0.9686	1.188	0.953	5.0139	0.953	0.9572	0.9525	0.9527	0	0.9527	3.3254	0.9525	0.9577	0.953	0.9522	0.9537	0.9526
  n	0.9524	0.9526	0.9528	0.9519	0.9523	0.9311	0.9523	0.934	0.9527	1.4673	0.9523	0.9526	1.4273	0.9523	0.9521	0.9528	0.9523	0.9528	0.9527	0.9523	0.9517	0.9523	0.9525	0.9524	0.9523	0.9523	0.9525	0.9526	1.2036	0.9523	0.9526	0.9526	0.9527	0.9526	0.9524	0.9516	0.9526	0.9527	0.9524	1.1973	0.9519	0.9525	0.9523	0.9524	0.9527	0	0.95	0.9523	0.9524	0.952	0.952	0.9526	0.9523
  o	0.9506	0.9511	1.1303	2.3345	0.9495	3.8413	1.563	23.4298	1.1148	1.4651	0.9507	0.9504	1.5741	0.9498	0.9502	1.2822	0.9497	0.9498	0.952	0.9501	1.085	0.9661	0.9516	0.9499	1.4307	0.9493	0.9496	0.9515	6.3686	1.2359	1.1626	1.3893	1.4291	1.651	1.7454	1.9298	0.9515	1.1365	0.9516	17.2793	0.9549	1.028	0.9499	0.951	3.3254	0.95	0	0.95	1.2859	0.9794	0.9495	1.2305	1.2661
  p	0.9523	0.9525	0.9526	0.9519	0.9523	0.9321	0.9522	0.9686	0.9526	0.9501	0.9522	0.9525	0.9522	0.9523	0.9521	0.9524	0.9522	0.9526	0.9525	0.9522	0.9517	0.9522	0.9523	0.9523	0.9522	0.9522	0.9524	0.9525	0.9501	0.9522	0.9525	0.9524	0.9524	0.9524	0.9522	0.9517	0.9524	0.9525	0.9523	1.3673	0.9519	0.9524	0.9522	0.9522	0.9525	0.9523	0.95	0	0.9523	0.9517	0.9519	0.9525	0.9523
  q	0.9523	0.9525	0.9527	1.2098	0.9523	1.1795	0.9523	1.0076	0.9527	0.9501	0.9522	0.9525	0.9523	0.9523	0.9524	0.9524	0.9523	0.9526	0.9526	0.9523	0.9517	0.9523	0.9524	0.9524	0.9523	0.9523	0.9525	0.9525	1.4238	0.9522	0.9525	0.9526	0.9526	0.9525	0.9523	0.9517	0.9524	0.9529	0.9527	1.0028	0.9519	0.954	0.9524	0.9523	0.9577	0.9524	1.2859	0.9523	0	0.9517	0.952	0.9526	0.9523
  r	0.9523	0.9543	0.9522	0.9519	1.0066	0.9424	1.1835	0.9679	0.9522	2.7407	1.1306	0.9677	1.4109	0.9517	0.9517	0.955	0.9517	0.9524	1.2911	0.9519	0.9531	0.9518	1.7026	0.9517	0.9517	0.9516	0.9517	1.1291	0.9578	0.9523	1.107	0.9524	0.9566	1.4059	0.9541	0.9525	0.9729	0.9522	0.9519	10.8865	1.7314	0.9526	0.9517	0.9526	0.953	0.952	0.9794	0.9517	0.9517	0	0.9515	1.3138	0.9516
  s	0.952	0.9522	0.9523	0.9517	0.9519	0.9313	0.952	1.4009	0.9522	0.9496	0.9519	0.9521	0.952	0.9519	1.1341	0.9521	0.9519	0.9522	0.9522	0.952	0.9515	0.952	0.9521	0.952	0.9519	0.9519	0.9521	0.9522	0.9497	0.9519	0.9522	0.9522	0.9522	0.9521	0.952	0.9515	0.9522	0.9523	0.9521	0.9331	0.9517	0.9521	2.3651	0.952	0.9522	0.952	0.9495	0.9519	0.952	0.9515	0	0.9523	0.952
  t	0.9541	1.3581	0.9528	1.1772	1.2286	1.7076	0.9532	1.1971	0.9528	0.9621	0.9529	1.3741	1.0534	0.9525	0.9524	1.4808	0.9525	0.9528	0.9528	0.9525	0.9549	0.9525	1.1103	0.9525	0.9525	0.9524	0.9525	0.9532	0.9557	0.9528	1.1625	1.104	0.9531	0.9531	0.9528	0.9528	0.9532	0.9529	0.9527	6.8725	0.9563	0.9532	0.9525	0.9531	0.9537	0.9526	1.2305	0.9525	0.9526	1.3138	0.9523	0	0.9525
  u	0.9523	0.9525	0.9527	0.9519	0.9523	0.931	0.9522	1.099	0.9527	0.9497	0.9521	0.9524	0.9521	0.9523	0.9521	0.9523	0.9523	0.9526	0.9525	0.9522	0.9517	0.9523	0.9523	0.9523	0.9522	0.9523	0.9524	0.9524	0.9499	0.9521	0.9525	0.9524	0.9524	0.9524	0.9523	0.9517	0.9524	0.9526	0.9523	0.9342	0.9518	0.9524	0.9522	0.9522	0.9526	0.9523	1.2661	0.9523	0.9523	0.9516	0.952	0.9525	0

Actual rates from j->i (Q_ij):
	A	B	C	D	E	F	G	H	I	J	K	L	M	N	O	P	Q	R	S	T	U	V	W	X	Y	Z	[	\	]	^	_	`	a	b	c	d	e	f	g	h	i	j	k	l	m	n	o	p	q	r	s	t	u
  A	0	0.0196	0.0195	0.0195	0.0195	0.0192	0.0195	0.0192	0.0195	0.0291	0.0195	0.0195	0.0289	0.0195	0.0195	0.0196	0.0195	0.0195	0.0195	0.0195	0.0195	0.0195	0.0195	0.0195	0.0195	0.0195	0.0195	0.0195	0.0195	0.0195	0.0195	0.0195	0.0195	0.0195	0.0195	0.0195	0.0244	0.0195	0.0195	0.0549	0.0195	0.0195	0.0195	0.0195	0.0198	0.0195	0.0195	0.0195	0.0195	0.0195	0.0195	0.0196	0.0195
  B	0.0201	0	0.02	0.02	0.02	0.0196	0.02	0.0198	0.02	0.0202	0.02	0.0201	0.0251	0.02	0.02	0.0312	0.02	0.02	0.02	0.02	0.02	0.02	0.0201	0.02	0.02	0.02	0.02	0.02	0.0302	0.02	0.0202	0.02	0.02	0.02	0.02	0.02	0.02	0.02	0.02	0.0547	0.02	0.02	0.02	0.02	0.0255	0.02	0.02	0.02	0.02	0.02	0.02	0.0285	0.02
  C	0.0253	0.0253	0	0.0253	0.0253	0.0247	0.0253	0.0248	0.0316	0.0301	0.0253	0.0253	0.0253	0.0253	0.0253	0.0253	0.0253	0.0253	0.0253	0.0253	0.0253	0.0253	0.0253	0.0253	0.0253	0.0253	0.0253	0.0253	0.0252	0.0253	0.0253	0.0253	0.0253	0.0253	0.0253	0.0253	0.0253	0.0253	0.0253	0.0252	0.0253	0.0253	0.0253	0.0253	0.0253	0.0253	0.03	0.0253	0.0253	0.0253	0.0253	0.0253	0.0253
  D	0.013	0.013	0.013	0	0.013	0.0676	0.013	0.0267	0.013	0.013	0.013	0.013	0.013	0.013	0.013	0.013	0.013	0.013	0.0171	0.013	0.013	0.013	0.013	0.013	0.013	0.013	0.013	0.013	0.0299	0.013	0.013	0.0131	0.013	0.013	0.013	0.013	0.013	0.0234	0.0236	0.02	0.013	0.013	0.013	0.013	0.0164	0.013	0.032	0.013	0.0166	0.013	0.013	0.0161	0.013
  E	0.025	0.025	0.025	0.025	0	0.0244	0.025	0.0245	0.025	0.0249	0.025	0.0251	0.025	0.025	0.025	0.025	0.025	0.025	0.025	0.025	0.025	0.025	0.0253	0.025	0.025	0.025	0.025	0.025	0.0249	0.025	0.025	0.025	0.025	0.025	0.025	0.025	0.025	0.025	0.025	0.0278	0.025	0.025	0.025	0.025	0.025	0.025	0.0249	0.025	0.025	0.0264	0.025	0.0322	0.025
  F	0.022	0.022	0.0219	0.1163	0.0219	0	0.0222	0.0521	0.0219	0.0223	0.022	0.0219	0.0222	0.0219	0.0539	0.0223	0.0219	0.0219	0.022	0.022	0.0222	0.022	0.0221	0.0329	0.022	0.0219	0.0219	0.022	0.0413	0.022	0.0221	0.0221	0.0332	0.022	0.022	0.0222	0.0221	0.0357	0.0822	0.0295	0.0222	0.022	0.0486	0.0221	0.0311	0.0219	0.0904	0.0219	0.0278	0.0222	0.0219	0.0402	0.0219
  G	0.012	0.012	0.012	0.012	0.012	0.0119	0	0.0467	0.012	0.0132	0.012	0.012	0.012	0.012	0.012	0.0154	0.012	0.012	0.012	0.012	0.017	0.012	0.012	0.012	0.012	0.012	0.012	0.012	0.0124	0.012	0.012	0.012	0.012	0.012	0.012	0.0207	0.012	0.012	0.012	0.0777	0.0136	0.012	0.012	0.012	0.012	0.012	0.0197	0.012	0.012	0.0149	0.012	0.012	0.012
  H	0.0063	0.0063	0.0063	0.0131	0.0063	0.0148	0.0248	0	0.0063	0.0098	0.0063	0.0063	0.0064	0.0063	0.0063	0.0615	0.0063	0.0063	0.0063	0.0063	0.0389	0.0083	0.0063	0.0063	0.0063	0.0063	0.0063	0.0063	0.0149	0.0063	0.0126	0.0063	0.0063	0.0063	0.0101	0.0592	0.0063	0.0094	0.0063	0.1827	0.0348	0.0066	0.0063	0.0063	0.0187	0.0063	0.1571	0.0065	0.0068	0.0065	0.0094	0.008	0.0074
  I	0.0253	0.0253	0.0317	0.0253	0.0253	0.0248	0.0253	0.0249	0	0.0297	0.0253	0.0254	0.0253	0.0253	0.0253	0.0253	0.0253	0.0254	0.0254	0.0253	0.0253	0.0253	0.0253	0.0253	0.0253	0.0253	0.0253	0.0254	0.0253	0.0253	0.0254	0.0253	0.0254	0.0253	0.0253	0.0253	0.0254	0.0254	0.0253	0.0252	0.0253	0.0253	0.0253	0.0253	0.0254	0.0253	0.0297	0.0253	0.0253	0.0253	0.0253	0.0253	0.0253
  J	0.0082	0.0055	0.0065	0.0055	0.0055	0.0054	0.006	0.0084	0.0064	0	0.0123	0.0102	0.0095	0.0055	0.0055	0.012	0.0055	0.0076	0.0063	0.0055	0.0065	0.0055	0.0097	0.0055	0.0055	0.0054	0.0055	0.0095	0.0082	0.0055	0.0072	0.0055	0.013	0.0055	0.006	0.0055	0.0099	0.0064	0.0055	0.2545	0.0064	0.0057	0.0055	0.01	0.006	0.0084	0.0084	0.0055	0.0055	0.0157	0.0054	0.0055	0.0055
  K	0.0194	0.0194	0.0194	0.0194	0.0194	0.0191	0.0194	0.0191	0.0194	0.0437	0	0.0194	0.0194	0.0194	0.0194	0.0194	0.0194	0.0194	0.0194	0.0194	0.0194	0.0194	0.0372	0.0194	0.0194	0.0194	0.0194	0.0211	0.0194	0.0194	0.0194	0.0194	0.0194	0.0194	0.0194	0.0194	0.025	0.0194	0.0194	0.057	0.0194	0.0194	0.0194	0.0292	0.0194	0.0194	0.0194	0.0194	0.0194	0.0231	0.0194	0.0194	0.0194
  L	0.0241	0.0241	0.0241	0.0241	0.0242	0.0235	0.0241	0.0237	0.0241	0.0448	0.0241	0	0.0352	0.0241	0.0241	0.034	0.0241	0.0241	0.0241	0.0241	0.0241	0.0241	0.0316	0.0241	0.0241	0.0241	0.0241	0.0241	0.0241	0.0241	0.0241	0.0241	0.0241	0.0241	0.0244	0.0241	0.0252	0.0241	0.0241	0.0388	0.0367	0.0241	0.0241	0.0241	0.0241	0.0241	0.024	0.0241	0.0241	0.0245	0.0241	0.0347	0.0241
  M	0.017	0.0144	0.0115	0.0115	0.0115	0.0114	0.0115	0.0114	0.0115	0.02	0.0115	0.0168	0	0.0115	0.0115	0.0127	0.0115	0.0115	0.0115	0.0115	0.0115	0.0115	0.0115	0.0115	0.0115	0.0115	0.0115	0.0115	0.0134	0.0115	0.0115	0.0115	0.0115	0.0115	0.0115	0.0115	0.0118	0.0115	0.0115	0.1177	0.0175	0.0115	0.0115	0.0115	0.0153	0.0172	0.019	0.0115	0.0115	0.017	0.0115	0.0127	0.0115
  N	0.0243	0.0243	0.0243	0.0243	0.0243	0.0237	0.0243	0.0238	0.0243	0.0242	0.0243	0.0243	0.0243	0	0.0243	0.0243	0.0243	0.0243	0.0243	0.0243	0.0242	0.0243	0.0243	0.0243	0.0243	0.0243	0.0243	0.0243	0.0307	0.0243	0.0243	0.0243	0.0243	0.0243	0.0243	0.0242	0.0243	0.0243	0.0243	0.0293	0.0243	0.0243	0.0243	0.0243	0.0243	0.0243	0.0242	0.0243	0.0243	0.0242	0.0243	0.0243	0.0243
  O	0.0197	0.0197	0.0197	0.0197	0.0197	0.0474	0.0197	0.0194	0.0197	0.0197	0.0197	0.0197	0.0197	0.0197	0	0.0197	0.0197	0.0197	0.0197	0.0197	0.0197	0.0197	0.0197	0.0197	0.0197	0.0197	0.0197	0.0197	0.0197	0.0197	0.0197	0.0197	0.0296	0.0197	0.0197	0.0197	0.0197	0.0197	0.0197	0.0194	0.0197	0.0197	0.0351	0.0197	0.0197	0.0197	0.0197	0.0197	0.0197	0.0197	0.0235	0.0197	0.0197
  P	0.0083	0.0128	0.0082	0.0082	0.0082	0.0082	0.0105	0.0794	0.0082	0.0181	0.0082	0.0116	0.0092	0.0082	0.0082	0	0.0082	0.0082	0.0082	0.0082	0.0111	0.0082	0.0098	0.0082	0.0082	0.0082	0.0082	0.0083	0.0264	0.0084	0.0107	0.0083	0.0083	0.0083	0.0108	0.0207	0.0083	0.0082	0.0082	0.1308	0.01	0.0123	0.0082	0.0103	0.0094	0.0082	0.0111	0.0082	0.0082	0.0083	0.0082	0.0128	0.0082
  Q	0.0232	0.0232	0.0232	0.0232	0.0232	0.0227	0.0232	0.0227	0.0232	0.0231	0.0232	0.0232	0.0232	0.0232	0.0232	0.0232	0	0.0232	0.0232	0.0232	0.0231	0.0232	0.0232	0.0232	0.0232	0.0232	0.0232	0.0232	0.0231	0.0232	0.0232	0.0232	0.0232	0.0232	0.0232	0.0231	0.0232	0.0232	0.0232	0.0341	0.0232	0.0232	0.0232	0.0232	0.0232	0.0232	0.0231	0.0232	0.0232	0.0231	0.0232	0.0232	0.0232
  R	0.0253	0.0253	0.0253	0.0253	0.0253	0.0247	0.0253	0.0248	0.0253	0.0349	0.0253	0.0253	0.0253	0.0253	0.0253	0.0253	0.0253	0	0.0253	0.0253	0.0253	0.0253	0.0253	0.0253	0.0253	0.0253	0.0253	0.0253	0.0252	0.0253	0.0253	0.0253	0.0253	0.0253	0.0253	0.0253	0.0253	0.0253	0.0253	0.0263	0.0253	0.0253	0.0253	0.0253	0.0253	0.0253	0.0252	0.0253	0.0253	0.0253	0.0253	0.0253	0.0253
  S	0.0235	0.0236	0.0236	0.031	0.0235	0.0231	0.0235	0.0231	0.0236	0.0271	0.0235	0.0236	0.0235	0.0235	0.0235	0.0236	0.0235	0.0236	0	0.0235	0.0235	0.0235	0.0236	0.0236	0.0235	0.0235	0.0236	0.0236	0.0664	0.0235	0.0258	0.0236	0.0297	0.0236	0.0236	0.0235	0.0236	0.0311	0.0236	0.0368	0.0235	0.0236	0.0235	0.0235	0.0236	0.0236	0.0235	0.0235	0.0236	0.0319	0.0235	0.0236	0.0235
  T	0.02	0.02	0.02	0.02	0.02	0.0196	0.02	0.0197	0.02	0.0199	0.02	0.02	0.02	0.02	0.02	0.02	0.02	0.02	0.02	0	0.02	0.02	0.02	0.02	0.02	0.02	0.02	0.02	0.0201	0.02	0.02	0.02	0.02	0.02	0.02	0.02	0.02	0.02	0.02	0.049	0.02	0.02	0.02	0.02	0.02	0.02	0.0199	0.02	0.02	0.02	0.02	0.02	0.02
  U	0.0127	0.0127	0.0127	0.0127	0.0127	0.0125	0.0179	0.0773	0.0127	0.015	0.0127	0.0127	0.0127	0.0127	0.0127	0.0171	0.0127	0.0127	0.0127	0.0127	0	0.0127	0.0127	0.0127	0.0127	0.0127	0.0127	0.0127	0.0127	0.0127	0.0127	0.0127	0.0127	0.0127	0.0127	0.029	0.0127	0.0127	0.0127	0.0524	0.0361	0.0127	0.0127	0.0127	0.0127	0.0127	0.0144	0.0127	0.0127	0.0127	0.0127	0.0127	0.0127
  V	0.0216	0.0216	0.0216	0.0216	0.0216	0.0212	0.0216	0.0279	0.0216	0.0215	0.0216	0.0216	0.0216	0.0216	0.0216	0.0216	0.0216	0.0216	0.0216	0.0216	0.0216	0	0.0216	0.0216	0.0216	0.0216	0.0216	0.0216	0.0215	0.0216	0.0216	0.0216	0.0216	0.0216	0.0216	0.0216	0.0216	0.0216	0.0216	0.0353	0.0216	0.0216	0.0216	0.0216	0.0216	0.0216	0.0219	0.0216	0.0216	0.0216	0.0216	0.0216	0.0216
  W	0.0155	0.0155	0.0155	0.0155	0.0157	0.0153	0.0155	0.0153	0.0155	0.0274	0.0296	0.0203	0.0155	0.0155	0.0155	0.0185	0.0155	0.0155	0.0155	0.0155	0.0155	0.0155	0	0.0155	0.0155	0.0155	0.0155	0.0155	0.0171	0.0155	0.0155	0.0155	0.0155	0.0155	0.0155	0.0155	0.0155	0.0155	0.0155	0.0828	0.0155	0.0155	0.0155	0.0155	0.0155	0.0155	0.0155	0.0155	0.0155	0.0277	0.0155	0.018	0.0155
  X	0.0232	0.0233	0.0233	0.0232	0.0232	0.0342	0.0232	0.0228	0.0233	0.0232	0.0232	0.0233	0.0232	0.0232	0.0232	0.0232	0.0232	0.0233	0.0233	0.0232	0.0232	0.0232	0.0232	0	0.0232	0.0349	0.0311	0.0233	0.0307	0.0232	0.0233	0.0233	0.0233	0.0233	0.0233	0.0232	0.0232	0.0233	0.0233	0.0228	0.0232	0.0233	0.0232	0.0232	0.0233	0.0232	0.0232	0.0232	0.0232	0.0232	0.0232	0.0233	0.0232
  Y	0.0229	0.0229	0.0229	0.0229	0.0229	0.0224	0.0229	0.0225	0.0229	0.0229	0.0229	0.0229	0.0229	0.0229	0.0229	0.0229	0.0229	0.0229	0.0229	0.0229	0.0229	0.0229	0.0229	0.0229	0	0.0229	0.0229	0.0229	0.0236	0.0229	0.0229	0.0229	0.0229	0.0229	0.0229	0.0229	0.0229	0.0229	0.0229	0.0328	0.0229	0.0229	0.0229	0.0229	0.0229	0.0229	0.0344	0.0229	0.0229	0.0229	0.0229	0.0229	0.0229
  Z	0.0258	0.0258	0.0258	0.0258	0.0258	0.0252	0.0258	0.0253	0.0258	0.0257	0.0258	0.0258	0.0258	0.0258	0.0258	0.0258	0.0258	0.0258	0.0258	0.0258	0.0258	0.0258	0.0258	0.0387	0.0258	0	0.0258	0.0258	0.0257	0.0258	0.0258	0.0258	0.0258	0.0258	0.0258	0.0258	0.0258	0.0258	0.0258	0.0252	0.0258	0.0258	0.0258	0.0258	0.0258	0.0258	0.0257	0.0258	0.0258	0.0258	0.0258	0.0258	0.0258
  [	0.0255	0.0255	0.0255	0.0255	0.0255	0.0249	0.0255	0.025	0.0255	0.0254	0.0255	0.0255	0.0255	0.0255	0.0255	0.0255	0.0255	0.0255	0.0255	0.0255	0.0255	0.0255	0.0255	0.0341	0.0255	0.0255	0	0.0255	0.0336	0.0255	0.0255	0.0255	0.0255	0.0255	0.0255	0.0255	0.0255	0.0255	0.0255	0.025	0.0255	0.0255	0.0255	0.0255	0.0255	0.0255	0.0254	0.0255	0.0255	0.0255	0.0255	0.0255	0.0255
  \	0.0191	0.0191	0.0191	0.019	0.0191	0.0187	0.0191	0.0188	0.0191	0.0333	0.0207	0.0191	0.0191	0.0191	0.019	0.0191	0.0191	0.0191	0.0191	0.0191	0.019	0.0191	0.0191	0.0191	0.0191	0.0191	0.0191	0	0.0259	0.0238	0.0191	0.0191	0.0191	0.0191	0.0193	0.019	0.0209	0.0191	0.0191	0.0566	0.0191	0.0191	0.0191	0.0191	0.0191	0.0191	0.019	0.0191	0.0191	0.0226	0.019	0.0191	0.0191
  ]	0.0056	0.0084	0.0056	0.0128	0.0056	0.0103	0.0058	0.0131	0.0056	0.0084	0.0056	0.0056	0.0065	0.0071	0.0056	0.0178	0.0056	0.0056	0.0157	0.0056	0.0056	0.0056	0.0062	0.0074	0.0057	0.0056	0.0074	0.0076	0	0.0101	0.0065	0.0157	0.01	0.0231	0.0178	0.0056	0.0056	0.0093	0.0082	0.2238	0.0062	0.0097	0.0056	0.0056	0.0217	0.007	0.0373	0.0056	0.0083	0.0056	0.0056	0.0056	0.0056
  ^	0.0197	0.0197	0.0197	0.0197	0.0197	0.0193	0.0197	0.0194	0.0197	0.0197	0.0197	0.0197	0.0197	0.0197	0.0197	0.0202	0.0197	0.0197	0.0197	0.0197	0.0197	0.0197	0.0197	0.0197	0.0197	0.0197	0.0197	0.0246	0.0356	0	0.0197	0.0197	0.0197	0.0197	0.0197	0.0197	0.0197	0.0197	0.0197	0.053	0.0197	0.0197	0.0197	0.0197	0.0197	0.0197	0.0255	0.0197	0.0197	0.0197	0.0197	0.0197	0.0197
  _	0.0178	0.0179	0.0178	0.0178	0.0178	0.0175	0.0178	0.0352	0.0178	0.0235	0.0178	0.0178	0.0178	0.0178	0.0178	0.0232	0.0178	0.0178	0.0195	0.0178	0.0178	0.0178	0.0178	0.0178	0.0178	0.0178	0.0178	0.0178	0.0207	0.0178	0	0.0178	0.0178	0.0178	0.0178	0.0178	0.0178	0.0178	0.0178	0.0483	0.0178	0.0178	0.0178	0.0178	0.0178	0.0178	0.0217	0.0178	0.0178	0.0207	0.0178	0.0217	0.0178
  `	0.0169	0.0169	0.0169	0.017	0.0169	0.0167	0.0169	0.0167	0.0169	0.0169	0.0169	0.0169	0.0169	0.0169	0.0169	0.0169	0.0169	0.0169	0.0169	0.0169	0.0169	0.0169	0.0169	0.0169	0.0169	0.0169	0.0169	0.0169	0.0476	0.0169	0.0169	0	0.0221	0.0205	0.0169	0.0169	0.0169	0.0172	0.0169	0.072	0.0169	0.0169	0.0169	0.0169	0.0173	0.0169	0.0247	0.0169	0.0169	0.0169	0.0169	0.0196	0.0169
  a	0.014	0.014	0.014	0.014	0.014	0.0207	0.014	0.0139	0.014	0.0333	0.014	0.014	0.014	0.014	0.021	0.0141	0.014	0.014	0.0176	0.014	0.014	0.014	0.014	0.014	0.014	0.014	0.014	0.014	0.0251	0.014	0.014	0.0182	0	0.0172	0.014	0.014	0.014	0.014	0.014	0.0891	0.014	0.014	0.014	0.014	0.014	0.014	0.0209	0.014	0.014	0.014	0.014	0.014	0.014
  b	0.0215	0.0216	0.0216	0.0215	0.0215	0.0211	0.0216	0.0212	0.0216	0.0216	0.0215	0.0215	0.0216	0.0215	0.0215	0.0217	0.0215	0.0215	0.0216	0.0215	0.0215	0.0215	0.0216	0.0216	0.0215	0.0215	0.0216	0.0216	0.0892	0.0215	0.0216	0.0262	0.0265	0	0.0216	0.0215	0.0216	0.0216	0.0215	0.0487	0.0215	0.0271	0.0215	0.0215	0.0216	0.0215	0.0373	0.0215	0.0215	0.0318	0.0215	0.0216	0.0215
  c	0.0193	0.0193	0.0193	0.0193	0.0193	0.019	0.0193	0.0305	0.0193	0.0213	0.0193	0.0196	0.0193	0.0193	0.0193	0.0252	0.0193	0.0193	0.0193	0.0193	0.0193	0.0193	0.0193	0.0193	0.0193	0.0193	0.0193	0.0196	0.0616	0.0193	0.0193	0.0193	0.0193	0.0193	0	0.0193	0.0193	0.0193	0.0193	0.0476	0.0193	0.0193	0.0193	0.0193	0.0193	0.0193	0.0354	0.0193	0.0193	0.0193	0.0193	0.0193	0.0193
  d	0.0093	0.0093	0.0093	0.0093	0.0093	0.0092	0.016	0.0858	0.0093	0.0093	0.0093	0.0093	0.0093	0.0093	0.0093	0.0233	0.0093	0.0093	0.0093	0.0093	0.0212	0.0093	0.0093	0.0093	0.0093	0.0093	0.0093	0.0093	0.0093	0.0093	0.0093	0.0093	0.0093	0.0093	0.0093	0	0.0093	0.0093	0.0093	0.0606	0.0173	0.0093	0.0093	0.0093	0.0093	0.0093	0.0188	0.0093	0.0093	0.0093	0.0093	0.0093	0.0093
  e	0.0206	0.0165	0.0165	0.0165	0.0165	0.0162	0.0165	0.0163	0.0165	0.0298	0.0212	0.0172	0.0169	0.0165	0.0165	0.0165	0.0165	0.0165	0.0165	0.0165	0.0165	0.0165	0.0165	0.0165	0.0165	0.0165	0.0165	0.0181	0.0165	0.0165	0.0165	0.0165	0.0165	0.0165	0.0165	0.0165	0	0.0165	0.0165	0.0735	0.0174	0.0165	0.0165	0.0301	0.0168	0.0165	0.0165	0.0165	0.0165	0.0168	0.0165	0.0165	0.0165
  f	0.0209	0.021	0.021	0.0376	0.0209	0.0333	0.0209	0.031	0.021	0.0245	0.0209	0.021	0.0209	0.0209	0.0209	0.021	0.0209	0.021	0.0277	0.0209	0.0209	0.0209	0.0209	0.021	0.0209	0.0209	0.021	0.021	0.035	0.0209	0.021	0.0213	0.021	0.021	0.021	0.0209	0.021	0	0.0227	0.0269	0.0209	0.021	0.0209	0.0209	0.0261	0.0209	0.025	0.0209	0.021	0.0209	0.0209	0.021	0.0209
  g	0.0162	0.0162	0.0162	0.0292	0.0162	0.0592	0.0162	0.016	0.0162	0.0161	0.0162	0.0162	0.0162	0.0162	0.0162	0.0162	0.0162	0.0162	0.0162	0.0162	0.0162	0.0162	0.0162	0.0162	0.0162	0.0162	0.0162	0.0162	0.0237	0.0162	0.0162	0.0162	0.0162	0.0162	0.0162	0.0162	0.0162	0.0175	0	0.024	0.0162	0.0162	0.0162	0.0162	0.0162	0.0162	0.0161	0.0162	0.0162	0.0162	0.0162	0.0162	0.0162
  h	0.0145	0.0141	0.0052	0.0079	0.0057	0.0068	0.0334	0.1477	0.0051	0.2404	0.0151	0.0083	0.053	0.0062	0.0051	0.082	0.0076	0.0054	0.0081	0.0127	0.0213	0.0084	0.0276	0.0051	0.0074	0.0051	0.0051	0.0153	0.2073	0.0139	0.014	0.022	0.0329	0.0117	0.0127	0.0338	0.023	0.0066	0.0077	0	0.0407	0.0157	0.0051	0.0248	0.0272	0.0065	0.0937	0.0074	0.0054	0.059	0.0051	0.0373	0.0051
  i	0.0109	0.0109	0.0109	0.0109	0.0109	0.0108	0.0123	0.0592	0.0109	0.0128	0.0109	0.0166	0.0166	0.0109	0.0109	0.0132	0.0109	0.0109	0.0109	0.0109	0.031	0.0109	0.0109	0.0109	0.0109	0.0109	0.0109	0.0109	0.0122	0.0109	0.0109	0.0109	0.0109	0.0109	0.0109	0.0203	0.0115	0.0109	0.0109	0.0857	0	0.0109	0.0109	0.0109	0.0109	0.0109	0.0109	0.0109	0.0109	0.0198	0.0109	0.0109	0.0109
  j	0.0188	0.0188	0.0188	0.0188	0.0188	0.0185	0.0188	0.0196	0.0188	0.0196	0.0188	0.0188	0.0188	0.0188	0.0188	0.0281	0.0188	0.0188	0.0188	0.0188	0.0188	0.0188	0.0188	0.0188	0.0188	0.0188	0.0188	0.0188	0.0328	0.0188	0.0188	0.0188	0.0188	0.0237	0.0188	0.0188	0.0188	0.0188	0.0188	0.0574	0.0188	0	0.0188	0.0188	0.0189	0.0188	0.0203	0.0188	0.0188	0.0188	0.0188	0.0188	0.0188
  k	0.0215	0.0215	0.0216	0.0215	0.0215	0.0467	0.0215	0.0212	0.0216	0.0215	0.0215	0.0215	0.0215	0.0215	0.0383	0.0215	0.0215	0.0216	0.0215	0.0215	0.0215	0.0215	0.0215	0.0215	0.0215	0.0215	0.0215	0.0215	0.0215	0.0215	0.0215	0.0215	0.0215	0.0215	0.0215	0.0215	0.0215	0.0216	0.0215	0.0212	0.0215	0.0215	0	0.0215	0.0215	0.0215	0.0215	0.0215	0.0215	0.0215	0.0535	0.0215	0.0215
  l	0.016	0.016	0.016	0.016	0.016	0.0158	0.016	0.0158	0.016	0.0292	0.024	0.016	0.016	0.016	0.016	0.02	0.016	0.016	0.016	0.016	0.016	0.016	0.016	0.016	0.016	0.016	0.016	0.016	0.016	0.016	0.016	0.016	0.016	0.016	0.016	0.016	0.0292	0.016	0.016	0.0767	0.016	0.016	0.016	0	0.016	0.016	0.016	0.016	0.016	0.016	0.016	0.016	0.016
  m	0.0137	0.0172	0.0135	0.0169	0.0135	0.0187	0.0135	0.0395	0.0135	0.0147	0.0135	0.0135	0.018	0.0135	0.0135	0.0153	0.0135	0.0135	0.0135	0.0135	0.0135	0.0135	0.0135	0.0135	0.0135	0.0135	0.0135	0.0135	0.0525	0.0135	0.0135	0.0138	0.0135	0.0135	0.0135	0.0135	0.0137	0.0168	0.0135	0.071	0.0135	0.0136	0.0135	0.0135	0	0.0135	0.0471	0.0135	0.0136	0.0135	0.0135	0.0135	0.0135
  n	0.0244	0.0244	0.0244	0.0244	0.0244	0.0239	0.0244	0.0239	0.0244	0.0376	0.0244	0.0244	0.0366	0.0244	0.0244	0.0244	0.0244	0.0244	0.0244	0.0244	0.0244	0.0244	0.0244	0.0244	0.0244	0.0244	0.0244	0.0244	0.0308	0.0244	0.0244	0.0244	0.0244	0.0244	0.0244	0.0244	0.0244	0.0244	0.0244	0.0307	0.0244	0.0244	0.0244	0.0244	0.0244	0	0.0243	0.0244	0.0244	0.0244	0.0244	0.0244	0.0244
  o	0.0059	0.0059	0.007	0.0145	0.0059	0.0238	0.0097	0.1453	0.0069	0.0091	0.0059	0.0059	0.0098	0.0059	0.0059	0.0079	0.0059	0.0059	0.0059	0.0059	0.0067	0.006	0.0059	0.0059	0.0089	0.0059	0.0059	0.0059	0.0395	0.0077	0.0072	0.0086	0.0089	0.0102	0.0108	0.012	0.0059	0.007	0.0059	0.1071	0.0059	0.0064	0.0059	0.0059	0.0206	0.0059	0	0.0059	0.008	0.0061	0.0059	0.0076	0.0079
  p	0.0232	0.0232	0.0232	0.0232	0.0232	0.0227	0.0232	0.0236	0.0232	0.0231	0.0232	0.0232	0.0232	0.0232	0.0232	0.0232	0.0232	0.0232	0.0232	0.0232	0.0232	0.0232	0.0232	0.0232	0.0232	0.0232	0.0232	0.0232	0.0231	0.0232	0.0232	0.0232	0.0232	0.0232	0.0232	0.0232	0.0232	0.0232	0.0232	0.0333	0.0232	0.0232	0.0232	0.0232	0.0232	0.0232	0.0231	0	0.0232	0.0232	0.0232	0.0232	0.0232
  q	0.0236	0.0237	0.0237	0.03	0.0236	0.0293	0.0236	0.025	0.0237	0.0236	0.0236	0.0237	0.0236	0.0236	0.0237	0.0237	0.0236	0.0237	0.0237	0.0236	0.0236	0.0236	0.0237	0.0237	0.0236	0.0236	0.0237	0.0237	0.0354	0.0236	0.0237	0.0237	0.0237	0.0237	0.0236	0.0236	0.0237	0.0237	0.0237	0.0249	0.0236	0.0237	0.0236	0.0236	0.0238	0.0237	0.0319	0.0236	0	0.0236	0.0236	0.0237	0.0236
  r	0.0108	0.0108	0.0108	0.0108	0.0114	0.0107	0.0134	0.011	0.0108	0.0311	0.0128	0.011	0.016	0.0108	0.0108	0.0108	0.0108	0.0108	0.0146	0.0108	0.0108	0.0108	0.0193	0.0108	0.0108	0.0108	0.0108	0.0128	0.0109	0.0108	0.0126	0.0108	0.0108	0.0159	0.0108	0.0108	0.011	0.0108	0.0108	0.1234	0.0196	0.0108	0.0108	0.0108	0.0108	0.0108	0.0111	0.0108	0.0108	0	0.0108	0.0149	0.0108
  s	0.0242	0.0242	0.0242	0.0242	0.0242	0.0237	0.0242	0.0356	0.0242	0.0241	0.0242	0.0242	0.0242	0.0242	0.0288	0.0242	0.0242	0.0242	0.0242	0.0242	0.0242	0.0242	0.0242	0.0242	0.0242	0.0242	0.0242	0.0242	0.0241	0.0242	0.0242	0.0242	0.0242	0.0242	0.0242	0.0242	0.0242	0.0242	0.0242	0.0237	0.0242	0.0242	0.0601	0.0242	0.0242	0.0242	0.0241	0.0242	0.0242	0.0242	0	0.0242	0.0242
  t	0.0123	0.0176	0.0123	0.0152	0.0159	0.0221	0.0123	0.0155	0.0123	0.0124	0.0123	0.0178	0.0136	0.0123	0.0123	0.0191	0.0123	0.0123	0.0123	0.0123	0.0123	0.0123	0.0144	0.0123	0.0123	0.0123	0.0123	0.0123	0.0124	0.0123	0.015	0.0143	0.0123	0.0123	0.0123	0.0123	0.0123	0.0123	0.0123	0.0889	0.0124	0.0123	0.0123	0.0123	0.0123	0.0123	0.0159	0.0123	0.0123	0.017	0.0123	0	0.0123
  u	0.0245	0.0246	0.0246	0.0245	0.0245	0.024	0.0245	0.0283	0.0246	0.0245	0.0245	0.0246	0.0245	0.0245	0.0245	0.0245	0.0245	0.0246	0.0246	0.0245	0.0245	0.0245	0.0245	0.0245	0.0245	0.0245	0.0246	0.0246	0.0245	0.0245	0.0246	0.0246	0.0246	0.0246	0.0245	0.0245	0.0246	0.0246	0.0245	0.0241	0.0245	0.0246	0.0245	0.0245	0.0246	0.0245	0.0326	0.0245	0.0246	0.0245	0.0245	0.0246	0
