{
  "generated_by": {
    "program": "augur",
    "version": "13.1.0"
  },
  "models": {
    "country": {
      "alphabet": [
        "Argentina",
        "Australia",
        "Austria",
        "Azerbaijan",
        "Belgium",
        "Brazil",
        "British Virgin Islands",
        "Bulgaria",
        "Canada",
        "Central African Republic",
        "China",
        "Colombia",
        "Cyprus",
        "Czech Republic",
        "Democratic Republic of the Congo",
        "Egypt",
        "France",
        "Germany",
        "Greece",
        "Hungary",
        "India",
        "Iran",
        "Israel",
        "Italy",
        "Kenya",
        "Madagascar",
        "Mexico",
        "Morocco",
        "Namibia",
        "Netherlands",
        "Niger",
        "Nigeria",
        "Portugal",
        "Romania",
        "Russia",
        "Senegal",
        "Serbia",
        "Slovakia",
        "Slovenia",
        "South Africa",
        "Spain",
        "Tunisia",
        "Turkey",
        "USA",
        "Uganda",
        "Ukraine",
        "United Arab Emirates",
        "Zambia",
        "?"
      ],
      "equilibrium_probabilities": [
        0.019818395672063668,
        0.02201917270381548,
        0.019196704143755915,
        0.020955553432385688,
        0.021256750793766054,
        0.019497034662773357,
        0.02018743834299295,
        0.02151754875875425,
        0.012867920705168654,
        0.02094934479247518,
        0.020894378515573485,
        0.020199194532366363,
        0.021495704053047893,
        0.021580121461629624,
        0.02099096420025527,
        0.020861088910515052,
        0.02036027858964577,
        0.021773043302398088,
        0.021878389986487806,
        0.02117388832249045,
        0.021750134780051035,
        0.020672502256545596,
        0.02029873718489353,
        0.021955300042246047,
        0.020122294518975948,
        0.02162481289253516,
        0.017754471405314526,
        0.02069507528443576,
        0.021020836812809748,
        0.021141797280496543,
        0.020930224490801765,
        0.020709280991561503,
        0.021032110532625804,
        0.020173445738326995,
        0.021156938268001444,
        0.023780403887760676,
        0.021904439752315007,
        0.021678899097091028,
        0.021426275191383615,
        0.021394568631206135,
        0.020503212892796448,
        0.021024296272191313,
        0.02133147978695824,
        0.02209433176848919,
        0.020880118989343235,
        0.0207820018291813,
        0.0213163971430681,
        0.021372696396233303
      ],
      "rate": 55.680772896179235,
      "transition_matrix": [
        [
          0.0,
          0.9753389562510579,
          0.9758375299867342,
          0.9704522551292799,
          0.9677905177147109,
          0.9674017109056496,
          0.96757274910126,
          0.9678244832224445,
          0.9664487107023845,
          0.974057725585073,
          0.9708971995463173,
          0.9675357030870022,
          0.9721165096250673,
          0.9677622232653333,
          0.9682915714209306,
          0.9685966323028438,
          0.9675135118924285,
          0.9669026828516872,
          0.9675286398284729,
          1.466236626511723,
          0.9825611544872811,
          0.9677945900080084,
          1.4663508195873014,
          0.9678950592394064,
          0.9709292434825776,
          0.9787817225739698,
          0.9670703116776337,
          0.9679135367981738,
          0.9694486693434666,
          0.9676794177762752,
          0.9682818023899835,
          0.9718159713234235,
          0.9679680271981645,
          0.9687026739829526,
          1.302517268128441,
          0.9895083071071431,
          0.967808317005592,
          0.9678057118151916,
          0.9677398900726677,
          0.9761342760877213,
          0.9704709523355369,
          1.1518107510847357,
          0.9685315283949816,
          1.4597338684721701,
          0.9682283926051316,
          0.9678350871920116,
          0.9679338736367343,
          0.967911351309905
        ],
        [
          0.9753389562510579,
          0.0,
          0.9824819917391721,
          0.9834317551702083,
          0.9738787548816963,
          0.97298871272962,
          0.9733520125851041,
          0.9739841141553881,
          0.9702063121000595,
          0.9767464561947864,
          0.9749403842964999,
          0.9733150399738266,
          0.978543990244177,
          0.9739455872788103,
          0.9742772790025664,
          0.9765429930883996,
          0.9734456161156271,
          0.9730658352867566,
          0.9736036933689923,
          0.9744470833156597,
          0.9942170944088309,
          0.9742444682527742,
          0.981778268164592,
          0.973396541042927,
          0.9757803689906485,
          0.98568358300152,
          0.9721767774126667,
          0.9739749443254633,
          0.9754709728971095,
          0.9737129245145465,
          0.9743015583340203,
          0.9786037360565255,
          0.9746018014132581,
          0.9757275995537119,
          1.1038528998960313,
          1.0009528530136094,
          0.9739616109289188,
          0.9740135123156006,
          0.9738752115148198,
          0.9828514367121705,
          0.9754922446822492,
          0.9758423611453226,
          0.9743477776561851,
          0.9683804463596896,
          0.9741215279150491,
          0.9736669978372813,
          0.9740638938380176,
          0.9740149552385966
        ],
        [
          0.9758375299867342,
          0.9824819917391721,
          0.0,
          0.9767071777227726,
          0.9757567057124841,
          0.9745060972163357,
          0.9749055684727431,
          0.975913452121668,
          0.9712870629586885,
          0.9762162729550925,
          0.9758044441824945,
          0.9748754886894105,
          0.979711955724222,
          2.430134025455028,
          0.9758103199034478,
          0.9760918817852267,
          0.9750463615947449,
          4.0718225564425685,
          1.0845679822155445,
          1.2174524115340506,
          0.9848264876126771,
          0.9754085277601406,
          0.9766709168095749,
          1.938101551773485,
          0.9757587094870104,
          0.9859867727549964,
          0.9735873468775786,
          0.9754885877753853,
          0.9768814347102913,
          1.4561019851274517,
          0.9756741320316331,
          0.9764148513522529,
          0.9756857598174216,
          0.9760168458054962,
          1.0247961379621882,
          0.9952866249539527,
          2.3020031498239546,
          2.425516684444184,
          1.4574543233437114,
          0.9835414003043873,
          0.9757098610641128,
          0.9764607423492343,
          0.975727708771357,
          0.9708286952263678,
          0.9756207728669861,
          0.9751599854001829,
          0.9756765649997822,
          0.9756214490417243
        ],
        [
          0.9704522551292799,
          0.9834317551702083,
          0.9767071777227726,
          0.0,
          0.968304075608396,
          0.9678425467883,
          0.968045924715592,
          0.9683309716666431,
          0.9665507802583883,
          0.9728040772964097,
          0.9687048243542563,
          0.9680067674774827,
          0.9728180583390404,
          0.9682802655913726,
          0.9688170210503975,
          0.9813238477649959,
          0.9680229448083146,
          0.9673803562726304,
          0.9678781703197504,
          0.9689524444816201,
          0.9817509511588013,
          0.9682515569886398,
          1.013929206150388,
          0.9684716241285519,
          0.9715861896192854,
          0.979712366223242,
          0.9674330946793527,
          0.9683750013090899,
          0.9700163842371564,
          0.968185348662986,
          0.9688381141946181,
          0.9775819306662217,
          0.9708739350461095,
          0.9690646260370323,
          1.449894687687902,
          0.9950033133493607,
          0.9680916917717217,
          0.9683263259035065,
          0.968254049911481,
          0.9768290795451083,
          0.9705909939930185,
          0.970506125092233,
          0.9688145477794946,
          0.9627238575715151,
          0.9687504329196458,
          0.9683645011616459,
          0.9684635034778205,
          0.9684400192607655
        ],
        [
          0.9677905177147109,
          0.9738787548816963,
          0.9757567057124841,
          0.968304075608396,
          0.0,
          0.9670988887245262,
          0.9672807345024516,
          0.9676567584777302,
          0.966019790602505,
          0.9678890126937786,
          0.9674074391307615,
          0.9672404309585855,
          0.9721430816377982,
          0.9674645538674765,
          0.9680566602584718,
          0.9677647853500237,
          0.9671952718482408,
          0.9665349584763974,
          1.2503468892866128,
          0.9679008683814592,
          0.9766343306873437,
          0.9673393352448182,
          0.9682236198265639,
          0.9651910715377914,
          0.9677902097992175,
          0.9793518187065853,
          0.9667455622231845,
          0.9674022198205137,
          0.9693113816442723,
          0.967387927288115,
          0.9680506259929056,
          0.9682553812167738,
          0.9674865712078168,
          0.967385256842632,
          0.9834562563627428,
          0.9866065124151241,
          1.2272310390051357,
          1.0672234591663405,
          0.9676043294601305,
          0.9762962276627971,
          0.9673087855428598,
          0.9679975068537637,
          0.967576296816343,
          0.9616695658511868,
          0.9679882980542298,
          0.9675732726480656,
          0.9676291440212629,
          0.9676126567974483
        ],
        [
          0.9674017109056496,
          0.97298871272962,
          0.9745060972163357,
          0.9678425467883,
          0.9670988887245262,
          0.0,
          0.9669099980201369,
          0.9671111427487583,
          0.9658983159153919,
          0.9674604837684804,
          0.9670159420665548,
          0.9668733164782554,
          0.9713736433033724,
          0.967061127196099,
          0.9676124211219782,
          0.967345237097615,
          0.9668229087451491,
          0.9662053372647769,
          0.9666715604769525,
          0.9672878920257926,
          0.9755304301767119,
          0.9669547168835672,
          0.9677856502080086,
          0.9649766574896609,
          0.9673751544436381,
          0.9780278131703757,
          0.9674415220441931,
          0.9670112087755933,
          0.9687701774521675,
          0.9669943257868131,
          0.9676097360457853,
          0.9678004075067221,
          0.9670868945625086,
          0.9670015425626846,
          0.9818193606884148,
          0.9847130893388298,
          0.9668500538052506,
          0.9671019578851013,
          0.9670432187959155,
          0.9752059785479393,
          0.966928799073176,
          0.9675687533083421,
          0.9671669908807605,
          1.9221393087871563,
          0.967549957317252,
          0.9671697732001636,
          0.9672153166798616,
          0.9672001080582219
        ],
        [
          0.96757274910126,
          0.9733520125851041,
          0.9749055684727431,
          0.968045924715592,
          0.9672807345024516,
          0.9669099980201369,
          0.0,
          0.9672944537518062,
          0.9685674193486729,
          0.967651509039015,
          0.9671929901358677,
          0.9670387631774364,
          0.9716937577057022,
          0.9672431389383004,
          0.9678092204931575,
          0.9675326663523007,
          0.9669912621142458,
          0.9663575491990477,
          0.9668407369318268,
          0.9674689221779691,
          0.9759746730307389,
          0.9671288023556264,
          0.9679775530250486,
          0.9650843436539538,
          0.9675604037600817,
          0.9785554360286713,
          0.9665882797347486,
          0.96718730684028,
          0.9690033825784193,
          0.967172130264395,
          0.9678053430377994,
          0.9680012716600644,
          0.9672668675052075,
          0.9671746329533403,
          0.9824530388313701,
          0.9854532032245086,
          0.9670254129506267,
          0.9672856037193752,
          0.96722395896029,
          0.9756450335722997,
          0.9671004845834523,
          0.9677587091865232,
          0.9673510131351633,
          1.4400828926206906,
          0.96774475055871,
          0.9673513009344222,
          0.9674009254214148,
          0.9673854236064073
        ],
        [
          0.9678244832224445,
          0.9739841141553881,
          0.975913452121668,
          0.9683309716666431,
          0.9676567584777302,
          0.9671111427487583,
          0.9672944537518062,
          0.0,
          0.9660261048596002,
          0.9679103116583213,
          0.96742198939921,
          0.9672536490320995,
          0.9722226107869842,
          0.9674792130490238,
          0.9680801153723725,
          0.9677842353348685,
          0.9672079100299021,
          0.9665404229025784,
          1.4469364948376993,
          0.9840746051593012,
          0.9767773573638135,
          0.9673531778018687,
          0.96825054407128,
          0.9651784683708536,
          0.9678106613592072,
          0.9795325706375316,
          0.966755393624559,
          0.9674170799103528,
          0.9693525453054237,
          0.96740197678784,
          0.9680739310945032,
          0.9682816928288599,
          0.9675021094510666,
          0.9674003027647305,
          0.9837115764635102,
          0.9868886176926122,
          1.638225557263991,
          0.9676484751777169,
          0.9674960427927874,
          0.9764407195425414,
          0.9673229039535981,
          0.9680266789347329,
          0.9675927092036668,
          0.9616142860314901,
          0.968010983334051,
          0.9675900235908693,
          0.9676463228939337,
          0.9676294786200783
        ],
        [
          0.9664487107023845,
          0.9702063121000595,
          0.9712870629586885,
          0.9665507802583883,
          0.966019790602505,
          0.9658983159153919,
          0.9685674193486729,
          0.9660261048596002,
          0.0,
          0.9662864947341876,
          0.9659720222486197,
          0.9659265693451866,
          0.9689878686452077,
          0.9659902907165586,
          0.9663831159397481,
          0.9662014745890299,
          0.9658444813581849,
          0.965424921595296,
          0.9657328725606591,
          0.9662308905408394,
          0.9719660154420265,
          0.9659320917776326,
          0.9665906297992566,
          0.964628663329361,
          0.9662310344686734,
          0.9736677151448841,
          0.9657952134243036,
          0.965969723515358,
          0.9671960440008457,
          0.9659500732078433,
          0.9663897732122282,
          0.9665252502284934,
          0.9660189622851819,
          0.9659730655992693,
          0.976475728544428,
          0.9783947223273117,
          0.9658529860529586,
          0.9660187728279592,
          0.965979739396617,
          0.9716913903283722,
          0.9659242228005662,
          0.9664200573488849,
          0.9660697597120594,
          11.087428562783622,
          0.9663370280141901,
          0.9660795878920186,
          0.9661024712982584,
          0.966091778840336
        ],
        [
          0.974057725585073,
          0.9767464561947864,
          0.9762162729550925,
          0.9728040772964097,
          0.9678890126937786,
          0.9674604837684804,
          0.967651509039015,
          0.9679103116583213,
          0.9662864947341876,
          0.0,
          0.9695735990513163,
          0.9676120761809952,
          0.9736479974962029,
          0.967859223926703,
          0.968567534384624,
          0.9690895101784945,
          0.9676140275507403,
          0.9669537033078732,
          0.9674534585291525,
          0.9696190320178213,
          0.9807372247019629,
          0.9678973827233796,
          0.9728188886840403,
          0.9702071239715279,
          0.9742430647696162,
          0.9811354773952092,
          0.967082387329211,
          0.9681073077392269,
          0.970158800530308,
          0.9677737450871763,
          0.9684121843333473,
          0.9758626476797878,
          0.9681252619905056,
          0.9694605825880996,
          1.4229799026032868,
          0.9942855517076472,
          0.9676636094277596,
          0.9679032829367585,
          0.9678358651704789,
          1.4627144873590017,
          0.9739039057528444,
          0.9741569896375392,
          1.450908848484799,
          0.962313319400723,
          0.9685545643655139,
          0.9680039696911574,
          0.9680589228819911,
          0.9680992927053468
        ],
        [
          0.9708971995463173,
          0.9749403842964999,
          0.9758044441824945,
          0.9687048243542563,
          0.9674074391307615,
          0.9670159420665548,
          0.9671929901358677,
          0.96742198939921,
          0.9659720222486197,
          0.9695735990513163,
          0.0,
          0.967153356862139,
          0.9718843619664986,
          0.967370542566055,
          0.9679379108702788,
          0.9678590798344373,
          0.9671170047966369,
          0.9664562191078018,
          0.9669560704848081,
          0.9684442020830033,
          0.9906553004795895,
          0.9673104163039475,
          0.968772677679853,
          0.9658109801202374,
          0.9685471976724371,
          0.9787784116229464,
          0.9666729545546706,
          0.967372886453954,
          0.9691386321698269,
          0.9672960797604334,
          0.9679369608444477,
          0.9691969942242482,
          0.9674710771593724,
          0.967545111464376,
          1.4684535313620708,
          0.9871029718057881,
          0.9671502165006508,
          0.9674128431389303,
          0.96735037102631,
          0.9758560351301494,
          0.9679717228189576,
          0.9709998537192787,
          0.9677091699290071,
          0.9617421182907215,
          0.967875022828232,
          0.9674748818022357,
          0.9675424604432092,
          0.9675240124821379
        ],
        [
          0.9675357030870022,
          0.9733150399738266,
          0.9748754886894105,
          0.9680067674774827,
          0.9672404309585855,
          0.9668733164782554,
          0.9670387631774364,
          0.9672536490320995,
          0.9659265693451866,
          0.9676120761809952,
          0.967153356862139,
          0.0,
          0.9716560227925701,
          0.9672021783390791,
          0.9677698248576628,
          0.9674933295174464,
          0.9669525818948147,
          0.9663157734326409,
          0.966798984725992,
          0.9674289311543611,
          0.9759401750435516,
          0.9670895760458204,
          0.9679407595707534,
          0.9650416261498641,
          0.9675225005741402,
          0.9785227602691484,
          0.9665553212368029,
          0.9671480705256261,
          0.968964789241781,
          0.9671319941977883,
          0.9677661110032283,
          0.9679625410933286,
          0.9672270184138847,
          0.9671364319853537,
          0.9824240562664291,
          0.9854218348865421,
          0.9669837263773342,
          0.9672444775519129,
          0.9671832901018156,
          0.9756104466816284,
          0.9670616025283901,
          0.9677191844197068,
          0.9673106189705594,
          1.4423875914918074,
          0.9677054872429899,
          0.9673119947110499,
          0.9673605917824847,
          0.967344971392711
        ],
        [
          0.9721165096250673,
          0.978543990244177,
          0.979711955724222,
          0.9728180583390404,
          0.9721430816377982,
          0.9713736433033724,
          0.9716937577057022,
          0.9722226107869842,
          0.9689878686452077,
          0.9736479974962029,
          0.9718843619664986,
          0.9716560227925701,
          0.0,
          0.9721680474540945,
          0.9776464351629622,
          0.972261135526591,
          0.9716974724646462,
          0.9712625418838111,
          0.971826008747747,
          0.9735489745046003,
          0.9812219300618502,
          0.973080359754803,
          0.9730813793622345,
          0.9736548198163812,
          1.399032403730019,
          1.0165139059760848,
          0.9706709946996396,
          0.9723820371676632,
          1.0178540668081888,
          0.971990166902837,
          0.9725179584804565,
          0.9726856537374188,
          0.9720559656422935,
          0.9719271291443288,
          1.001054836939469,
          1.0028641647030918,
          0.9721069551867257,
          0.9722323453117371,
          0.9721192915969743,
          1.3174064216094035,
          0.9718393433631783,
          0.9725430883779831,
          0.9722242064050571,
          0.9664911882332976,
          0.9756735988169172,
          0.9723587244888862,
          1.063421340687102,
          0.9786652536131257
        ],
        [
          0.9677622232653333,
          0.9739455872788103,
          2.430134025455028,
          0.9682802655913726,
          0.9674645538674765,
          0.967061127196099,
          0.9672431389383004,
          0.9674792130490238,
          0.9659902907165586,
          0.967859223926703,
          0.967370542566055,
          0.9672021783390791,
          0.9721680474540945,
          0.0,
          0.9680271937897283,
          0.9677327612422403,
          0.9671559229297579,
          1.4519566052282196,
          0.9670304447372963,
          0.9677379902050535,
          0.976738825131723,
          0.9673022575499628,
          0.9682006987797555,
          0.9651398773395926,
          0.9677628858155249,
          0.9794778142302546,
          0.9667089861433535,
          0.9673646990400643,
          0.9692990099651392,
          0.9684666389944921,
          0.968024008880265,
          0.9682323633471168,
          0.9674492937449272,
          0.9673515733667878,
          0.9853150458377796,
          0.9869611770850538,
          0.9673171118308783,
          0.9677731923763302,
          0.9679877068647512,
          0.9763776418615119,
          0.9672719793540108,
          0.9679681000303579,
          0.9675389919534982,
          0.9615403079647339,
          0.9679590813323595,
          0.9675388818393286,
          0.9675920877572509,
          0.9675755029919135
        ],
        [
          0.9682915714209306,
          0.9742772790025664,
          0.9758103199034478,
          0.9688170210503975,
          0.9680566602584718,
          0.9676124211219782,
          0.9678092204931575,
          0.9680801153723725,
          0.9663831159397481,
          0.968567534384624,
          0.9679379108702788,
          0.9677698248576628,
          0.9776464351629622,
          0.9680271937897283,
          0.0,
          0.9682904354790983,
          0.9677346742753469,
          0.9671108080566939,
          0.9676210904283378,
          0.9687611962780901,
          0.9769856289989073,
          0.9688677339138573,
          0.9687269288421831,
          0.9657928438364853,
          0.9683263809133563,
          1.0047712980660872,
          0.9672197854314366,
          0.9679425791760862,
          0.9718837090715896,
          0.9679387753868276,
          0.9685681097417507,
          0.9687558622093143,
          0.9680289135034565,
          0.9679054439128153,
          0.9836674269697091,
          0.9871537233735503,
          0.9678275749830384,
          0.9680733587561586,
          0.9680033335950046,
          1.4760508098620877,
          0.9678342615471823,
          0.9685235016547448,
          0.9681275495909285,
          0.9623304115958001,
          0.9737462381267282,
          0.9683829456487906,
          0.9681939059663416,
          0.9683435794000806
        ],
        [
          0.9685966323028438,
          0.9765429930883996,
          0.9760918817852267,
          0.9813238477649959,
          0.9677647853500237,
          0.967345237097615,
          0.9675326663523007,
          0.9677842353348685,
          0.9662014745890299,
          0.9690895101784945,
          0.9678590798344373,
          0.9674933295174464,
          0.972261135526591,
          0.9677327612422403,
          0.9682904354790983,
          0.0,
          0.967465265684611,
          0.9668229879565722,
          0.967322328376907,
          0.9681164963621773,
          1.1527278629864466,
          0.9677120217521137,
          1.0106327293920414,
          0.966163035247722,
          0.9687511361718112,
          0.9792036660767028,
          0.9669757337204906,
          0.9677305883336804,
          0.96949593424658,
          0.9676503304862596,
          0.9682896061656106,
          0.9703704912109432,
          1.3538484454445452,
          0.9679818636713432,
          1.469128166462004,
          0.988358673508575,
          0.9675214815581101,
          0.9677768959553262,
          0.967710317788607,
          0.9762734480775233,
          0.9681595738559631,
          0.9687742788641794,
          0.9679730993811821,
          0.9620988346916884,
          0.96822252696594,
          0.9678210934724681,
          0.9679003852757647,
          0.9678810647656544
        ],
        [
          0.9675135118924285,
          0.9734456161156271,
          0.9750463615947449,
          0.9680229448083146,
          0.9671952718482408,
          0.9668229087451491,
          0.9669912621142458,
          0.9672079100299021,
          0.9658444813581849,
          0.9676140275507403,
          0.9671170047966369,
          0.9669525818948147,
          0.9716974724646462,
          0.9671559229297579,
          0.9677346742753469,
          0.967465265684611,
          0.0,
          0.9662790561790014,
          0.966748584152503,
          0.9673889271006315,
          0.9760817288862624,
          0.9670476356177312,
          0.9682934211238259,
          2.905342999638319,
          0.9680174554373481,
          0.9786661826852417,
          0.9664990922710108,
          0.9684203980080178,
          0.9689501369654223,
          0.9670860814821816,
          0.9677331228080646,
          0.9679775409890883,
          0.9676894732511654,
          0.9671722011782942,
          0.9834912332890439,
          0.9857744050946238,
          0.9669358582869055,
          0.9671986752942754,
          0.9671369076048177,
          0.9757071801027015,
          0.9678636035263949,
          0.9677002156948458,
          0.9672726960517466,
          0.9616036243528894,
          0.967668949445491,
          0.967270714947472,
          0.9673355192223104,
          0.9673161277161418
        ],
        [
          0.9669026828516872,
          0.9730658352867566,
          4.0718225564425685,
          0.9673803562726304,
          0.9665349584763974,
          0.9662053372647769,
          0.9663575491990477,
          0.9665404229025784,
          0.965424921595296,
          0.9669537033078732,
          0.9664562191078018,
          0.9663157734326409,
          0.9712625418838111,
          1.4519566052282196,
          0.9671108080566939,
          0.9668229879565722,
          0.9662790561790014,
          0.0,
          0.9661940398230816,
          0.9670897618466595,
          0.9758814360654723,
          0.9663957708691592,
          0.9673682832528644,
          1.4463032266224145,
          0.9669582699724868,
          0.9786226069380706,
          0.9659291031401173,
          0.9665036338051666,
          0.968390016810126,
          0.9670461715853439,
          0.9671121544813053,
          0.9673421530630417,
          0.966532962616129,
          0.9664855184068293,
          0.9860779245731308,
          0.9861880907146717,
          0.9876222363407661,
          0.9669248651059644,
          0.966682697434054,
          0.9755021290354116,
          0.9663997354685935,
          0.9670556250222314,
          0.9666055073621083,
          0.9605307318766846,
          0.9670466635468082,
          0.9666280520820021,
          0.9666621567134589,
          0.9666422147677681
        ],
        [
          0.9675286398284729,
          0.9736036933689923,
          1.0845679822155445,
          0.9678781703197504,
          1.2503468892866128,
          0.9666715604769525,
          0.9668407369318268,
          1.4469364948376993,
          0.9657328725606591,
          0.9674534585291525,
          0.9669560704848081,
          0.966798984725992,
          0.971826008747747,
          0.9670304447372963,
          0.9676210904283378,
          0.967322328376907,
          0.966748584152503,
          0.9661940398230816,
          0.0,
          1.3214085120636365,
          0.9764551276622215,
          0.9668891592918377,
          0.9678157699203734,
          0.9646737451555268,
          0.9673697253137761,
          0.9792652134243757,
          0.9663531861593422,
          0.9669528296023162,
          0.9689164085038061,
          0.9669381800428792,
          0.9676151394403336,
          0.967834741075063,
          0.9670309198903556,
          0.9669497883312003,
          0.9838649248762434,
          0.9867082608693246,
          3.26360776927288,
          1.1080910633072985,
          0.9672961769341338,
          0.9761565242492873,
          0.9668650866846232,
          0.9676569554163368,
          0.9671161381272636,
          0.961031634479145,
          0.9675586183278397,
          0.9671270367677249,
          0.9671701196229828,
          0.9671518147983478
        ],
        [
          1.466236626511723,
          0.9744470833156597,
          1.2174524115340506,
          0.9689524444816201,
          0.9679008683814592,
          0.9672878920257926,
          0.9674689221779691,
          0.9840746051593012,
          0.9662308905408394,
          0.9696190320178213,
          0.9684442020830033,
          0.9674289311543611,
          0.9735489745046003,
          0.9677379902050535,
          0.9687611962780901,
          0.9681164963621773,
          0.9673889271006315,
          0.9670897618466595,
          1.3214085120636365,
          0.0,
          0.9784228518006598,
          0.9677447641221743,
          0.9736478018271822,
          0.9660202082653239,
          0.9687091720250159,
          0.9813967339337899,
          0.9669369859727515,
          0.9676435261372975,
          0.9714860701473692,
          0.9676029855617538,
          0.9682234195672823,
          0.9692697453889837,
          0.9677394023677873,
          0.9678940997856882,
          1.0767355531950762,
          0.9878733769251475,
          2.3711534242194996,
          0.9679531483405848,
          0.9676954476963227,
          1.4606332169189509,
          0.9682198953469604,
          1.0173042162308947,
          0.9679391929375996,
          0.972098553283063,
          0.9732458718871535,
          0.9680328946030514,
          0.9678255128480767,
          0.9678906738729679
        ],
        [
          0.9825611544872811,
          0.9942170944088309,
          0.9848264876126771,
          0.9817509511588013,
          0.9766343306873437,
          0.9755304301767119,
          0.9759746730307389,
          0.9767773573638135,
          0.9719660154420265,
          0.9807372247019629,
          0.9906553004795895,
          0.9759401750435516,
          0.9812219300618502,
          0.976738825131723,
          0.9769856289989073,
          1.1527278629864466,
          0.9760817288862624,
          0.9758814360654723,
          0.9764551276622215,
          0.9784228518006598,
          0.0,
          0.9763675161509435,
          0.9959384703004437,
          0.976369081131471,
          0.9783504356608005,
          0.9880066457726359,
          0.974511530439523,
          0.976535033759169,
          0.9781488100688489,
          0.9764488597504101,
          0.9770308102730582,
          0.9799371865053849,
          1.0194298022436308,
          0.9769564906623652,
          1.7791800833568194,
          1.0024033072998118,
          0.9768469865458907,
          0.9768156463889299,
          0.9766537278971981,
          0.9854179946426126,
          0.9781418735509908,
          0.9831458941213563,
          0.9772512343676152,
          0.971436214725391,
          0.97681892402397,
          0.9763311204703362,
          0.9768324306858048,
          0.9767937362806453
        ],
        [
          0.9677945900080084,
          0.9742444682527742,
          0.9754085277601406,
          0.9682515569886398,
          0.9673393352448182,
          0.9669547168835672,
          0.9671288023556264,
          0.9673531778018687,
          0.9659320917776326,
          0.9678973827233796,
          0.9673104163039475,
          0.9670895760458204,
          0.973080359754803,
          0.9673022575499628,
          0.9688677339138573,
          0.9677120217521137,
          0.9670476356177312,
          0.9663957708691592,
          0.9668891592918377,
          0.9677447641221743,
          0.9763675161509435,
          0.0,
          0.9681805431932455,
          0.9658041670640526,
          0.967757754180254,
          0.9808795360510472,
          0.9666180763466776,
          0.9672706225308683,
          0.9696891708215172,
          0.9672292661155645,
          0.9678620167324138,
          0.9682430275977184,
          0.9673795729718161,
          1.2557030045612791,
          1.3242444638508521,
          0.9859546428463448,
          0.9670798109636515,
          0.9673439437240314,
          0.9672825782444326,
          1.4490894806109855,
          0.9672355415948406,
          0.9679917935087802,
          0.9674541764148503,
          0.9616728811729187,
          0.9694637193710912,
          0.967524848046975,
          0.9674676394666252,
          0.9675294215670639
        ],
        [
          1.4663508195873014,
          0.981778268164592,
          0.9766709168095749,
          1.013929206150388,
          0.9682236198265639,
          0.9677856502080086,
          0.9679775530250486,
          0.96825054407128,
          0.9665906297992566,
          0.9728188886840403,
          0.968772677679853,
          0.9679407595707534,
          0.9730813793622345,
          0.9682006987797555,
          0.9687269288421831,
          1.0106327293920414,
          0.9682934211238259,
          0.9673682832528644,
          0.9678157699203734,
          0.9736478018271822,
          0.9959384703004437,
          0.9681805431932455,
          0.0,
          1.340783880685557,
          1.0287395812738391,
          0.9794068457605504,
          0.9674011588420801,
          1.0320788564419734,
          0.9699041947563568,
          0.9681078844460685,
          0.9687428576541678,
          0.9761318026573826,
          0.9799171451041366,
          0.9714857878039919,
          1.589374077160866,
          0.9946103098097973,
          0.968025135398389,
          0.9682462203895839,
          0.9681749198945362,
          0.976581459631276,
          0.9719046676888552,
          0.972430603922767,
          0.9688004663622672,
          1.4584063571212618,
          0.9686594375565277,
          0.9682781037042458,
          0.9688246397193079,
          0.9686600174841639
        ],
        [
          0.9678950592394064,
          0.973396541042927,
          1.938101551773485,
          0.9684716241285519,
          0.9651910715377914,
          0.9649766574896609,
          0.9650843436539538,
          0.9651784683708536,
          0.964628663329361,
          0.9702071239715279,
          0.9658109801202374,
          0.9650416261498641,
          0.9736548198163812,
          0.9651398773395926,
          0.9657928438364853,
          0.966163035247722,
          2.905342999638319,
          1.4463032266224145,
          0.9646737451555268,
          0.9660202082653239,
          0.976369081131471,
          0.9658041670640526,
          1.340783880685557,
          0.0,
          1.2576390379266649,
          0.9774514287464682,
          0.964813235780007,
          1.8267233169472163,
          0.9670882134073281,
          0.9650919941130821,
          0.9658133476459766,
          0.9700784472084699,
          1.4478495475115103,
          1.47580177816057,
          1.2866703481238324,
          0.9979100992241908,
          0.9649088477501028,
          0.9651715625435208,
          0.9651185550811409,
          0.9743512540552337,
          2.426631684161319,
          0.9678434922760526,
          0.9657845162067885,
          0.9592192109897256,
          0.9657374039049498,
          0.9653287171722378,
          0.9690510023560135,
          0.9678618835788337
        ],
        [
          0.9709292434825776,
          0.9757803689906485,
          0.9757587094870104,
          0.9715861896192854,
          0.9677902097992175,
          0.9673751544436381,
          0.9675604037600817,
          0.9678106613592072,
          0.9662310344686734,
          0.9742430647696162,
          0.9685471976724371,
          0.9675225005741402,
          1.399032403730019,
          0.9677628858155249,
          0.9683263809133563,
          0.9687511361718112,
          0.9680174554373481,
          0.9669582699724868,
          0.9673697253137761,
          0.9687091720250159,
          0.9783504356608005,
          0.967757754180254,
          1.0287395812738391,
          1.2576390379266649,
          0.0,
          0.978972860485691,
          0.9670076997743473,
          1.0314296898348827,
          0.969658298669816,
          0.967680077058231,
          0.9685155016443352,
          0.9738465844498277,
          0.9680438535504059,
          1.0030241923926175,
          1.4394246455754447,
          1.473735010110903,
          0.967565120369583,
          0.9678046118993732,
          0.9677400366783757,
          0.9770119157378013,
          0.9835367905896664,
          0.9710120391951295,
          0.9685500593608429,
          0.9623964707015784,
          0.9683875581079677,
          0.9679418494190287,
          1.3962055336878347,
          1.4570854272967988
        ],
        [
          0.9787817225739698,
          0.98568358300152,
          0.9859867727549964,
          0.979712366223242,
          0.9793518187065853,
          0.9780278131703757,
          0.9785554360286713,
          0.9795325706375316,
          0.9736677151448841,
          0.9811354773952092,
          0.9787784116229464,
          0.9785227602691484,
          1.0165139059760848,
          0.9794778142302546,
          1.0047712980660872,
          0.9792036660767028,
          0.9786661826852417,
          0.9786226069380706,
          0.9792652134243757,
          0.9813967339337899,
          0.9880066457726359,
          0.9808795360510472,
          0.9794068457605504,
          0.9774514287464682,
          0.978972860485691,
          0.0,
          0.9767976300459869,
          0.9789652839914991,
          0.9950514474388285,
          0.9791398001319066,
          0.9794701713493781,
          0.9794914564729756,
          0.979131557759252,
          0.9783493734156543,
          0.994748964421377,
          1.001268101139406,
          0.9796893918897984,
          0.979569309536434,
          0.9793858000451174,
          1.4469718454699985,
          0.9785795932103001,
          0.9795416338693403,
          0.9794245756834804,
          0.9741322771723615,
          0.9865678045847048,
          0.979501022403882,
          0.9796370752370887,
