{
  "generated_by": {
    "program": "augur",
    "version": "13.1.0"
  },
  "models": {
    "country": {
      "alphabet": [
        "Argentina",
        "Australia",
        "Austria",
        "Azerbaijan",
        "Belgium",
        "Brazil",
        "British Virgin Islands",
        "Bulgaria",
        "Canada",
        "Central African Republic",
        "China",
        "Colombia",
        "Cyprus",
        "Czech Republic",
        "Democratic Republic of the Congo",
        "Egypt",
        "France",
        "Germany",
        "Greece",
        "Hungary",
        "India",
        "Iran",
        "Israel",
        "Italy",
        "Kenya",
        "Madagascar",
        "Mexico",
        "Morocco",
        "Namibia",
        "Netherlands",
        "Niger",
        "Nigeria",
        "Romania",
        "Russia",
        "Senegal",
        "Serbia",
        "Slovakia",
        "Slovenia",
        "South Africa",
        "Spain",
        "Tunisia",
        "Turkey",
        "USA",
        "Uganda",
        "Ukraine",
        "United Arab Emirates",
        "Zambia",
        "?"
      ],
      "equilibrium_probabilities": [
        0.019889680304506732,
        0.02224926962569026,
        0.020786344222935158,
        0.021483652989240692,
        0.021822753422021453,
        0.019574922116532195,
        0.01957393471984951,
        0.022107182676750613,
        0.008459493837300297,
        0.021423251035144524,
        0.021375022320094136,
        0.01957219658291744,
        0.02193597050930352,
        0.022520484875318367,
        0.021410499922697487,
        0.021326191778796764,
        0.02145748829887442,
        0.022578898660719122,
        0.02268362770158967,
        0.021764551165213315,
        0.021865700124931813,
        0.021097096439349847,
        0.019268924457321507,
        0.023028537265519275,
        0.021173114211943397,
        0.02177001306633463,
        0.014812927753689548,
        0.02207323900365731,
        0.021387237129134574,
        0.02166303810968802,
        0.02201592396181807,
        0.021371518227943247,
        0.021080647808159148,
        0.02232507869231838,
        0.023900309460382803,
        0.022210565065211327,
        0.022024146371888556,
        0.0220156125701463,
        0.022045653946572014,
        0.022184924898552127,
        0.02154941061127115,
        0.02185574009761269,
        0.026793289224916843,
        0.021303341096707472,
        0.021487851223089383,
        0.021847449137283557,
        0.02185329327906136
      ],
      "rate": 42.76161667687683,
      "transition_matrix": [
        [
          0.0,
          0.9733130219397719,
          0.9755868997796383,
          0.9710151555369881,
          0.9707591213217106,
          0.9705843999282522,
          0.9706151375567266,
          0.9707402499611404,
          0.9699785561741837,
          0.9709630459076295,
          0.9707326103460597,
          0.9711517699732813,
          0.973534047992157,
          0.9765625293074136,
          0.9710499786659842,
          0.9708988752195714,
          0.970591463080693,
          0.969892775037046,
          0.9702508639111369,
          0.9716180259639632,
          0.9749691402605295,
          0.9706446027964052,
          1.4583264533913844,
          0.9699695881156053,
          0.9709317617246742,
          0.9775664542242816,
          0.970260154347212,
          0.9707649672645353,
          0.9717660803508307,
          0.9706754566478389,
          0.9778202230869577,
          0.971267960067479,
          0.9707839143383298,
          0.9811222915797969,
          0.9846290292783395,
          0.9706485778071976,
          0.9706927434473046,
          0.970764204295567,
          0.9779058507962856,
          0.9707240767449731,
          0.9713341875192777,
          0.9708093940118367,
          1.4410643184073293,
          0.9711344641760137,
          0.9708720458627537,
          0.9708292203775388,
          0.9708326987779042
        ],
        [
          0.9733130219397719,
          0.0,
          0.9847298649593784,
          0.979041214884707,
          0.9735144153148422,
          0.9730570664231197,
          0.9730902461566584,
          0.9735364947677942,
          0.9710561706275177,
          0.9756379547414618,
          0.9741963299907187,
          0.9730483094375411,
          0.9810563824357389,
          0.9877021784553615,
          0.9747445564582713,
          0.9759950039888952,
          0.9740219193138808,
          0.9731489160843674,
          0.9730645529781989,
          0.9746086059953362,
          1.1408651240695322,
          0.9743016592248952,
          1.0049128370707303,
          0.9729672406016688,
          0.9748245589011407,
          1.0112385118077183,
          0.9721353487191046,
          0.9737918880340727,
          0.9767355180980002,
          0.9734735939053456,
          0.9851955915727364,
          0.9765356648846191,
          0.9748340652136451,
          1.1559318366273978,
          1.0051192591103295,
          0.9735148721473467,
          0.9736770347525393,
          0.9736135378686194,
          1.0171050997407762,
          0.9745691198930959,
          0.9746638725524482,
          0.9737818413011007,
          0.9615421720543524,
          0.9748740086504974,
          0.9737665554550224,
          0.9736299888238726,
          0.9740285641762672
        ],
        [
          0.9755868997796383,
          0.9847298649593784,
          0.0,
          0.9773104869330067,
          0.9762007559097685,
          0.975416673408273,
          0.9754462617692387,
          0.9763925588408574,
          0.9721329484579773,
          0.9775925105470595,
          0.9768633736240462,
          0.9754088324055572,
          0.9818601812486976,
          2.523207479470187,
          0.9771122070969238,
          0.9770994068138213,
          0.9764769220911744,
          3.9067459514457776,
          1.07369945417633,
          1.1702597013118903,
          0.9914674054159904,
          0.9769644440182856,
          0.9800483634880612,
          1.9494209598978824,
          0.9769663661579961,
          1.000887481311707,
          0.9739516136412107,
          0.9764124052803816,
          0.9787711020438088,
          1.460037793119866,
          0.9871553911698295,
          0.9773692627666177,
          0.9775742617391432,
          1.0957637885557885,
          1.0067812542725019,
          1.3581579529192809,
          2.433148644860821,
          1.4579399404906035,
          1.0086686197387453,
          0.9770898127761868,
          0.977104133346407,
          0.9763714347121115,
          0.9653921868396235,
          0.9774019760196679,
          0.9763780106286962,
          0.9762468953434597,
          0.97666612269649
        ],
        [
          0.9710151555369881,
          0.979041214884707,
          0.9773104869330067,
          0.0,
          0.9711502232296837,
          0.9709280439039559,
          0.9709616767875543,
          0.9711353512862507,
          0.9700812175534166,
          0.973256293667798,
          0.9713050350442419,
          0.9709190178261746,
          0.9744229837739524,
          0.9784414656412644,
          0.9715153524822965,
          0.9805479559034184,
          0.9717087980591717,
          0.9702577294740967,
          0.9706146406542542,
          0.9715753941337679,
          0.9926623462054824,
          0.9711264752297485,
          1.0607466829232457,
          0.9703479668713678,
          0.9726257658744317,
          0.9802358491669261,
          0.9705013690456215,
          0.9712603156135879,
          0.9723524084555625,
          0.9710635694442667,
          0.9790865725707616,
          0.9762732983874889,
          0.9715742149945186,
          1.3805406577164765,
          0.9910547337860879,
          0.9710432418425813,
          0.9710960608688156,
          0.9711627907115469,
          0.9808804387753796,
          0.9721765363252733,
          0.9721720739055426,
          0.9713997687476601,
          0.9590284521029782,
          0.9716069323666866,
          0.9712853544620612,
          0.9712389833579386,
          0.9712648534689345
        ],
        [
          0.9707591213217106,
          0.9735144153148422,
          0.9762007559097685,
          0.9711502232296837,
          0.0,
          0.9707198917024161,
          0.9707541797395179,
          0.9711508619956746,
          0.9699809015231516,
          0.9711054173664054,
          0.970874664290348,
          0.9707106783064325,
          0.9739287699022936,
          0.977208020220535,
          0.9712347755586411,
          0.9710483228204018,
          0.9706915612883821,
          0.9699743062830988,
          1.346268088305834,
          0.9713369991844547,
          0.9752625086377222,
          0.9707913310022682,
          0.9725678057190938,
          0.9700580923256923,
          0.9710576515998467,
          0.9782318831791693,
          0.9703383256378713,
          0.9708955654200813,
          0.9720104060910264,
          0.9708304870632968,
          0.9785838249960377,
          0.9714168895196719,
          0.9709296214034936,
          0.9813568766847988,
          0.9858972563434161,
          0.9711451261687708,
          0.9708509544616658,
          1.2738060096485186,
          0.9786096957417858,
          0.9708628137764358,
          0.9711930027170669,
          0.9709645437853515,
          0.9585086505896204,
          0.9713280045671866,
          0.9710424445984701,
          0.9709969995570013,
          0.9710003382180722
        ],
        [
          0.9705843999282522,
          0.9730570664231197,
          0.975416673408273,
          0.9709280439039559,
          0.9707198917024161,
          0.0,
          0.970580795937547,
          0.970700921516701,
          0.9699629277031674,
          0.970887943234384,
          0.9706803943879024,
          0.9705423246431971,
          0.9734231709855389,
          0.976369200168892,
          0.9710027528585568,
          0.9708365608534985,
          0.9705147541649611,
          0.9698650408390354,
          0.9702178158823969,
          0.9708328353002476,
          0.9746295184184744,
          0.9706064982983571,
          0.9722190392470821,
          0.969938629164676,
          0.9708467608011349,
          0.9772943527141437,
          0.9713287747379507,
          0.9706950104200639,
          0.9717011471264811,
          0.9706377078076335,
          0.9776167235779243,
          0.9711690843963846,
          0.9707319770126918,
          0.9801007249093492,
          0.9841886188707325,
          0.9706094573284281,
          0.9706538749254313,
          0.97072445582685,
          0.9776307382118391,
          0.9706663158354341,
          0.9709663811018266,
          0.9707579697174309,
          1.438834171257681,
          0.9710868129119217,
          0.9708306531912667,
          0.9707867548304409,
          0.9707897671553138
        ],
        [
          0.9706151375567266,
          0.9730902461566584,
          0.9754462617692387,
          0.9709616767875543,
          0.9707541797395179,
          0.970580795937547,
          0.0,
          0.9707356639252078,
          0.9731114886361171,
          0.9709214972493105,
          0.9707139974727363,
          0.9705725774039301,
          0.9734563659571439,
          0.9764015377382129,
          0.9710362442101268,
          0.9708700187580952,
          0.9705484203688204,
          0.9699005040370823,
          0.9702534522748327,
          0.9708669532040926,
          0.9746617721871579,
          0.9706396516416542,
          0.9722480268840195,
          0.9699747789507788,
          0.9708799801651211,
          0.9773255989430506,
          0.9702567424112046,
          0.9707296951832092,
          0.9717341931861422,
          0.9706717739562787,
          0.9776472378018126,
          0.9712024543454346,
          0.9707650678597965,
          0.9801310309768656,
          0.9842186719621326,
          0.9706443610441516,
          0.9706885009044596,
          0.9707590427938113,
          0.977662116198353,
          0.9707011384375968,
          0.9710001296222841,
          0.9707922735979974,
          1.4361745008374422,
          0.9711201488877801,
          0.9708643572658257,
          0.9708210337900751,
          0.9708240513423373
        ],
        [
          0.9707402499611404,
          0.9735364947677942,
          0.9763925588408574,
          0.9711353512862507,
          0.9711508619956746,
          0.970700921516701,
          0.9707356639252078,
          0.0,
          0.9699683974781828,
          0.9710901841628192,
          0.9708558018242739,
          0.9706915875364275,
          0.9739540978775048,
          0.9772834731612429,
          0.9712207596011727,
          0.9710318397186546,
          0.9706699266860166,
          0.9699416855990458,
          1.776580489896803,
          1.0196828362089028,
          0.9753105035429246,
          0.9707716084840227,
          0.9725941177084851,
          0.9700257063036882,
          0.9710420539612736,
          0.9783221103311845,
          0.9703212773641666,
          0.9708755535088744,
          0.972008400155642,
          0.9708099790550442,
          0.9786799472094463,
          0.9714061668255596,
          0.9709121272780009,
          0.9815079407649332,
          0.9861014607712185,
          1.2978928832256746,
          0.97082995030549,
          0.9711329278273448,
          0.9787146840157637,
          0.970842828626707,
          0.9711875822842171,
          0.9709458611599864,
          0.9583235046331972,
          0.9713160485608645,
          0.9710257142482113,
          0.9709786337027118,
          0.970982040434756
        ],
        [
          0.9699785561741837,
          0.9710561706275177,
          0.9721329484579773,
          0.9700812175534166,
          0.9699809015231516,
          0.9699629277031674,
          0.9731114886361171,
          0.9699683974781828,
          0.0,
          0.9700645128907491,
          0.9699702375649487,
          0.9699624701452543,
          0.971192061204697,
          0.9725192424978745,
          0.9701141333209038,
          0.9700407236632976,
          0.9698999661268041,
          0.9696005772409029,
          0.9697522065753331,
          0.9700407407339353,
          0.971753509336742,
          0.9699420498841237,
          0.9707521447271652,
          0.9696271374014616,
          0.9700486709623725,
          0.9729309652288363,
          0.9699313456668629,
          0.9699672189465591,
          0.9704307955868693,
          0.9699463856539042,
          0.9730994748442957,
          0.9701914877492871,
          0.96999870933642,
          0.9742065488332206,
          0.976037374886873,
          0.9699275008334733,
          0.9699485189220561,
          0.9699802881109377,
          0.973077539383793,
          0.9699549903156495,
          0.9701034544800731,
          0.9699986534612166,
          11.370960571245991,
          0.9701517052911238,
          0.9700362794494092,
          0.9700112706071831,
          0.9700126722935692
        ],
        [
          0.9709630459076295,
          0.9756379547414618,
          0.9775925105470595,
          0.973256293667798,
          0.9711054173664054,
          0.970887943234384,
          0.9709214972493105,
          0.9710901841628192,
          0.9700645128907491,
          0.0,
          0.9719262032121214,
          0.9708789392458498,
          0.9751156932716453,
          0.9787259214064696,
          0.9715376977879225,
          0.9718091174798188,
          0.9728938550179064,
          0.9702053500616675,
          0.9705723706745716,
          0.9722506892422647,
          0.9827611059040158,
          0.9711166162321985,
          1.0325279483590242,
          0.9703289558322475,
          0.9749329816629405,
          0.9809591217767109,
          0.9704714352306781,
          0.9713907557055542,
          0.9725902241059433,
          0.9710179797551322,
          0.9794235378878594,
          0.9759818065585216,
          0.9721245494430695,
          1.3732391796954884,
          0.9922778175602562,
          0.9710013421943517,
          0.9710473837927055,
          0.9711164238258779,
          1.4682152254634946,
          0.9748425940007329,
          0.9748048788316426,
          1.4387114751748866,
          0.958998100742496,
          0.9716910069910826,
          0.9712834762719303,
          0.9712042660232,
          0.9712721632761901
        ],
        [
          0.9707326103460597,
          0.9741963299907187,
          0.9768633736240462,
          0.9713050350442419,
          0.970874664290348,
          0.9706803943879024,
          0.9707139974727363,
          0.9708558018242739,
          0.9699702375649487,
          0.9719262032121214,
          0.0,
          0.9706713716991682,
          0.9739393403119717,
          0.977889556079269,
          0.9711993425102836,
          0.9711085526962491,
          0.9708889272062772,
          0.969950806446135,
          0.9703314597031181,
          0.9714607512840442,
          0.9967455152629952,
          0.970806390468049,
          0.9853407212091185,
          0.9700350253317348,
          0.971406636969097,
          0.9787287501036815,
          0.9703125034544551,
          0.9709029102931166,
          0.9719790198825536,
          0.9707867194135951,
          0.9786631683215602,
          0.9718768987475307,
          0.9710317885453358,
          1.4586003750534058,
          0.9868951569766389,
          0.9707596273685559,
          0.9708071541114087,
          0.9708810696905842,
          0.9789660646335003,
          0.9711378034668864,
          0.9726447639037986,
          0.9710415002739043,
          0.9587295869273645,
          0.9712825155451656,
          0.9709937435137178,
          0.9709549040027872,
          0.9709609470165632
        ],
        [
          0.9711517699732813,
          0.9730483094375411,
          0.9754088324055572,
          0.9709190178261746,
          0.9707106783064325,
          0.9705423246431971,
          0.9705725774039301,
          0.9706915875364275,
          0.9699624701452543,
          0.9708789392458498,
          0.9706713716991682,
          0.0,
          0.9734142025115509,
          0.9763604914496696,
          0.9709937502565923,
          0.9708275718557392,
          0.9705057521782022,
          0.9698556400011651,
          0.9702083238399406,
          0.9708236780888975,
          0.9746208765935681,
          0.9705976077089467,
          0.9722114174932359,
          0.9699290433029166,
          0.9708378454797526,
          0.9772858073505221,
          0.9702303797542146,
          0.9706856983872701,
          0.9716922725305761,
          0.9706285559191092,
          0.9776085465500799,
          0.9711601219831106,
          0.9707231003655402,
          0.9800925130431417,
          0.9841805386160277,
          0.9706000944636184,
          0.9706445730873454,
          0.97071516302912,
          0.977622195790213,
          0.9706569879811993,
          0.9709573142644825,
          0.9707487586609083,
          1.440250672321839,
          0.9710778394080214,
          0.9708216027557474,
          0.9707775476186862,
          0.9707805591745113
        ],
        [
          0.973534047992157,
          0.9810563824357389,
          0.9818601812486976,
          0.9744229837739524,
          0.9739287699022936,
          0.9734231709855389,
          0.9734563659571439,
          0.9739540978775048,
          0.971192061204697,
          0.9751156932716453,
          0.9739393403119717,
          0.9734142025115509,
          0.0,
          0.9840549345059495,
          0.9781402437360174,
          0.9742095609236754,
          0.9763707344870103,
          0.973351764832487,
          0.9734965165178678,
          0.9750326111319874,
          0.9852476328755965,
          0.9747258935473392,
          0.978530668320833,
          0.9733722075369426,
          1.4062905487898447,
          1.0257974976189477,
          0.9724026909336754,
          0.9745056149373764,
          1.007262462662577,
          0.9738515948140489,
          0.984009725778178,
          0.9745535620576008,
          0.9742265281497404,
          1.0070566404691987,
          1.0064796757350112,
          0.9739088956351973,
          0.9739976293127139,
          0.9739995811908152,
          1.3629770185885026,
          0.9741250161298207,
          0.974268261600704,
          0.9740018128931325,
          0.9620416708565935,
          0.976742278766365,
          0.9743132477418407,
          1.0538150855603254,
          0.979799264677137
        ],
        [
          0.9765625293074136,
          0.9877021784553615,
          2.523207479470187,
          0.9784414656412644,
          0.977208020220535,
          0.976369200168892,
          0.9764015377382129,
          0.9772834731612429,
          0.9725192424978745,
          0.9787259214064696,
          0.977889556079269,
          0.9763604914496696,
          0.9840549345059495,
          0.0,
          0.9783566402370408,
          0.9781795383406895,
          0.9774069802433326,
          1.476128847396122,
          0.9771093266504663,
          0.9786160107256586,
          0.99527277624286,
          0.978046810058791,
          0.9814866423483495,
          0.9780808127672288,
          0.9780448218828819,
          1.00822012285601,
          0.9746556439006016,
          0.9774841355772774,
          0.9802893061704775,
          0.9795804810052413,
          0.9914142261006748,
          0.9785018084204288,
          0.9785808047352735,
          1.104590867389818,
          1.01706502974294,
          0.977788196635484,
          0.9809961948627435,
          0.9823097826425141,
          1.0160372729259601,
          0.9780991697173392,
          0.9781458832105537,
          0.9774481406008791,
          0.9656852241473582,
          0.9786363640981598,
          0.9774824853683637,
          0.977328557822398,
          0.9778033691170329
        ],
        [
          0.9710499786659842,
          0.9747445564582713,
          0.9771122070969238,
          0.9715153524822965,
          0.9712347755586411,
          0.9710027528585568,
          0.9710362442101268,
          0.9712207596011727,
          0.9701141333209038,
          0.9715376977879225,
          0.9711993425102836,
          0.9709937502565923,
          0.9781402437360174,
          0.9783566402370408,
          0.0,
          0.9713883596162793,
          0.9710193672086934,
          0.9703596109021618,
          0.9707050866830305,
          0.9717838330928055,
          0.9768745543027436,
          0.9718919181503827,
          0.9731163226719748,
          0.9704194087006921,
          0.9714107890898408,
          0.997731304816962,
          0.9705584214040421,
          0.9712171341892237,
          0.9737498148687803,
          0.9711480044553734,
          0.9794989659370508,
          0.9717472469269733,
          0.9712735602498183,
          0.9840024274503908,
          0.9882362455967435,
          0.9711307875706172,
          0.9711853540112225,
          0.9712498414052312,
          1.4699778213500818,
          0.9712021384848624,
          0.9715117036472368,
          0.9712800000666831,
          0.9591191354432045,
          0.9764351784944625,
          0.9716221248368594,
          0.9713160056736493,
          0.971450097085205
        ],
        [
          0.9708988752195714,
          0.9759950039888952,
          0.9770994068138213,
          0.9805479559034184,
          0.9710483228204018,
          0.9708365608534985,
          0.9708700187580952,
          0.9710318397186546,
          0.9700407236632976,
          0.9718091174798188,
          0.9711085526962491,
          0.9708275718557392,
          0.9742095609236754,
          0.9781795383406895,
          0.9713883596162793,
          0.0,
          0.9710790015507926,
          0.9701426694141838,
          0.9705116039949567,
          0.9713170423707002,
          1.2578015561959024,
          0.9709999011064422,
          1.0444612090142167,
          0.9702245867063505,
          0.9716018333840026,
          0.979506727247143,
          0.9704321699989132,
          0.971085805562753,
          0.9721929826809786,
          0.9709604511933931,
          0.9789414037615133,
          0.9728410493384992,
          0.9712502551170752,
          1.4142624430363533,
          0.9880012427634356,
          0.9709361962185648,
          0.970986680350293,
          0.9710577339257404,
          0.9798002223996383,
          0.9713237007652759,
          0.9716297697862719,
          0.9711816005892915,
          0.9589696115826482,
          0.9714702111942524,
          0.9711693300156377,
          0.9711290939659653,
          0.9711418908154842
        ],
        [
          0.970591463080693,
          0.9740219193138808,
          0.9764769220911744,
          0.9717087980591717,
          0.9706915612883821,
          0.9705147541649611,
          0.9705484203688204,
          0.9706699266860166,
          0.9698999661268041,
          0.9728938550179064,
          0.9708889272062772,
          0.9705057521782022,
          0.9763707344870103,
          0.9774069802433326,
          0.9710193672086934,
          0.9710790015507926,
          0.0,
          0.9698209875121108,
          0.9701379238739549,
          0.9711317102617057,
          0.9773894186713226,
          0.9706408460610412,
          1.3434151849795821,
          2.4892777861783615,
          1.206216080743946,
          0.9784289722980134,
          0.9701875308424173,
          1.7910969421431755,
          0.971807106271591,
          0.9706034914110194,
          0.9784644859798356,
          0.9728820464287563,
          0.9863309773726053,
          1.22060612391516,
          0.9942271027183119,
          0.9705720491297054,
          0.9706218386322277,
          0.9706968140033301,
          0.9788128976221346,
          1.8818021909951075,
          0.9718689856592304,
          0.9709649865954127,
          0.9584852844901253,
          0.971111836783554,
          0.9708218957843737,
          0.9734209209224503,
          0.9724662304265965
        ],
        [
          0.969892775037046,
          0.9731489160843674,
          3.9067459514457776,
          0.9702577294740967,
          0.9699743062830988,
          0.9698650408390354,
          0.9699005040370823,
          0.9699416855990458,
          0.9696005772409029,
          0.9702053500616675,
          0.969950806446135,
          0.9698556400011651,
          0.973351764832487,
          1.476128847396122,
          0.9703596109021618,
          0.9701426694141838,
          0.9698209875121108,
          0.0,
          0.9695753237138695,
          0.9705205113007755,
          0.9751438669288162,
          0.9698877072431494,
          0.9719565577511077,
          1.4543809966835455,
          0.9701611329354335,
          0.9791451042251279,
          0.9696846751623606,
          0.9699406088155874,
          0.9712263415163225,
          0.9723513389998842,
          0.9789367002056342,
          0.9705284935324521,
          0.9700299509335647,
          0.9868041034780396,
          0.9882560806945269,
          0.9703682353352506,
          0.9706829787748321,
          0.9703499424163561,
          0.979150037156555,
          0.9699382166606866,
          0.970274682996898,
          0.9700186301983649,
          0.9569462623348857,
          0.9704501276227189,
          0.9701212693989177,
          0.9700516992223505,
          0.9700642715014124
        ],
        [
          0.9702508639111369,
          0.9730645529781989,
          1.07369945417633,
          0.9706146406542542,
          1.346268088305834,
          0.9702178158823969,
          0.9702534522748327,
          1.776580489896803,
          0.9697522065753331,
          0.9705723706745716,
          0.9703314597031181,
          0.9702083238399406,
          0.9734965165178678,
          0.9771093266504663,
          0.9707050866830305,
          0.9705116039949567,
          0.9701379238739549,
          0.9695753237138695,
          0.0,
          1.6903986400697337,
          0.9749020700546539,
          0.9702513973831289,
          0.9722858850876465,
          0.9694769767973742,
          0.9705264222967174,
          0.9780194421506931,
          0.9699509033294199,
          0.9703322144259792,
          0.9715141383435568,
          0.9702950060521994,
          0.9783496638660404,
          0.9708941670130073,
          0.970394965834446,
          0.9815680605479781,
          0.9859592123890619,
          2.159997999363788,
          0.9703469202503717,
          1.3178326645049308,
          0.978445250442271,
          0.9702970746443853,
          0.9707507514434537,
          0.9704099592223201,
          0.9573511312224654,
          0.9708127698279065,
          0.9705009771215574,
          0.9704431977455908,
          0.9704469432019174
        ],
        [
          0.9716180259639632,
          0.9746086059953362,
          1.1702597013118903,
          0.9715753941337679,
          0.9713369991844547,
          0.9708328353002476,
          0.9708669532040926,
          1.0196828362089028,
          0.9700407407339353,
          0.9722506892422647,
          0.9714607512840442,
          0.9708236780888975,
          0.9750326111319874,
          0.9786160107256586,
          0.9717838330928055,
          0.9713170423707002,
          0.9711317102617057,
          0.9705205113007755,
          1.6903986400697337,
          0.0,
          0.9781401754994561,
          0.9710838233164544,
          1.4536212685393937,
          0.9702742878328454,
          0.9716674877713581,
          0.9806863438830309,
          0.9704281326132679,
          0.9711226274450174,
          0.9738850990367015,
          0.9709886840146974,
          0.9793589913496352,
          0.9720889256109844,
          0.9712869341871633,
          1.0607534168477364,
          0.9885383818708517,
          2.1322088416861815,
          0.9710847621243808,
          0.9713538246695538,
          1.465269755975412,
          0.9714258093728513,
          1.009063829527037,
          0.9712071551307757,
          0.960220719042471,
          0.976643795816411,
          0.9714396210396017,
          0.971127021841241,
          0.9712101946317352
        ],
        [
          0.9749691402605295,
          1.1408651240695322,
          0.9914674054159904,
          0.9926623462054824,
          0.9752625086377222,
          0.9746295184184744,
          0.9746617721871579,
          0.9753105035429246,
          0.971753509336742,
          0.9827611059040158,
          0.9967455152629952,
          0.9746208765935681,
          0.9852476328755965,
          0.99527277624286,
          0.9768745543027436,
          1.2578015561959024,
          0.9773894186713226,
          0.9751438669288162,
          0.9749020700546539,
          0.9781401754994561,
          0.0,
          0.9762936709205752,
          1.0785075632283787,
          0.9749292058364598,
          0.9794937490419483,
          1.0306147112160937,
          0.9733334849549397,
          0.9758585860710264,
          0.979403843506057,
          0.9752345306306537,
          0.9901577551247347,
          0.9833117261614234,
          0.9775220313430701,
          1.9489093697485,
          1.0214970008876745,
          0.9753277023860688,
          0.9755131503296626,
          0.9754001974594813,
          1.034005869231264,
          0.9798114886697676,
          0.981804123213008,
          0.976221218378525,
          0.9639240858495265,
          0.9769104150732506,
          0.9755467540869304,
          0.975416387659836,
          0.9759206270357069
        ],
        [
          0.9706446027964052,
          0.9743016592248952,
          0.9769644440182856,
          0.9711264752297485,
          0.9707913310022682,
          0.9706064982983571,
          0.9706396516416542,
          0.9707716084840227,
          0.9699420498841237,
          0.9711166162321985,
          0.970806390468049,
          0.9705976077089467,
          0.9747258935473392,
          0.978046810058791,
          0.9718919181503827,
          0.9709999011064422,
          0.9706408460610412,
          0.9698877072431494,
          0.9702513973831289,
          0.9710838233164544,
          0.9762936709205752,
          0.0,
          0.9728182967610254,
          0.9704559781205414,
          0.9710369560881221,
          0.9804212769762949,
          0.9702589917024202,
          0.9707914837745476,
          0.9722978706153589,
          0.9707061093488987,
          0.9789217419335282,
          0.9714246147507487,
          1.2516432263188628,
          1.3175392586964383,
          0.9874175003669735,
          0.97067577122828,
          0.9707280341195371,
          0.9707984913857033,
          1.457244621864945,
          0.9708004900782717,
          0.9711769819977026,
          0.9708717392462664,
          0.9587684886936103,
          0.9726876613703815,
          0.9710209713086488,
          0.9708686233520841,
          0.9709452039095692
        ],
        [
          1.4583264533913844,
          1.0049128370707303,
          0.9800483634880612,
          1.0607466829232457,
          0.9725678057190938,
          0.9722190392470821,
          0.9722480268840195,
          0.9725941177084851,
          0.9707521447271652,
          1.0325279483590242,
          0.9853407212091185,
          0.9722114174932359,
          0.978530668320833,
          0.9814866423483495,
          0.9731163226719748,
          1.0444612090142167,
          1.3434151849795821,
          0.9719565577511077,
          0.9722858850876465,
          1.4536212685393937,
          1.0785075632283787,
          0.9728182967610254,
          0.0,
          0.980951370498187,
          1.0888370950993722,
          0.9880532025802924,
          0.9715254358297347,
          1.0932798858388102,
          0.9741862361926005,
          0.9724968376606391,
          0.9808230317778285,
          1.0232078555034576,
          1.004412277669704,
          2.039317732034574,
          1.0325604726167859,
          0.9726986424676412,
          0.9725890234762927,
          0.9726114537576326,
          0.9903439382897699,
          1.0323483816009198,
          1.1927587387285619,
          0.980372842343234,
          1.4467028350126245,
          0.9732207105408041,
          0.9727550697962204,
          0.9745139735186007,
          0.9739921736444315
        ],
        [
          0.9699695881156053,
          0.9729672406016688,
          1.9494209598978824,
          0.9703479668713678,
          0.9700580923256923,
          0.969938629164676,
          0.9699747789507788,
          0.9700257063036882,
          0.9696271374014616,
          0.9703289558322475,
          0.9700350253317348,
          0.9699290433029166,
          0.9733722075369426,
          0.9780808127672288,
          0.9704194087006921,
          0.9702245867063505,
          2.4892777861783615,
          1.4543809966835455,
          0.9694769767973742,
          0.9702742878328454,
          0.9749292058364598,
          0.9704559781205414,
          0.980951370498187,
          0.0,
          0.9764173774805883,
          0.9782785959729083,
          0.9697368134336403,
          0.9936067295414743,
          0.9712610563215104,
          0.9699730648384266,
          0.9784773194161452,
          0.9706522224473038,
          1.4567902902144418,
          0.9909685505559235,
          0.9868830142158243,
          0.9699744465484285,
          0.9699863238042936,
          0.9700615071872198,
          0.9785761024999364,
          1.06763541309556,
          0.9703809900521455,
          0.9701080276845404,
          0.9567904896951009,
          0.9705185813999087,
          0.9702010996256707,
          0.9701915052273581,
          0.970179607131356
        ],
        [
          0.9709317617246742,
          0.9748245589011407,
          0.9769663661579961,
          0.9726257658744317,
          0.9710576515998467,
          0.9708467608011349,
          0.9708799801651211,
          0.9710420539612736,
          0.9700486709623725,
          0.9749329816629405,
          0.971406636969097,
          0.9708378454797526,
          1.4062905487898447,
          0.9780448218828819,
          0.9714107890898408,
          0.9716018333840026,
          1.206216080743946,
          0.9701611329354335,
          0.9705264222967174,
          0.9716674877713581,
          0.9794937490419483,
          0.9710369560881221,
          1.0888370950993722,
          0.9764173774805883,
          0.0,
          0.9794104842494248,
          0.9704417187046249,
          1.0411845723501365,
          0.9723202610091558,
          0.9709712053722255,
          0.9792018897511731,
          0.9747152521623571,
          1.0016281274468934,
          1.367543818424277,
          1.467934340899333,
          0.9709495881017012,
          0.9709973642686467,
          0.9710670550795034,
          0.9802260580201987,
          0.9849789254138712,
          0.9728220733455605,
          0.9715096099087819,
          0.9590878830647536,
          0.9716022803078744,
          0.9712654005168107,
          1.4044628442026612,
          1.4574675585608003
        ],
        [
          0.9775664542242816,
          1.0112385118077183,
          1.000887481311707,
          0.9802358491669261,
          0.9782318831791693,
          0.9772943527141437,
          0.9773255989430506,
          0.9783221103311845,
          0.9729309652288363,
          0.9809591217767109,
          0.9787287501036815,
          0.9772858073505221,
          1.0257974976189477,
          1.00822012285601,
          0.997731304816962,
          0.979506727247143,
          0.9784289722980134,
          0.9791451042251279,
          0.9780194421506931,
          0.9806863438830309,
          1.0306147112160937,
          0.9804212769762949,
          0.9880532025802924,
          0.9782785959729083,
          0.9794104842494248,
          0.0,
          0.975361633176309,
          0.9785005429593261,
          0.9950252529576135,
          0.9783040079935441,
          0.9987485986584319,
          0.9798043856337727,
          0.9792814914984341,
          1.077780105398486,
          1.0390606353290919,
          0.9784468642093483,
          0.9788805057563047,
          0.9785194302682338,
          1.5762720178900427,
          0.9790358731348919,
          0.9790799715438444,
          0.9784525449691083,
          0.9673688990102582,
          0.9852442760305881,
          0.9790158619679333,
          0.9784289813410881,
          0.9799023642873615
        ],
        [
          0.970260154347212,
          0.9721353487191046,
          0.9739516136412107,
          0.9705013690456215,
          0.9703383256378713,
          0.9713287747379507,
          0.9702567424112046,
          0.9703212773641666,
          0.9699313456668629,
          0.9704714352306781,
          0.9703125034544551,
          0.9702303797542146,
          0.9724026909336754,
          0.9746556439006016,
          0.9705584214040421,
          0.9704321699989132,
          0.9701875308424173,
          0.9696846751623606,
          0.9699509033294199,
          0.9704281326132679,
          0.9733334849549397,
          0.9702589917024202,
          0.9715254358297347,
          0.9697368134336403,
