Map from character to field name
A:	Argentina
B:	Australia
C:	Austria
D:	Azerbaijan
E:	Belgium
F:	Brazil
G:	British Virgin Islands
H:	Bulgaria
I:	Canada
J:	Central African Republic
K:	China
L:	Colombia
M:	Cyprus
N:	Czech Republic
O:	Democratic Republic of the Congo
P:	Egypt
Q:	France
R:	Germany
S:	Greece
T:	Hungary
U:	India
V:	Iran
W:	Israel
X:	Italy
Y:	Kenya
Z:	Madagascar
[:	Mexico
\:	Morocco
]:	Namibia
^:	Netherlands
_:	Niger
`:	Nigeria
a:	Portugal
b:	Romania
c:	Russia
d:	Senegal
e:	Serbia
f:	Slovakia
g:	Slovenia
h:	South Africa
i:	Spain
j:	Tunisia
k:	Turkey
l:	USA
m:	Uganda
n:	Ukraine
o:	United Arab Emirates
p:	Zambia
q:	?


Substitution rate (mu): 52.287359

Equilibrium frequencies (pi_i):
  A: 0.0195
  B: 0.0218
  C: 0.0195
  D: 0.0209
  E: 0.0213
  F: 0.0206
  G: 0.0199
  H: 0.0215
  I: 0.0114
  J: 0.0209
  K: 0.0208
  L: 0.0199
  M: 0.0214
  N: 0.0222
  O: 0.0209
  P: 0.0208
  Q: 0.0213
  R: 0.0219
  S: 0.022
  T: 0.0211
  U: 0.0217
  V: 0.0206
  W: 0.0202
  X: 0.0216
  Y: 0.0203
  Z: 0.0214
  [: 0.0168
  \: 0.0212
  ]: 0.0209
  ^: 0.0211
  _: 0.0209
  `: 0.0207
  a: 0.0213
  b: 0.0204
  c: 0.0213
  d: 0.0236
  e: 0.0215
  f: 0.0214
  g: 0.0214
  h: 0.0213
  i: 0.0212
  j: 0.021
  k: 0.0213
  l: 0.0232
  m: 0.0208
  n: 0.0207
  o: 0.0213
  p: 0.0213

Symmetrized rates from j->i (W_ij):
	A	B	C	D	E	F	G	H	I	J	K	L	M	N	O	P	Q	R	S	T	U	V	W	X	Y	Z	[	\	]	^	_	`	a	b	c	d	e	f	g	h	i	j	k	l	m	n	o	p
  A	0	0.9772	0.9778	0.9722	0.9699	0.9698	0.9697	0.97	0.9683	0.9765	0.9725	0.9696	0.9731	0.9786	0.9703	0.9706	0.9698	0.9692	0.9697	1.4758	0.9842	0.9699	1.4757	0.97	0.9732	0.9796	0.9691	0.9703	0.971	0.9699	0.9703	0.9739	0.9701	0.9707	1.3017	0.9903	0.9701	0.9699	0.97	0.977	0.9738	1.1669	0.9706	1.4608	0.9704	0.97	0.9701	0.97
  B	0.9772	0	0.9848	0.9867	0.976	0.9756	0.9754	0.9761	0.9716	0.979	0.9768	0.9753	0.9796	0.9866	0.9763	0.9791	0.976	0.9754	0.9758	0.9766	0.9999	0.9762	0.9873	0.9761	0.9782	0.9872	0.974	0.9764	0.977	0.9759	0.9762	0.9816	0.9768	0.9777	1.1295	1.0007	0.9761	0.976	0.9761	0.9842	0.9785	0.9778	0.9764	0.9693	0.9763	0.9759	0.9761	0.9761
  C	0.9778	0.9848	0	0.9787	0.9778	0.9773	0.977	0.978	0.9726	0.9783	0.9778	0.9769	0.9809	2.458	0.9779	0.9782	0.9779	4.0918	1.081	1.1885	0.9871	0.9775	0.9791	2.1581	0.9783	0.9874	0.9754	0.9781	0.9785	1.3342	0.9778	0.9785	0.978	0.9781	1.04	0.9967	1.375	2.4294	1.4602	0.9849	0.9784	0.9785	0.9779	0.972	0.9779	0.9775	0.9778	0.9778
  D	0.9722	0.9867	0.9787	0	0.9704	0.9702	0.9701	0.9705	0.9684	0.975	0.9706	0.9701	0.9738	0.9794	0.9708	0.9842	0.9703	0.9696	0.97	0.971	0.9833	0.9703	1.0202	0.9704	0.9737	0.9804	0.9695	0.9707	0.9715	0.9704	0.9708	0.9807	0.9726	0.971	1.4478	0.9957	0.9704	0.9704	0.9705	0.9776	0.9737	0.9723	0.9708	0.9634	0.9709	0.9705	0.9706	0.9705
  E	0.9699	0.976	0.9778	0.9704	0	0.9696	0.9695	0.9701	0.968	0.9701	0.9696	0.9695	0.9733	0.9791	0.9702	0.97	0.9696	0.9689	1.3618	0.9703	0.9787	0.9696	0.9707	0.9688	0.9701	0.9803	0.9689	0.9699	0.9709	0.9697	0.9702	0.9705	0.9698	0.9696	0.9854	0.9888	0.9701	0.9697	1.2763	0.9773	0.9698	0.9702	0.9698	0.9624	0.9703	0.9699	0.9699	0.9699
  F	0.9698	0.9756	0.9773	0.9702	0.9696	0	0.9694	0.9696	0.9682	0.9699	0.9695	0.9693	0.973	0.9786	0.97	0.9698	0.9695	0.9688	0.9692	0.9698	0.9782	0.9694	0.9705	0.9687	0.97	0.9798	1.2315	0.9697	0.9707	0.9695	0.97	0.9703	0.9696	0.9695	0.9847	0.988	0.9695	0.9695	0.9696	0.9768	0.9696	0.97	0.9696	1.2125	0.9701	0.9697	0.9697	0.9697
  G	0.9697	0.9754	0.977	0.9701	0.9695	0.9694	0	0.9695	0.9837	0.9698	0.9694	0.9692	0.9728	0.9783	0.9699	0.9697	0.9694	0.9687	0.9691	0.9697	0.9779	0.9693	0.9704	0.9686	0.9699	0.9794	0.9688	0.9696	0.9706	0.9694	0.9699	0.9702	0.9695	0.9694	0.9842	0.9874	0.9695	0.9694	0.9695	0.9765	0.9696	0.9699	0.9695	1.4331	0.97	0.9696	0.9696	0.9696
  H	0.97	0.9761	0.978	0.9705	0.9701	0.9696	0.9695	0	0.968	0.9701	0.9696	0.9695	0.9733	0.9793	0.9702	0.97	0.9696	0.9689	1.8148	1.0221	0.9788	0.9696	0.9707	0.9688	0.9702	0.9805	0.9689	0.9699	0.971	0.9697	0.9702	0.9705	0.9698	0.9696	0.9857	0.9891	1.2809	0.9697	0.97	0.9774	0.9698	0.9702	0.9698	0.9623	0.9703	0.9699	0.9699	0.9699
  I	0.9683	0.9716	0.9726	0.9684	0.968	0.9682	0.9837	0.968	0	0.9682	0.968	0.9679	0.97	0.9734	0.9683	0.9682	0.968	0.9676	0.9678	0.9682	0.9732	0.9679	0.9686	0.9675	0.9683	0.974	0.968	0.9681	0.9687	0.968	0.9683	0.9685	0.968	0.968	0.9771	0.9789	0.968	0.968	0.968	0.9723	0.9681	0.9683	0.9681	10.8489	0.9683	0.9681	0.9681	0.9681
  J	0.9765	0.979	0.9783	0.975	0.9701	0.9699	0.9698	0.9701	0.9682	0	0.9716	0.9698	0.9745	0.9791	0.9706	0.9714	0.97	0.9693	0.9697	0.9719	0.9829	0.97	0.9778	0.9712	0.9774	0.9821	0.9692	0.9706	0.9716	0.97	0.9705	0.9792	0.9703	0.9717	1.4391	0.9955	0.9701	0.97	0.9701	1.4639	0.9793	0.9768	1.445	0.9631	0.9708	0.9702	0.9702	0.9703
  K	0.9725	0.9768	0.9778	0.9706	0.9696	0.9695	0.9694	0.9696	0.968	0.9716	0	0.9693	0.973	0.9785	0.97	0.97	0.9695	0.9688	0.9692	0.9705	0.9914	0.9695	0.9714	0.969	0.9707	0.9796	0.9688	0.9698	0.9707	0.9695	0.97	0.9712	0.9697	0.9697	1.4701	0.9883	0.9696	0.9695	0.9696	0.9766	0.9706	0.9727	0.9698	0.9625	0.9701	0.9697	0.9697	0.9697
  L	0.9696	0.9753	0.9769	0.9701	0.9695	0.9693	0.9692	0.9695	0.9679	0.9698	0.9693	0	0.9728	0.9782	0.9699	0.9697	0.9693	0.9687	0.9691	0.9697	0.9779	0.9693	0.9703	0.9686	0.9698	0.9794	0.9687	0.9695	0.9706	0.9694	0.9698	0.9701	0.9695	0.9693	0.9842	0.9873	0.9694	0.9694	0.9695	0.9765	0.9695	0.9699	0.9695	1.4435	0.9699	0.9695	0.9696	0.9696
  M	0.9731	0.9796	0.9809	0.9738	0.9733	0.973	0.9728	0.9733	0.97	0.9745	0.973	0.9728	0	0.9828	0.9787	0.9733	0.9732	0.9726	0.973	0.9745	0.9824	0.974	0.9748	0.9739	1.4039	1.0217	0.9718	0.9738	1.0086	0.9732	0.9736	0.9738	0.9733	0.973	1.0017	1.0028	0.9733	0.9732	0.9733	1.3894	0.9738	0.9736	0.9733	0.9662	0.9772	0.9736	1.0676	0.9791
  N	0.9786	0.9866	2.458	0.9794	0.9791	0.9786	0.9783	0.9793	0.9734	0.9791	0.9785	0.9782	0.9828	0	0.9794	0.979	0.9791	1.4671	0.9791	0.9795	0.9882	0.9784	0.9794	0.9786	0.9789	0.9901	0.9765	0.9792	0.9802	0.9802	0.9793	0.9795	0.9791	0.9782	0.9992	1.0	0.9794	0.9794	0.9816	0.9875	0.9789	0.9793	0.9791	0.9725	0.9795	0.9789	0.9792	0.9793
  O	0.9703	0.9763	0.9779	0.9708	0.9702	0.97	0.9699	0.9702	0.9683	0.9706	0.97	0.9699	0.9787	0.9794	0	0.9704	0.9701	0.9694	0.9698	0.9708	0.9791	0.9708	0.971	0.9693	0.9706	1.0032	0.9693	0.9703	0.9731	0.9701	0.9706	0.9709	0.9702	0.97	0.9856	0.9891	0.9701	0.9701	0.9702	1.4767	0.9702	0.9706	0.9702	0.963	0.9774	0.9706	0.9703	0.9704
  P	0.9706	0.9791	0.9782	0.9842	0.97	0.9698	0.9697	0.97	0.9682	0.9714	0.97	0.9697	0.9733	0.979	0.9704	0	0.9699	0.9691	0.9696	0.9703	1.1356	0.9699	1.0185	0.9694	0.9711	0.98	0.9691	0.9701	0.9711	0.9699	0.9703	0.973	1.3325	0.9701	1.5096	0.9899	0.9699	0.9699	0.97	0.9771	0.9709	0.9709	0.9701	0.9628	0.9705	0.97	0.9701	0.9701
  Q	0.9698	0.976	0.9779	0.9703	0.9696	0.9695	0.9694	0.9696	0.968	0.97	0.9695	0.9693	0.9732	0.9791	0.9701	0.9699	0	0.9688	0.9692	0.9698	0.9787	0.9694	0.9728	3.0673	0.9728	0.9803	0.9688	1.0391	0.9708	0.9696	0.97	0.9704	1.0045	0.9696	0.9891	0.989	0.9696	0.9696	0.9697	0.9772	1.0659	0.9701	0.9697	0.9622	0.9702	0.9697	0.9698	0.9697
  R	0.9692	0.9754	4.0918	0.9696	0.9689	0.9688	0.9687	0.9689	0.9676	0.9693	0.9688	0.9687	0.9726	1.4671	0.9694	0.9691	0.9688	0	0.9686	0.9694	0.9783	0.9687	0.97	1.4525	0.9694	0.9799	0.9682	0.9691	0.9701	1.1637	0.9693	0.9697	0.9689	0.9688	0.9892	0.9888	0.969	0.9692	0.969	0.9767	0.969	0.9694	0.9689	0.9612	0.9695	0.969	0.969	0.969
  S	0.9697	0.9758	1.081	0.97	1.3618	0.9692	0.9691	1.8148	0.9678	0.9697	0.9692	0.9691	0.973	0.9791	0.9698	0.9696	0.9692	0.9686	0	1.7653	0.9786	0.9691	0.9703	0.9684	0.9697	0.9803	0.9686	0.9694	0.9705	0.9693	0.9697	0.9701	0.9693	0.9692	0.986	0.9889	2.299	0.9693	1.3298	0.9772	0.9694	0.9699	0.9694	0.9617	0.9699	0.9694	0.9695	0.9694
  T	1.4758	0.9766	1.1885	0.971	0.9703	0.9698	0.9697	1.0221	0.9682	0.9719	0.9705	0.9697	0.9745	0.9795	0.9708	0.9703	0.9698	0.9694	1.7653	0	0.9806	0.9699	0.9773	0.9694	0.9711	0.9826	0.9691	0.9701	0.9734	0.9699	0.9703	0.9715	0.97	0.9701	1.0766	0.9898	2.1905	0.97	0.9704	1.4629	0.971	1.0224	0.9702	0.9734	0.9769	0.9704	0.9701	0.9701
  U	0.9842	0.9999	0.9871	0.9833	0.9787	0.9782	0.9779	0.9788	0.9732	0.9829	0.9914	0.9779	0.9824	0.9882	0.9791	1.1356	0.9787	0.9783	0.9786	0.9806	0	0.9784	1.0016	0.9788	0.9805	0.99	0.9762	0.979	0.9798	0.9786	0.9788	0.9818	1.0093	0.9788	1.7994	1.0009	0.9789	0.9787	0.9788	0.9878	0.9811	0.985	0.9792	0.9724	0.9791	0.9785	0.9789	0.9789
  V	0.9699	0.9762	0.9775	0.9703	0.9696	0.9694	0.9693	0.9696	0.9679	0.97	0.9695	0.9693	0.974	0.9784	0.9708	0.9699	0.9694	0.9687	0.9691	0.9699	0.9784	0	0.9706	0.9694	0.9701	0.9818	0.9688	0.9697	0.9711	0.9695	0.9699	0.9704	0.9696	1.2768	1.3087	0.9877	0.9695	0.9695	0.9696	1.4501	0.9697	0.9701	0.9696	0.9624	0.9719	0.9698	0.9697	0.9697
  W	1.4757	0.9873	0.9791	1.0202	0.9707	0.9705	0.9704	0.9707	0.9686	0.9778	0.9714	0.9703	0.9748	0.9794	0.971	1.0185	0.9728	0.97	0.9703	0.9773	1.0016	0.9706	0	1.1883	1.1069	0.9804	0.9697	1.0461	0.9717	0.9706	0.971	0.9819	0.9824	0.9782	1.7024	0.9994	0.9706	0.9706	0.9707	0.9776	1.0178	0.9763	0.9714	1.4615	0.9711	0.9707	0.9717	0.9714
  X	0.97	0.9761	2.1581	0.9704	0.9688	0.9687	0.9686	0.9688	0.9675	0.9712	0.969	0.9686	0.9739	0.9786	0.9693	0.9694	3.0673	1.4525	0.9684	0.9694	0.9788	0.9694	1.1883	0	1.1667	0.9796	0.9682	1.7503	0.97	0.9689	0.9693	0.9713	1.4241	1.4669	1.2143	0.9946	0.9688	0.9691	0.9689	0.9765	1.8386	0.9701	0.9691	0.9614	0.9694	0.9689	0.9705	0.97
  Y	0.9732	0.9782	0.9783	0.9737	0.9701	0.97	0.9699	0.9702	0.9683	0.9774	0.9707	0.9698	1.4039	0.9789	0.9706	0.9711	0.9728	0.9694	0.9697	0.9711	0.9805	0.9701	1.1069	1.1667	0	0.9803	0.9692	1.0486	0.9714	0.9701	0.9707	0.9767	0.9704	1.0094	1.4787	1.4805	0.9701	0.9701	0.9702	0.9782	1.0284	0.9733	0.9708	0.9633	0.9707	0.9703	1.4028	1.4609
  Z	0.9796	0.9872	0.9874	0.9804	0.9803	0.9798	0.9794	0.9805	0.974	0.9821	0.9796	0.9794	1.0217	0.9901	1.0032	0.98	0.9803	0.9799	0.9803	0.9826	0.99	0.9818	0.9804	0.9796	0.9803	0	0.9775	0.9804	0.9956	0.9802	0.9804	0.9804	0.9802	0.9792	0.9973	1.0015	0.9805	0.9804	0.9804	1.5304	0.98	0.9804	0.9803	0.9741	0.99	0.9809	0.9806	0.9823
  [	0.9691	0.974	0.9754	0.9695	0.9689	1.2315	0.9688	0.9689	0.968	0.9692	0.9688	0.9687	0.9718	0.9765	0.9693	0.9691	0.9688	0.9682	0.9686	0.9691	0.9762	0.9688	0.9697	0.9682	0.9692	0.9775	0	0.969	0.9699	0.9689	0.9692	0.9695	0.9689	0.9688	0.9817	0.9844	0.9689	0.9689	0.9689	0.975	0.969	0.9693	0.9689	3.4123	0.9693	0.969	0.969	0.969
  \	0.9703	0.9764	0.9781	0.9707	0.9699	0.9697	0.9696	0.9699	0.9681	0.9706	0.9698	0.9695	0.9738	0.9792	0.9703	0.9701	1.0391	0.9691	0.9694	0.9701	0.979	0.9697	1.0461	1.7503	1.0486	0.9804	0.969	0	0.971	0.9698	0.9702	0.9709	0.977	0.9725	1.0826	0.9909	0.9698	0.9698	0.9699	0.9773	1.0349	0.9705	0.9699	0.9626	0.9704	0.9699	0.9704	0.9702
  ]	0.971	0.977	0.9785	0.9715	0.9709	0.9707	0.9706	0.971	0.9687	0.9716	0.9707	0.9706	1.0086	0.9802	0.9731	0.9711	0.9708	0.9701	0.9705	0.9734	0.9798	0.9711	0.9717	0.97	0.9714	0.9956	0.9699	0.971	0	0.9708	0.9713	0.9715	0.9709	0.9707	0.9865	0.99	0.9709	0.9709	0.971	1.9854	0.9709	0.9713	0.971	0.9638	0.9749	0.9713	0.9711	0.9715
  ^	0.9699	0.9759	1.3342	0.9704	0.9697	0.9695	0.9694	0.9697	0.968	0.97	0.9695	0.9694	0.9732	0.9802	0.9701	0.9699	0.9696	1.1637	0.9693	0.9699	0.9786	0.9695	0.9706	0.9689	0.9701	0.9802	0.9689	0.9698	0.9708	0	0.9701	0.9704	0.9697	0.9695	0.9858	0.9885	0.9697	0.9697	0.9697	0.9771	0.9697	0.9701	0.9697	0.9624	0.9702	0.9698	0.9698	0.9698
  _	0.9703	0.9762	0.9778	0.9708	0.9702	0.97	0.9699	0.9702	0.9683	0.9705	0.97	0.9698	0.9736	0.9793	0.9706	0.9703	0.97	0.9693	0.9697	0.9703	0.9788	0.9699	0.971	0.9693	0.9707	0.9804	0.9692	0.9702	0.9713	0.9701	0	0.9711	0.9701	0.97	0.9859	1.5197	0.9701	0.9701	0.9702	0.9775	0.9702	0.9705	0.9702	0.963	0.9707	0.9705	0.9703	0.9702
  `	0.9739	0.9816	0.9785	0.9807	0.9705	0.9703	0.9702	0.9705	0.9685	0.9792	0.9712	0.9701	0.9738	0.9795	0.9709	0.973	0.9704	0.9697	0.9701	0.9715	0.9818	0.9704	0.9819	0.9713	0.9767	0.9804	0.9695	0.9709	0.9715	0.9704	0.9711	0	0.9709	0.9719	1.3743	1.3909	0.9704	0.9704	0.9705	0.9777	0.9778	0.9741	0.9713	0.9635	0.971	0.9707	0.9706	0.9706
  a	0.9701	0.9768	0.978	0.9726	0.9698	0.9696	0.9695	0.9698	0.968	0.9703	0.9697	0.9695	0.9733	0.9791	0.9702	1.3325	1.0045	0.9689	0.9693	0.97	1.0093	0.9696	0.9824	1.4241	0.9704	0.9802	0.9689	0.977	0.9709	0.9697	0.9701	0.9709	0	0.9698	1.1738	0.9889	0.9697	0.9697	0.9698	0.9772	0.9702	0.9703	0.9698	0.9624	0.9703	0.9698	0.9699	0.9699
  b	0.9707	0.9777	0.9781	0.971	0.9696	0.9695	0.9694	0.9696	0.968	0.9717	0.9697	0.9693	0.973	0.9782	0.97	0.9701	0.9696	0.9688	0.9692	0.9701	0.9788	1.2768	0.9782	1.4669	1.0094	0.9792	0.9688	0.9725	0.9707	0.9695	0.97	0.9719	0.9698	0	2.0449	0.9898	0.9696	0.9695	0.9696	0.9828	0.9829	0.9709	0.9699	0.9626	0.9701	0.9697	0.9699	0.9699
  c	1.3017	1.1295	1.04	1.4478	0.9854	0.9847	0.9842	0.9857	0.9771	1.4391	1.4701	0.9842	1.0017	0.9992	0.9856	1.5096	0.9891	0.9892	0.986	1.0766	1.7994	1.3087	1.7024	1.2143	1.4787	0.9973	0.9817	1.0826	0.9865	0.9858	0.9859	1.3743	1.1738	2.0449	0	1.2721	0.9866	0.9875	0.9863	1.0014	1.4955	1.3408	1.0364	0.9885	0.9857	0.9854	0.9977	0.9938
  d	0.9903	1.0007	0.9967	0.9957	0.9888	0.988	0.9874	0.9891	0.9789	0.9955	0.9883	0.9873	1.0028	1.0	0.9891	0.9899	0.989	0.9888	0.9889	0.9898	1.0009	0.9877	0.9994	0.9946	1.4805	1.0015	0.9844	0.9909	0.99	0.9885	1.5197	1.3909	0.9889	0.9898	1.2721	0	0.9891	0.9889	0.989	1.0485	0.9964	0.9916	0.9894	0.9829	1.0771	1.5629	0.9988	0.9956
  e	0.9701	0.9761	1.375	0.9704	0.9701	0.9695	0.9695	1.2809	0.968	0.9701	0.9696	0.9694	0.9733	0.9794	0.9701	0.9699	0.9696	0.969	2.299	2.1905	0.9789	0.9695	0.9706	0.9688	0.9701	0.9805	0.9689	0.9698	0.9709	0.9697	0.9701	0.9704	0.9697	0.9696	0.9866	0.9891	0	0.9697	0.9701	0.9778	0.9698	0.9703	0.9697	0.9622	0.9703	0.9698	0.9698	0.9698
  f	0.9699	0.976	2.4294	0.9704	0.9697	0.9695	0.9694	0.9697	0.968	0.97	0.9695	0.9694	0.9732	0.9794	0.9701	0.9699	0.9696	0.9692	0.9693	0.97	0.9787	0.9695	0.9706	0.9691	0.9701	0.9804	0.9689	0.9698	0.9709	0.9697	0.9701	0.9704	0.9697	0.9695	0.9875	0.9889	0.9697	0	0.9697	0.9772	0.9697	0.9701	0.9697	0.9623	0.9702	0.9698	0.9698	0.9698
  g	0.97	0.9761	1.4602	0.9705	1.2763	0.9696	0.9695	0.97	0.968	0.9701	0.9696	0.9695	0.9733	0.9816	0.9702	0.97	0.9697	0.969	1.3298	0.9704	0.9788	0.9696	0.9707	0.9689	0.9702	0.9804	0.9689	0.9699	0.971	0.9697	0.9702	0.9705	0.9698	0.9696	0.9863	0.989	0.9701	0.9697	0	0.9773	0.9698	0.9702	0.9698	0.9624	0.9703	0.9699	0.9699	0.9699
  h	0.977	0.9842	0.9849	0.9776	0.9773	0.9768	0.9765	0.9774	0.9723	1.4639	0.9766	0.9765	1.3894	0.9875	1.4767	0.9771	0.9772	0.9767	0.9772	1.4629	0.9878	1.4501	0.9776	0.9765	0.9782	1.5304	0.975	0.9773	1.9854	0.9771	0.9775	0.9777	0.9772	0.9828	1.0014	1.0485	0.9778	0.9772	0.9773	0	0.977	0.9776	0.9774	0.9707	2.0399	1.1128	0.9777	1.3977
  i	0.9738	0.9785	0.9784	0.9737	0.9698	0.9696	0.9696	0.9698	0.9681	0.9793	0.9706	0.9695	0.9738	0.9789	0.9702	0.9709	1.0659	0.969	0.9694	0.971	0.9811	0.9697	1.0178	1.8386	1.0284	0.98	0.969	1.0349	0.9709	0.9697	0.9702	0.9778	0.9702	0.9829	1.4955	0.9964	0.9698	0.9697	0.9698	0.977	0	0.974	0.9707	0.9626	0.9703	0.9699	0.9705	0.9703
  j	1.1669	0.9778	0.9785	0.9723	0.9702	0.97	0.9699	0.9702	0.9683	0.9768	0.9727	0.9699	0.9736	0.9793	0.9706	0.9709	0.9701	0.9694	0.9699	1.0224	0.985	0.9701	0.9763	0.9701	0.9733	0.9804	0.9693	0.9705	0.9713	0.9701	0.9705	0.9741	0.9703	0.9709	1.3408	0.9916	0.9703	0.9701	0.9702	0.9776	0.974	0	0.9708	0.967	0.9707	0.9703	0.9703	0.9703
  k	0.9706	0.9764	0.9779	0.9708	0.9698	0.9696	0.9695	0.9698	0.9681	1.445	0.9698	0.9695	0.9733	0.9791	0.9702	0.9701	0.9697	0.9689	0.9694	0.9702	0.9792	0.9696	0.9714	0.9691	0.9708	0.9803	0.9689	0.9699	0.971	0.9697	0.9702	0.9713	0.9698	0.9699	1.0364	0.9894	0.9697	0.9697	0.9698	0.9774	0.9707	0.9708	0	0.9624	0.9703	0.9699	0.9699	0.9699
  l	1.4608	0.9693	0.972	0.9634	0.9624	1.2125	1.4331	0.9623	10.8489	0.9631	0.9625	1.4435	0.9662	0.9725	0.963	0.9628	0.9622	0.9612	0.9617	0.9734	0.9724	0.9624	1.4615	0.9614	0.9633	0.9741	3.4123	0.9626	0.9638	0.9624	0.963	0.9635	0.9624	0.9626	0.9885	0.9829	0.9622	0.9623	0.9624	0.9707	0.9626	0.967	0.9624	0	0.9631	0.9627	0.9625	0.9625
  m	0.9704	0.9763	0.9779	0.9709	0.9703	0.9701	0.97	0.9703	0.9683	0.9708	0.9701	0.9699	0.9772	0.9795	0.9774	0.9705	0.9702	0.9695	0.9699	0.9769	0.9791	0.9719	0.9711	0.9694	0.9707	0.99	0.9693	0.9704	0.9749	0.9702	0.9707	0.971	0.9703	0.9701	0.9857	1.0771	0.9703	0.9702	0.9703	2.0399	0.9703	0.9707	0.9703	0.9631	0	1.2202	0.9704	1.0824
  n	0.97	0.9759	0.9775	0.9705	0.9699	0.9697	0.9696	0.9699	0.9681	0.9702	0.9697	0.9695	0.9736	0.9789	0.9706	0.97	0.9697	0.969	0.9694	0.9704	0.9785	0.9698	0.9707	0.9689	0.9703	0.9809	0.969	0.9699	0.9713	0.9698	0.9705	0.9707	0.9698	0.9697	0.9854	1.5629	0.9698	0.9698	0.9699	1.1128	0.9699	0.9703	0.9699	0.9627	1.2202	0	0.97	0.9701
  o	0.9701	0.9761	0.9778	0.9706	0.9699	0.9697	0.9696	0.9699	0.9681	0.9702	0.9697	0.9696	1.0676	0.9792	0.9703	0.9701	0.9698	0.969	0.9695	0.9701	0.9789	0.9697	0.9717	0.9705	1.4028	0.9806	0.969	0.9704	0.9711	0.9698	0.9703	0.9706	0.9699	0.9699	0.9977	0.9988	0.9698	0.9698	0.9699	0.9777	0.9705	0.9703	0.9699	0.9625	0.9704	0.97	0	0.9748
  p	0.97	0.9761	0.9778	0.9705	0.9699	0.9697	0.9696	0.9699	0.9681	0.9703	0.9697	0.9696	0.9791	0.9793	0.9704	0.9701	0.9697	0.969	0.9694	0.9701	0.9789	0.9697	0.9714	0.97	1.4609	0.9823	0.969	0.9702	0.9715	0.9698	0.9702	0.9706	0.9699	0.9699	0.9938	0.9956	0.9698	0.9698	0.9699	1.3977	0.9703	0.9703	0.9699	0.9625	1.0824	0.9701	0.9748	0

Actual rates from j->i (Q_ij):
	A	B	C	D	E	F	G	H	I	J	K	L	M	N	O	P	Q	R	S	T	U	V	W	X	Y	Z	[	\	]	^	_	`	a	b	c	d	e	f	g	h	i	j	k	l	m	n	o	p
  A	0	0.0191	0.0191	0.019	0.0189	0.0189	0.0189	0.0189	0.0189	0.0191	0.019	0.0189	0.019	0.0191	0.019	0.019	0.0189	0.0189	0.0189	0.0288	0.0192	0.0189	0.0288	0.0189	0.019	0.0191	0.0189	0.019	0.019	0.0189	0.019	0.019	0.0189	0.019	0.0254	0.0193	0.0189	0.0189	0.0189	0.0191	0.019	0.0228	0.019	0.0285	0.019	0.0189	0.0189	0.0189
  B	0.0213	0	0.0215	0.0215	0.0213	0.0213	0.0213	0.0213	0.0212	0.0213	0.0213	0.0213	0.0213	0.0215	0.0213	0.0213	0.0213	0.0213	0.0213	0.0213	0.0218	0.0213	0.0215	0.0213	0.0213	0.0215	0.0212	0.0213	0.0213	0.0213	0.0213	0.0214	0.0213	0.0213	0.0246	0.0218	0.0213	0.0213	0.0213	0.0214	0.0213	0.0213	0.0213	0.0211	0.0213	0.0213	0.0213	0.0213
  C	0.0191	0.0192	0	0.0191	0.0191	0.0191	0.0191	0.0191	0.019	0.0191	0.0191	0.0191	0.0191	0.048	0.0191	0.0191	0.0191	0.0799	0.0211	0.0232	0.0193	0.0191	0.0191	0.0421	0.0191	0.0193	0.019	0.0191	0.0191	0.026	0.0191	0.0191	0.0191	0.0191	0.0203	0.0195	0.0268	0.0474	0.0285	0.0192	0.0191	0.0191	0.0191	0.019	0.0191	0.0191	0.0191	0.0191
  D	0.0203	0.0206	0.0205	0	0.0203	0.0203	0.0203	0.0203	0.0202	0.0204	0.0203	0.0203	0.0204	0.0205	0.0203	0.0206	0.0203	0.0203	0.0203	0.0203	0.0206	0.0203	0.0213	0.0203	0.0204	0.0205	0.0203	0.0203	0.0203	0.0203	0.0203	0.0205	0.0203	0.0203	0.0303	0.0208	0.0203	0.0203	0.0203	0.0204	0.0204	0.0203	0.0203	0.0201	0.0203	0.0203	0.0203	0.0203
  E	0.0206	0.0207	0.0208	0.0206	0	0.0206	0.0206	0.0206	0.0206	0.0206	0.0206	0.0206	0.0207	0.0208	0.0206	0.0206	0.0206	0.0206	0.0289	0.0206	0.0208	0.0206	0.0206	0.0206	0.0206	0.0208	0.0206	0.0206	0.0206	0.0206	0.0206	0.0206	0.0206	0.0206	0.0209	0.021	0.0206	0.0206	0.0271	0.0208	0.0206	0.0206	0.0206	0.0205	0.0206	0.0206	0.0206	0.0206
  F	0.0199	0.0201	0.0201	0.0199	0.0199	0	0.0199	0.0199	0.0199	0.0199	0.0199	0.0199	0.02	0.0201	0.0199	0.0199	0.0199	0.0199	0.0199	0.0199	0.0201	0.0199	0.02	0.0199	0.0199	0.0201	0.0253	0.0199	0.02	0.0199	0.0199	0.0199	0.0199	0.0199	0.0202	0.0203	0.0199	0.0199	0.0199	0.0201	0.0199	0.0199	0.0199	0.0249	0.0199	0.0199	0.0199	0.0199
  G	0.0193	0.0194	0.0195	0.0193	0.0193	0.0193	0	0.0193	0.0196	0.0193	0.0193	0.0193	0.0194	0.0195	0.0193	0.0193	0.0193	0.0193	0.0193	0.0193	0.0195	0.0193	0.0193	0.0193	0.0193	0.0195	0.0193	0.0193	0.0193	0.0193	0.0193	0.0193	0.0193	0.0193	0.0196	0.0197	0.0193	0.0193	0.0193	0.0194	0.0193	0.0193	0.0193	0.0285	0.0193	0.0193	0.0193	0.0193
  H	0.0208	0.021	0.021	0.0209	0.0208	0.0208	0.0208	0	0.0208	0.0209	0.0208	0.0208	0.0209	0.021	0.0209	0.0208	0.0208	0.0208	0.039	0.022	0.021	0.0208	0.0209	0.0208	0.0209	0.0211	0.0208	0.0208	0.0209	0.0208	0.0209	0.0209	0.0208	0.0208	0.0212	0.0213	0.0275	0.0208	0.0208	0.021	0.0208	0.0209	0.0208	0.0207	0.0209	0.0208	0.0208	0.0208
  I	0.0111	0.0111	0.0111	0.0111	0.0111	0.0111	0.0112	0.0111	0	0.0111	0.0111	0.0111	0.0111	0.0111	0.0111	0.0111	0.0111	0.0111	0.0111	0.0111	0.0111	0.0111	0.0111	0.0111	0.0111	0.0111	0.0111	0.0111	0.0111	0.0111	0.0111	0.0111	0.0111	0.0111	0.0112	0.0112	0.0111	0.0111	0.0111	0.0111	0.0111	0.0111	0.0111	0.1239	0.0111	0.0111	0.0111	0.0111
  J	0.0204	0.0204	0.0204	0.0203	0.0202	0.0202	0.0202	0.0202	0.0202	0	0.0203	0.0202	0.0203	0.0204	0.0202	0.0203	0.0202	0.0202	0.0202	0.0203	0.0205	0.0202	0.0204	0.0203	0.0204	0.0205	0.0202	0.0202	0.0203	0.0202	0.0202	0.0204	0.0202	0.0203	0.03	0.0208	0.0202	0.0202	0.0202	0.0305	0.0204	0.0204	0.0301	0.0201	0.0202	0.0202	0.0202	0.0202
  K	0.0203	0.0204	0.0204	0.0202	0.0202	0.0202	0.0202	0.0202	0.0202	0.0202	0	0.0202	0.0203	0.0204	0.0202	0.0202	0.0202	0.0202	0.0202	0.0202	0.0207	0.0202	0.0202	0.0202	0.0202	0.0204	0.0202	0.0202	0.0202	0.0202	0.0202	0.0202	0.0202	0.0202	0.0306	0.0206	0.0202	0.0202	0.0202	0.0204	0.0202	0.0203	0.0202	0.0201	0.0202	0.0202	0.0202	0.0202
  L	0.0193	0.0194	0.0194	0.0193	0.0193	0.0193	0.0193	0.0193	0.0193	0.0193	0.0193	0	0.0194	0.0195	0.0193	0.0193	0.0193	0.0193	0.0193	0.0193	0.0195	0.0193	0.0193	0.0193	0.0193	0.0195	0.0193	0.0193	0.0193	0.0193	0.0193	0.0193	0.0193	0.0193	0.0196	0.0197	0.0193	0.0193	0.0193	0.0194	0.0193	0.0193	0.0193	0.0287	0.0193	0.0193	0.0193	0.0193
  M	0.0208	0.0209	0.021	0.0208	0.0208	0.0208	0.0208	0.0208	0.0207	0.0208	0.0208	0.0208	0	0.021	0.0209	0.0208	0.0208	0.0208	0.0208	0.0208	0.021	0.0208	0.0208	0.0208	0.03	0.0218	0.0208	0.0208	0.0216	0.0208	0.0208	0.0208	0.0208	0.0208	0.0214	0.0214	0.0208	0.0208	0.0208	0.0297	0.0208	0.0208	0.0208	0.0207	0.0209	0.0208	0.0228	0.0209
  N	0.0217	0.0219	0.0546	0.0217	0.0217	0.0217	0.0217	0.0217	0.0216	0.0217	0.0217	0.0217	0.0218	0	0.0217	0.0217	0.0217	0.0326	0.0217	0.0217	0.0219	0.0217	0.0217	0.0217	0.0217	0.022	0.0217	0.0217	0.0218	0.0218	0.0217	0.0217	0.0217	0.0217	0.0222	0.0222	0.0217	0.0217	0.0218	0.0219	0.0217	0.0217	0.0217	0.0216	0.0217	0.0217	0.0217	0.0217
  O	0.0203	0.0204	0.0205	0.0203	0.0203	0.0203	0.0203	0.0203	0.0202	0.0203	0.0203	0.0203	0.0205	0.0205	0	0.0203	0.0203	0.0203	0.0203	0.0203	0.0205	0.0203	0.0203	0.0203	0.0203	0.021	0.0203	0.0203	0.0203	0.0203	0.0203	0.0203	0.0203	0.0203	0.0206	0.0207	0.0203	0.0203	0.0203	0.0309	0.0203	0.0203	0.0203	0.0201	0.0204	0.0203	0.0203	0.0203
  P	0.0202	0.0204	0.0203	0.0205	0.0202	0.0202	0.0202	0.0202	0.0201	0.0202	0.0202	0.0202	0.0202	0.0204	0.0202	0	0.0202	0.0201	0.0202	0.0202	0.0236	0.0202	0.0212	0.0202	0.0202	0.0204	0.0201	0.0202	0.0202	0.0202	0.0202	0.0202	0.0277	0.0202	0.0314	0.0206	0.0202	0.0202	0.0202	0.0203	0.0202	0.0202	0.0202	0.02	0.0202	0.0202	0.0202	0.0202
  Q	0.0207	0.0208	0.0209	0.0207	0.0207	0.0207	0.0207	0.0207	0.0206	0.0207	0.0207	0.0207	0.0208	0.0209	0.0207	0.0207	0	0.0207	0.0207	0.0207	0.0209	0.0207	0.0208	0.0654	0.0207	0.0209	0.0207	0.0222	0.0207	0.0207	0.0207	0.0207	0.0214	0.0207	0.0211	0.0211	0.0207	0.0207	0.0207	0.0208	0.0227	0.0207	0.0207	0.0205	0.0207	0.0207	0.0207	0.0207
  R	0.0212	0.0214	0.0896	0.0212	0.0212	0.0212	0.0212	0.0212	0.0212	0.0212	0.0212	0.0212	0.0213	0.0321	0.0212	0.0212	0.0212	0	0.0212	0.0212	0.0214	0.0212	0.0212	0.0318	0.0212	0.0215	0.0212	0.0212	0.0212	0.0255	0.0212	0.0212	0.0212	0.0212	0.0217	0.0217	0.0212	0.0212	0.0212	0.0214	0.0212	0.0212	0.0212	0.021	0.0212	0.0212	0.0212	0.0212
  S	0.0213	0.0214	0.0238	0.0213	0.0299	0.0213	0.0213	0.0399	0.0213	0.0213	0.0213	0.0213	0.0214	0.0215	0.0213	0.0213	0.0213	0.0213	0	0.0388	0.0215	0.0213	0.0213	0.0213	0.0213	0.0215	0.0213	0.0213	0.0213	0.0213	0.0213	0.0213	0.0213	0.0213	0.0217	0.0217	0.0505	0.0213	0.0292	0.0215	0.0213	0.0213	0.0213	0.0211	0.0213	0.0213	0.0213	0.0213
  T	0.0312	0.0206	0.0251	0.0205	0.0205	0.0205	0.0205	0.0216	0.0205	0.0205	0.0205	0.0205	0.0206	0.0207	0.0205	0.0205	0.0205	0.0205	0.0373	0	0.0207	0.0205	0.0207	0.0205	0.0205	0.0208	0.0205	0.0205	0.0206	0.0205	0.0205	0.0205	0.0205	0.0205	0.0227	0.0209	0.0463	0.0205	0.0205	0.0309	0.0205	0.0216	0.0205	0.0206	0.0206	0.0205	0.0205	0.0205
  U	0.0213	0.0217	0.0214	0.0213	0.0212	0.0212	0.0212	0.0212	0.0211	0.0213	0.0215	0.0212	0.0213	0.0214	0.0212	0.0246	0.0212	0.0212	0.0212	0.0212	0	0.0212	0.0217	0.0212	0.0212	0.0214	0.0211	0.0212	0.0212	0.0212	0.0212	0.0213	0.0219	0.0212	0.039	0.0217	0.0212	0.0212	0.0212	0.0214	0.0212	0.0213	0.0212	0.0211	0.0212	0.0212	0.0212	0.0212
  V	0.02	0.0201	0.0202	0.02	0.02	0.02	0.02	0.02	0.02	0.02	0.02	0.02	0.0201	0.0202	0.02	0.02	0.02	0.02	0.02	0.02	0.0202	0	0.02	0.02	0.02	0.0202	0.02	0.02	0.02	0.02	0.02	0.02	0.02	0.0263	0.027	0.0204	0.02	0.02	0.02	0.0299	0.02	0.02	0.02	0.0198	0.02	0.02	0.02	0.02
  W	0.0298	0.0199	0.0198	0.0206	0.0196	0.0196	0.0196	0.0196	0.0195	0.0197	0.0196	0.0196	0.0197	0.0198	0.0196	0.0206	0.0196	0.0196	0.0196	0.0197	0.0202	0.0196	0	0.024	0.0223	0.0198	0.0196	0.0211	0.0196	0.0196	0.0196	0.0198	0.0198	0.0197	0.0344	0.0202	0.0196	0.0196	0.0196	0.0197	0.0205	0.0197	0.0196	0.0295	0.0196	0.0196	0.0196	0.0196
  X	0.0209	0.0211	0.0466	0.0209	0.0209	0.0209	0.0209	0.0209	0.0209	0.021	0.0209	0.0209	0.021	0.0211	0.0209	0.0209	0.0662	0.0313	0.0209	0.0209	0.0211	0.0209	0.0256	0	0.0252	0.0211	0.0209	0.0378	0.0209	0.0209	0.0209	0.021	0.0307	0.0317	0.0262	0.0215	0.0209	0.0209	0.0209	0.0211	0.0397	0.0209	0.0209	0.0207	0.0209	0.0209	0.0209	0.0209
  Y	0.0197	0.0198	0.0198	0.0197	0.0197	0.0197	0.0197	0.0197	0.0196	0.0198	0.0197	0.0197	0.0284	0.0198	0.0197	0.0197	0.0197	0.0196	0.0197	0.0197	0.0199	0.0197	0.0224	0.0236	0	0.0199	0.0196	0.0212	0.0197	0.0197	0.0197	0.0198	0.0197	0.0205	0.03	0.03	0.0197	0.0197	0.0197	0.0198	0.0208	0.0197	0.0197	0.0195	0.0197	0.0197	0.0284	0.0296
  Z	0.021	0.0212	0.0212	0.021	0.021	0.021	0.021	0.021	0.0209	0.0211	0.021	0.021	0.0219	0.0212	0.0215	0.021	0.021	0.021	0.021	0.0211	0.0212	0.0211	0.021	0.021	0.021	0	0.021	0.021	0.0214	0.021	0.021	0.021	0.021	0.021	0.0214	0.0215	0.021	0.021	0.021	0.0328	0.021	0.021	0.021	0.0209	0.0212	0.021	0.021	0.0211
  [	0.0163	0.0164	0.0164	0.0163	0.0163	0.0207	0.0163	0.0163	0.0163	0.0163	0.0163	0.0163	0.0164	0.0164	0.0163	0.0163	0.0163	0.0163	0.0163	0.0163	0.0164	0.0163	0.0163	0.0163	0.0163	0.0165	0	0.0163	0.0163	0.0163	0.0163	0.0163	0.0163	0.0163	0.0165	0.0166	0.0163	0.0163	0.0163	0.0164	0.0163	0.0163	0.0163	0.0574	0.0163	0.0163	0.0163	0.0163
  \	0.0206	0.0207	0.0207	0.0206	0.0206	0.0206	0.0206	0.0206	0.0205	0.0206	0.0206	0.0206	0.0206	0.0208	0.0206	0.0206	0.022	0.0205	0.0205	0.0206	0.0208	0.0206	0.0222	0.0371	0.0222	0.0208	0.0205	0	0.0206	0.0206	0.0206	0.0206	0.0207	0.0206	0.0229	0.021	0.0206	0.0206	0.0206	0.0207	0.0219	0.0206	0.0206	0.0204	0.0206	0.0206	0.0206	0.0206
  ]	0.0203	0.0204	0.0205	0.0203	0.0203	0.0203	0.0203	0.0203	0.0203	0.0203	0.0203	0.0203	0.0211	0.0205	0.0204	0.0203	0.0203	0.0203	0.0203	0.0204	0.0205	0.0203	0.0203	0.0203	0.0203	0.0208	0.0203	0.0203	0	0.0203	0.0203	0.0203	0.0203	0.0203	0.0206	0.0207	0.0203	0.0203	0.0203	0.0415	0.0203	0.0203	0.0203	0.0202	0.0204	0.0203	0.0203	0.0203
  ^	0.0205	0.0206	0.0281	0.0205	0.0205	0.0204	0.0204	0.0205	0.0204	0.0205	0.0204	0.0204	0.0205	0.0207	0.0205	0.0205	0.0204	0.0245	0.0204	0.0205	0.0206	0.0204	0.0205	0.0204	0.0205	0.0207	0.0204	0.0205	0.0205	0	0.0205	0.0205	0.0205	0.0204	0.0208	0.0208	0.0205	0.0205	0.0205	0.0206	0.0205	0.0205	0.0205	0.0203	0.0205	0.0205	0.0205	0.0205
  _	0.0203	0.0204	0.0205	0.0203	0.0203	0.0203	0.0203	0.0203	0.0203	0.0203	0.0203	0.0203	0.0204	0.0205	0.0203	0.0203	0.0203	0.0203	0.0203	0.0203	0.0205	0.0203	0.0203	0.0203	0.0203	0.0205	0.0203	0.0203	0.0203	0.0203	0	0.0203	0.0203	0.0203	0.0206	0.0318	0.0203	0.0203	0.0203	0.0204	0.0203	0.0203	0.0203	0.0201	0.0203	0.0203	0.0203	0.0203
  `	0.0201	0.0203	0.0202	0.0203	0.02	0.02	0.02	0.02	0.02	0.0202	0.0201	0.02	0.0201	0.0202	0.0201	0.0201	0.02	0.02	0.02	0.0201	0.0203	0.02	0.0203	0.0201	0.0202	0.0203	0.02	0.0201	0.0201	0.02	0.0201	0	0.0201	0.0201	0.0284	0.0287	0.02	0.02	0.02	0.0202	0.0202	0.0201	0.0201	0.0199	0.0201	0.02	0.02	0.02
  a	0.0207	0.0208	0.0208	0.0207	0.0207	0.0206	0.0206	0.0207	0.0206	0.0207	0.0207	0.0206	0.0207	0.0209	0.0207	0.0284	0.0214	0.0206	0.0206	0.0207	0.0215	0.0206	0.0209	0.0303	0.0207	0.0209	0.0206	0.0208	0.0207	0.0207	0.0207	0.0207	0	0.0207	0.025	0.0211	0.0207	0.0207	0.0207	0.0208	0.0207	0.0207	0.0207	0.0205	0.0207	0.0207	0.0207	0.0207
  b	0.0198	0.02	0.02	0.0198	0.0198	0.0198	0.0198	0.0198	0.0198	0.0198	0.0198	0.0198	0.0199	0.02	0.0198	0.0198	0.0198	0.0198	0.0198	0.0198	0.02	0.0261	0.02	0.0299	0.0206	0.02	0.0198	0.0198	0.0198	0.0198	0.0198	0.0198	0.0198	0	0.0417	0.0202	0.0198	0.0198	0.0198	0.0201	0.0201	0.0198	0.0198	0.0196	0.0198	0.0198	0.0198	0.0198
  c	0.0278	0.0241	0.0222	0.0309	0.021	0.021	0.021	0.021	0.0208	0.0307	0.0314	0.021	0.0214	0.0213	0.021	0.0322	0.0211	0.0211	0.021	0.023	0.0384	0.0279	0.0363	0.0259	0.0316	0.0213	0.0209	0.0231	0.021	0.021	0.021	0.0293	0.025	0.0436	0	0.0271	0.0211	0.0211	0.021	0.0214	0.0319	0.0286	0.0221	0.0211	0.021	0.021	0.0213	0.0212
  d	0.0234	0.0237	0.0236	0.0235	0.0234	0.0234	0.0233	0.0234	0.0231	0.0235	0.0234	0.0233	0.0237	0.0236	0.0234	0.0234	0.0234	0.0234	0.0234	0.0234	0.0237	0.0234	0.0236	0.0235	0.035	0.0237	0.0233	0.0234	0.0234	0.0234	0.0359	0.0329	0.0234	0.0234	0.0301	0	0.0234	0.0234	0.0234	0.0248	0.0236	0.0234	0.0234	0.0232	0.0255	0.037	0.0236	0.0235
  e	0.0209	0.021	0.0296	0.0209	0.0209	0.0209	0.0209	0.0276	0.0208	0.0209	0.0209	0.0209	0.021	0.0211	0.0209	0.0209	0.0209	0.0209	0.0495	0.0472	0.0211	0.0209	0.0209	0.0209	0.0209	0.0211	0.0209	0.0209	0.0209	0.0209	0.0209	0.0209	0.0209	0.0209	0.0212	0.0213	0	0.0209	0.0209	0.0211	0.0209	0.0209	0.0209	0.0207	0.0209	0.0209	0.0209	0.0209
  f	0.0207	0.0209	0.052	0.0208	0.0207	0.0207	0.0207	0.0207	0.0207	0.0207	0.0207	0.0207	0.0208	0.0209	0.0207	0.0207	0.0207	0.0207	0.0207	0.0207	0.0209	0.0207	0.0208	0.0207	0.0207	0.021	0.0207	0.0207	0.0208	0.0207	0.0207	0.0208	0.0207	0.0207	0.0211	0.0211	0.0207	0	0.0207	0.0209	0.0207	0.0207	0.0207	0.0206	0.0207	0.0207	0.0207	0.0207
  g	0.0208	0.0209	0.0313	0.0208	0.0273	0.0208	0.0208	0.0208	0.0207	0.0208	0.0208	0.0208	0.0208	0.021	0.0208	0.0208	0.0208	0.0207	0.0285	0.0208	0.021	0.0208	0.0208	0.0207	0.0208	0.021	0.0207	0.0208	0.0208	0.0208	0.0208	0.0208	0.0208	0.0208	0.0211	0.0212	0.0208	0.0208	0	0.0209	0.0208	0.0208	0.0208	0.0206	0.0208	0.0208	0.0208	0.0208
  h	0.0208	0.021	0.021	0.0208	0.0208	0.0208	0.0208	0.0208	0.0207	0.0312	0.0208	0.0208	0.0296	0.021	0.0314	0.0208	0.0208	0.0208	0.0208	0.0311	0.021	0.0309	0.0208	0.0208	0.0208	0.0326	0.0208	0.0208	0.0423	0.0208	0.0208	0.0208	0.0208	0.0209	0.0213	0.0223	0.0208	0.0208	0.0208	0	0.0208	0.0208	0.0208	0.0207	0.0434	0.0237	0.0208	0.0298
  i	0.0206	0.0207	0.0207	0.0206	0.0205	0.0205	0.0205	0.0205	0.0205	0.0207	0.0206	0.0205	0.0206	0.0207	0.0205	0.0206	0.0226	0.0205	0.0205	0.0206	0.0208	0.0205	0.0216	0.0389	0.0218	0.0207	0.0205	0.0219	0.0206	0.0205	0.0205	0.0207	0.0205	0.0208	0.0317	0.0211	0.0205	0.0205	0.0205	0.0207	0	0.0206	0.0206	0.0204	0.0205	0.0205	0.0205	0.0205
  j	0.0245	0.0205	0.0205	0.0204	0.0203	0.0203	0.0203	0.0203	0.0203	0.0205	0.0204	0.0203	0.0204	0.0205	0.0204	0.0204	0.0203	0.0203	0.0203	0.0214	0.0207	0.0203	0.0205	0.0203	0.0204	0.0206	0.0203	0.0203	0.0204	0.0203	0.0203	0.0204	0.0203	0.0204	0.0281	0.0208	0.0203	0.0203	0.0203	0.0205	0.0204	0	0.0204	0.0203	0.0204	0.0203	0.0203	0.0203
  k	0.0207	0.0208	0.0208	0.0207	0.0206	0.0206	0.0206	0.0206	0.0206	0.0308	0.0206	0.0206	0.0207	0.0208	0.0206	0.0206	0.0206	0.0206	0.0206	0.0206	0.0208	0.0206	0.0207	0.0206	0.0207	0.0209	0.0206	0.0206	0.0207	0.0206	0.0206	0.0207	0.0206	0.0206	0.0221	0.0211	0.0206	0.0206	0.0206	0.0208	0.0207	0.0207	0	0.0205	0.0207	0.0206	0.0206	0.0206
  l	0.0339	0.0225	0.0226	0.0224	0.0224	0.0282	0.0333	0.0223	0.252	0.0224	0.0224	0.0335	0.0224	0.0226	0.0224	0.0224	0.0223	0.0223	0.0223	0.0226	0.0226	0.0224	0.0339	0.0223	0.0224	0.0226	0.0792	0.0224	0.0224	0.0224	0.0224	0.0224	0.0224	0.0224	0.023	0.0228	0.0223	0.0223	0.0224	0.0225	0.0224	0.0225	0.0224	0	0.0224	0.0224	0.0224	0.0224
  m	0.0202	0.0203	0.0203	0.0202	0.0202	0.0202	0.0202	0.0202	0.0201	0.0202	0.0202	0.0202	0.0203	0.0204	0.0203	0.0202	0.0202	0.0202	0.0202	0.0203	0.0204	0.0202	0.0202	0.0202	0.0202	0.0206	0.0202	0.0202	0.0203	0.0202	0.0202	0.0202	0.0202	0.0202	0.0205	0.0224	0.0202	0.0202	0.0202	0.0424	0.0202	0.0202	0.0202	0.02	0	0.0254	0.0202	0.0225
  n	0.0201	0.0202	0.0203	0.0201	0.0201	0.0201	0.0201	0.0201	0.0201	0.0201	0.0201	0.0201	0.0202	0.0203	0.0201	0.0201	0.0201	0.0201	0.0201	0.0201	0.0203	0.0201	0.0201	0.0201	0.0201	0.0203	0.0201	0.0201	0.0201	0.0201	0.0201	0.0201	0.0201	0.0201	0.0204	0.0324	0.0201	0.0201	0.0201	0.0231	0.0201	0.0201	0.0201	0.02	0.0253	0	0.0201	0.0201
  o	0.0206	0.0208	0.0208	0.0206	0.0206	0.0206	0.0206	0.0206	0.0206	0.0206	0.0206	0.0206	0.0227	0.0208	0.0206	0.0206	0.0206	0.0206	0.0206	0.0206	0.0208	0.0206	0.0207	0.0206	0.0298	0.0209	0.0206	0.0206	0.0207	0.0206	0.0206	0.0206	0.0206	0.0206	0.0212	0.0212	0.0206	0.0206	0.0206	0.0208	0.0206	0.0206	0.0206	0.0205	0.0206	0.0206	0	0.0207
  p	0.0207	0.0208	0.0208	0.0207	0.0207	0.0207	0.0207	0.0207	0.0206	0.0207	0.0207	0.0207	0.0209	0.0209	0.0207	0.0207	0.0207	0.0206	0.0206	0.0207	0.0209	0.0207	0.0207	0.0207	0.0311	0.0209	0.0206	0.0207	0.0207	0.0207	0.0207	0.0207	0.0207	0.0207	0.0212	0.0212	0.0207	0.0207	0.0207	0.0298	0.0207	0.0207	0.0207	0.0205	0.0231	0.0207	0.0208	0
