Map from character to field name
A:	Argentina/unknown
B:	Australia/unknown
C:	Austria/unknown
D:	Azerbaijan/unknown
E:	Belgium/unknown
F:	Brazil/unknown
G:	British Virgin Islands/unknown
H:	Bulgaria/unknown
I:	Canada/unknown
J:	Central African Republic/unknown
K:	China/unknown
L:	Colombia/unknown
M:	Cyprus/unknown
N:	Czech Republic/unknown
O:	Democratic Republic of the Congo/unknown
P:	Egypt/unknown
Q:	France/unknown
R:	Germany/unknown
S:	Greece/unknown
T:	Hungary/unknown
U:	India/unknown
V:	Iran/unknown
W:	Israel/unknown
X:	Italy/unknown
Y:	Kenya/unknown
Z:	Madagascar/unknown
[:	Mexico/unknown
\:	Morocco/unknown
]:	Namibia/unknown
^:	Netherlands/unknown
_:	Niger/unknown
`:	Nigeria/unknown
a:	Romania/unknown
b:	Russia/unknown
c:	Senegal/unknown
d:	Serbia/unknown
e:	Slovakia/unknown
f:	Slovenia/unknown
g:	South Africa/unknown
h:	Spain/unknown
i:	Tunisia/unknown
j:	Turkey/unknown
k:	USA/unknown
l:	Uganda/unknown
m:	Ukraine/unknown
n:	United Arab Emirates/unknown
o:	Zambia/unknown
p:	?


Substitution rate (mu): 42.761617

Equilibrium frequencies (pi_i):
  A: 0.0199
  B: 0.0222
  C: 0.0208
  D: 0.0215
  E: 0.0218
  F: 0.0196
  G: 0.0196
  H: 0.0221
  I: 0.0085
  J: 0.0214
  K: 0.0214
  L: 0.0196
  M: 0.0219
  N: 0.0225
  O: 0.0214
  P: 0.0213
  Q: 0.0215
  R: 0.0226
  S: 0.0227
  T: 0.0218
  U: 0.0219
  V: 0.0211
  W: 0.0193
  X: 0.023
  Y: 0.0212
  Z: 0.0218
  [: 0.0148
  \: 0.0221
  ]: 0.0214
  ^: 0.0217
  _: 0.022
  `: 0.0214
  a: 0.0211
  b: 0.0223
  c: 0.0239
  d: 0.0222
  e: 0.022
  f: 0.022
  g: 0.022
  h: 0.0222
  i: 0.0215
  j: 0.0219
  k: 0.0268
  l: 0.0213
  m: 0.0215
  n: 0.0218
  o: 0.0219

Symmetrized rates from j->i (W_ij):
	A	B	C	D	E	F	G	H	I	J	K	L	M	N	O	P	Q	R	S	T	U	V	W	X	Y	Z	[	\	]	^	_	`	a	b	c	d	e	f	g	h	i	j	k	l	m	n	o
  A	0	0.9733	0.9756	0.971	0.9708	0.9706	0.9706	0.9707	0.97	0.971	0.9707	0.9712	0.9735	0.9766	0.971	0.9709	0.9706	0.9699	0.9703	0.9716	0.975	0.9706	1.4583	0.97	0.9709	0.9776	0.9703	0.9708	0.9718	0.9707	0.9778	0.9713	0.9708	0.9811	0.9846	0.9706	0.9707	0.9708	0.9779	0.9707	0.9713	0.9708	1.4411	0.9711	0.9709	0.9708	0.9708
  B	0.9733	0	0.9847	0.979	0.9735	0.9731	0.9731	0.9735	0.9711	0.9756	0.9742	0.973	0.9811	0.9877	0.9747	0.976	0.974	0.9731	0.9731	0.9746	1.1409	0.9743	1.0049	0.973	0.9748	1.0112	0.9721	0.9738	0.9767	0.9735	0.9852	0.9765	0.9748	1.1559	1.0051	0.9735	0.9737	0.9736	1.0171	0.9746	0.9747	0.9738	0.9615	0.9749	0.9738	0.9736	0.974
  C	0.9756	0.9847	0	0.9773	0.9762	0.9754	0.9754	0.9764	0.9721	0.9776	0.9769	0.9754	0.9819	2.5232	0.9771	0.9771	0.9765	3.9067	1.0737	1.1703	0.9915	0.977	0.98	1.9494	0.977	1.0009	0.974	0.9764	0.9788	1.46	0.9872	0.9774	0.9776	1.0958	1.0068	1.3582	2.4331	1.4579	1.0087	0.9771	0.9771	0.9764	0.9654	0.9774	0.9764	0.9762	0.9767
  D	0.971	0.979	0.9773	0	0.9712	0.9709	0.971	0.9711	0.9701	0.9733	0.9713	0.9709	0.9744	0.9784	0.9715	0.9805	0.9717	0.9703	0.9706	0.9716	0.9927	0.9711	1.0607	0.9703	0.9726	0.9802	0.9705	0.9713	0.9724	0.9711	0.9791	0.9763	0.9716	1.3805	0.9911	0.971	0.9711	0.9712	0.9809	0.9722	0.9722	0.9714	0.959	0.9716	0.9713	0.9712	0.9713
  E	0.9708	0.9735	0.9762	0.9712	0	0.9707	0.9708	0.9712	0.97	0.9711	0.9709	0.9707	0.9739	0.9772	0.9712	0.971	0.9707	0.97	1.3463	0.9713	0.9753	0.9708	0.9726	0.9701	0.9711	0.9782	0.9703	0.9709	0.972	0.9708	0.9786	0.9714	0.9709	0.9814	0.9859	0.9711	0.9709	1.2738	0.9786	0.9709	0.9712	0.971	0.9585	0.9713	0.971	0.971	0.971
  F	0.9706	0.9731	0.9754	0.9709	0.9707	0	0.9706	0.9707	0.97	0.9709	0.9707	0.9705	0.9734	0.9764	0.971	0.9708	0.9705	0.9699	0.9702	0.9708	0.9746	0.9706	0.9722	0.9699	0.9708	0.9773	0.9713	0.9707	0.9717	0.9706	0.9776	0.9712	0.9707	0.9801	0.9842	0.9706	0.9707	0.9707	0.9776	0.9707	0.971	0.9708	1.4388	0.9711	0.9708	0.9708	0.9708
  G	0.9706	0.9731	0.9754	0.971	0.9708	0.9706	0	0.9707	0.9731	0.9709	0.9707	0.9706	0.9735	0.9764	0.971	0.9709	0.9705	0.9699	0.9703	0.9709	0.9747	0.9706	0.9722	0.97	0.9709	0.9773	0.9703	0.9707	0.9717	0.9707	0.9776	0.9712	0.9708	0.9801	0.9842	0.9706	0.9707	0.9708	0.9777	0.9707	0.971	0.9708	1.4362	0.9711	0.9709	0.9708	0.9708
  H	0.9707	0.9735	0.9764	0.9711	0.9712	0.9707	0.9707	0	0.97	0.9711	0.9709	0.9707	0.974	0.9773	0.9712	0.971	0.9707	0.9699	1.7766	1.0197	0.9753	0.9708	0.9726	0.97	0.971	0.9783	0.9703	0.9709	0.972	0.9708	0.9787	0.9714	0.9709	0.9815	0.9861	1.2979	0.9708	0.9711	0.9787	0.9708	0.9712	0.9709	0.9583	0.9713	0.971	0.971	0.971
  I	0.97	0.9711	0.9721	0.9701	0.97	0.97	0.9731	0.97	0	0.9701	0.97	0.97	0.9712	0.9725	0.9701	0.97	0.9699	0.9696	0.9698	0.97	0.9718	0.9699	0.9708	0.9696	0.97	0.9729	0.9699	0.97	0.9704	0.9699	0.9731	0.9702	0.97	0.9742	0.976	0.9699	0.9699	0.97	0.9731	0.97	0.9701	0.97	11.371	0.9702	0.97	0.97	0.97
  J	0.971	0.9756	0.9776	0.9733	0.9711	0.9709	0.9709	0.9711	0.9701	0	0.9719	0.9709	0.9751	0.9787	0.9715	0.9718	0.9729	0.9702	0.9706	0.9723	0.9828	0.9711	1.0325	0.9703	0.9749	0.981	0.9705	0.9714	0.9726	0.971	0.9794	0.976	0.9721	1.3732	0.9923	0.971	0.971	0.9711	1.4682	0.9748	0.9748	1.4387	0.959	0.9717	0.9713	0.9712	0.9713
  K	0.9707	0.9742	0.9769	0.9713	0.9709	0.9707	0.9707	0.9709	0.97	0.9719	0	0.9707	0.9739	0.9779	0.9712	0.9711	0.9709	0.97	0.9703	0.9715	0.9967	0.9708	0.9853	0.97	0.9714	0.9787	0.9703	0.9709	0.972	0.9708	0.9787	0.9719	0.971	1.4586	0.9869	0.9708	0.9708	0.9709	0.979	0.9711	0.9726	0.971	0.9587	0.9713	0.971	0.971	0.971
  L	0.9712	0.973	0.9754	0.9709	0.9707	0.9705	0.9706	0.9707	0.97	0.9709	0.9707	0	0.9734	0.9764	0.971	0.9708	0.9705	0.9699	0.9702	0.9708	0.9746	0.9706	0.9722	0.9699	0.9708	0.9773	0.9702	0.9707	0.9717	0.9706	0.9776	0.9712	0.9707	0.9801	0.9842	0.9706	0.9706	0.9707	0.9776	0.9707	0.971	0.9707	1.4403	0.9711	0.9708	0.9708	0.9708
  M	0.9735	0.9811	0.9819	0.9744	0.9739	0.9734	0.9735	0.974	0.9712	0.9751	0.9739	0.9734	0	0.9841	0.9781	0.9742	0.9764	0.9734	0.9735	0.975	0.9852	0.9747	0.9785	0.9734	1.4063	1.0258	0.9724	0.9745	1.0073	0.9739	0.984	0.9746	0.9742	1.0071	1.0065	0.9739	0.974	0.974	1.363	0.9741	0.9743	0.974	0.962	0.9767	0.9743	1.0538	0.9798
  N	0.9766	0.9877	2.5232	0.9784	0.9772	0.9764	0.9764	0.9773	0.9725	0.9787	0.9779	0.9764	0.9841	0	0.9784	0.9782	0.9774	1.4761	0.9771	0.9786	0.9953	0.978	0.9815	0.9781	0.978	1.0082	0.9747	0.9775	0.9803	0.9796	0.9914	0.9785	0.9786	1.1046	1.0171	0.9778	0.981	0.9823	1.016	0.9781	0.9781	0.9774	0.9657	0.9786	0.9775	0.9773	0.9778
  O	0.971	0.9747	0.9771	0.9715	0.9712	0.971	0.971	0.9712	0.9701	0.9715	0.9712	0.971	0.9781	0.9784	0	0.9714	0.971	0.9704	0.9707	0.9718	0.9769	0.9719	0.9731	0.9704	0.9714	0.9977	0.9706	0.9712	0.9737	0.9711	0.9795	0.9717	0.9713	0.984	0.9882	0.9711	0.9712	0.9712	1.47	0.9712	0.9715	0.9713	0.9591	0.9764	0.9716	0.9713	0.9715
  P	0.9709	0.976	0.9771	0.9805	0.971	0.9708	0.9709	0.971	0.97	0.9718	0.9711	0.9708	0.9742	0.9782	0.9714	0	0.9711	0.9701	0.9705	0.9713	1.2578	0.971	1.0445	0.9702	0.9716	0.9795	0.9704	0.9711	0.9722	0.971	0.9789	0.9728	0.9713	1.4143	0.988	0.9709	0.971	0.9711	0.9798	0.9713	0.9716	0.9712	0.959	0.9715	0.9712	0.9711	0.9711
  Q	0.9706	0.974	0.9765	0.9717	0.9707	0.9705	0.9705	0.9707	0.9699	0.9729	0.9709	0.9705	0.9764	0.9774	0.971	0.9711	0	0.9698	0.9701	0.9711	0.9774	0.9706	1.3434	2.4893	1.2062	0.9784	0.9702	1.7911	0.9718	0.9706	0.9785	0.9729	0.9863	1.2206	0.9942	0.9706	0.9706	0.9707	0.9788	1.8818	0.9719	0.971	0.9585	0.9711	0.9708	0.9734	0.9725
  R	0.9699	0.9731	3.9067	0.9703	0.97	0.9699	0.9699	0.9699	0.9696	0.9702	0.97	0.9699	0.9734	1.4761	0.9704	0.9701	0.9698	0	0.9696	0.9705	0.9751	0.9699	0.972	1.4544	0.9702	0.9791	0.9697	0.9699	0.9712	0.9724	0.9789	0.9705	0.97	0.9868	0.9883	0.9704	0.9707	0.9703	0.9792	0.9699	0.9703	0.97	0.9569	0.9705	0.9701	0.9701	0.9701
  S	0.9703	0.9731	1.0737	0.9706	1.3463	0.9702	0.9703	1.7766	0.9698	0.9706	0.9703	0.9702	0.9735	0.9771	0.9707	0.9705	0.9701	0.9696	0	1.6904	0.9749	0.9703	0.9723	0.9695	0.9705	0.978	0.97	0.9703	0.9715	0.9703	0.9783	0.9709	0.9704	0.9816	0.986	2.16	0.9703	1.3178	0.9784	0.9703	0.9708	0.9704	0.9574	0.9708	0.9705	0.9704	0.9704
  T	0.9716	0.9746	1.1703	0.9716	0.9713	0.9708	0.9709	1.0197	0.97	0.9723	0.9715	0.9708	0.975	0.9786	0.9718	0.9713	0.9711	0.9705	1.6904	0	0.9781	0.9711	1.4536	0.9703	0.9717	0.9807	0.9704	0.9711	0.9739	0.971	0.9794	0.9721	0.9713	1.0608	0.9885	2.1322	0.9711	0.9714	1.4653	0.9714	1.0091	0.9712	0.9602	0.9766	0.9714	0.9711	0.9712
  U	0.975	1.1409	0.9915	0.9927	0.9753	0.9746	0.9747	0.9753	0.9718	0.9828	0.9967	0.9746	0.9852	0.9953	0.9769	1.2578	0.9774	0.9751	0.9749	0.9781	0	0.9763	1.0785	0.9749	0.9795	1.0306	0.9733	0.9759	0.9794	0.9752	0.9902	0.9833	0.9775	1.9489	1.0215	0.9753	0.9755	0.9754	1.034	0.9798	0.9818	0.9762	0.9639	0.9769	0.9755	0.9754	0.9759
  V	0.9706	0.9743	0.977	0.9711	0.9708	0.9706	0.9706	0.9708	0.9699	0.9711	0.9708	0.9706	0.9747	0.978	0.9719	0.971	0.9706	0.9699	0.9703	0.9711	0.9763	0	0.9728	0.9705	0.971	0.9804	0.9703	0.9708	0.9723	0.9707	0.9789	0.9714	1.2516	1.3175	0.9874	0.9707	0.9707	0.9708	1.4572	0.9708	0.9712	0.9709	0.9588	0.9727	0.971	0.9709	0.9709
  W	1.4583	1.0049	0.98	1.0607	0.9726	0.9722	0.9722	0.9726	0.9708	1.0325	0.9853	0.9722	0.9785	0.9815	0.9731	1.0445	1.3434	0.972	0.9723	1.4536	1.0785	0.9728	0	0.981	1.0888	0.9881	0.9715	1.0933	0.9742	0.9725	0.9808	1.0232	1.0044	2.0393	1.0326	0.9727	0.9726	0.9726	0.9903	1.0323	1.1928	0.9804	1.4467	0.9732	0.9728	0.9745	0.974
  X	0.97	0.973	1.9494	0.9703	0.9701	0.9699	0.97	0.97	0.9696	0.9703	0.97	0.9699	0.9734	0.9781	0.9704	0.9702	2.4893	1.4544	0.9695	0.9703	0.9749	0.9705	0.981	0	0.9764	0.9783	0.9697	0.9936	0.9713	0.97	0.9785	0.9707	1.4568	0.991	0.9869	0.97	0.97	0.9701	0.9786	1.0676	0.9704	0.9701	0.9568	0.9705	0.9702	0.9702	0.9702
  Y	0.9709	0.9748	0.977	0.9726	0.9711	0.9708	0.9709	0.971	0.97	0.9749	0.9714	0.9708	1.4063	0.978	0.9714	0.9716	1.2062	0.9702	0.9705	0.9717	0.9795	0.971	1.0888	0.9764	0	0.9794	0.9704	1.0412	0.9723	0.971	0.9792	0.9747	1.0016	1.3675	1.4679	0.9709	0.971	0.9711	0.9802	0.985	0.9728	0.9715	0.9591	0.9716	0.9713	1.4045	1.4575
  Z	0.9776	1.0112	1.0009	0.9802	0.9782	0.9773	0.9773	0.9783	0.9729	0.981	0.9787	0.9773	1.0258	1.0082	0.9977	0.9795	0.9784	0.9791	0.978	0.9807	1.0306	0.9804	0.9881	0.9783	0.9794	0	0.9754	0.9785	0.995	0.9783	0.9987	0.9798	0.9793	1.0778	1.0391	0.9784	0.9789	0.9785	1.5763	0.979	0.9791	0.9785	0.9674	0.9852	0.979	0.9784	0.9799
  [	0.9703	0.9721	0.974	0.9705	0.9703	0.9713	0.9703	0.9703	0.9699	0.9705	0.9703	0.9702	0.9724	0.9747	0.9706	0.9704	0.9702	0.9697	0.97	0.9704	0.9733	0.9703	0.9715	0.9697	0.9704	0.9754	0	0.9703	0.9711	0.9703	0.9756	0.9707	0.9704	0.9775	0.9806	0.9703	0.9703	0.9703	0.9756	0.9703	0.9705	0.9704	3.3788	0.9706	0.9704	0.9704	0.9704
  \	0.9708	0.9738	0.9764	0.9713	0.9709	0.9707	0.9707	0.9709	0.97	0.9714	0.9709	0.9707	0.9745	0.9775	0.9712	0.9711	1.7911	0.9699	0.9703	0.9711	0.9759	0.9708	1.0933	0.9936	1.0412	0.9785	0.9703	0	0.972	0.9708	0.9787	0.9717	0.9738	1.0637	0.9882	0.9708	0.9708	0.9709	0.9788	0.9865	0.9714	0.971	0.9584	0.9713	0.971	0.9715	0.9713
  ]	0.9718	0.9767	0.9788	0.9724	0.972	0.9717	0.9717	0.972	0.9704	0.9726	0.972	0.9717	1.0073	0.9803	0.9737	0.9722	0.9718	0.9712	0.9715	0.9739	0.9794	0.9723	0.9742	0.9713	0.9723	0.995	0.9711	0.972	0	0.9719	0.9811	0.9725	0.9721	0.988	0.9917	0.9719	0.972	0.972	1.968	0.972	0.9723	0.9721	0.9601	0.975	0.9724	0.9721	0.9725
  ^	0.9707	0.9735	1.46	0.9711	0.9708	0.9706	0.9707	0.9708	0.9699	0.971	0.9708	0.9706	0.9739	0.9796	0.9711	0.971	0.9706	0.9724	0.9703	0.971	0.9752	0.9707	0.9725	0.97	0.971	0.9783	0.9703	0.9708	0.9719	0	0.9786	0.9713	0.9708	0.982	0.9861	0.9707	0.9708	0.9708	0.9786	0.9708	0.9711	0.9709	0.9585	0.9712	0.971	0.9709	0.9709
  _	0.9778	0.9852	0.9872	0.9791	0.9786	0.9776	0.9776	0.9787	0.9731	0.9794	0.9787	0.9776	0.984	0.9914	0.9795	0.9789	0.9785	0.9789	0.9783	0.9794	0.9902	0.9789	0.9808	0.9785	0.9792	0.9987	0.9756	0.9787	0.9811	0.9786	0	0.9796	0.9789	1.0095	1.0243	0.9787	0.979	0.9788	1.0081	0.9789	0.979	0.9787	0.9677	0.98	0.9792	0.9787	0.9792
  `	0.9713	0.9765	0.9774	0.9763	0.9714	0.9712	0.9712	0.9714	0.9702	0.976	0.9719	0.9712	0.9746	0.9785	0.9717	0.9728	0.9729	0.9705	0.9709	0.9721	0.9833	0.9714	1.0232	0.9707	0.9747	0.9798	0.9707	0.9717	0.9725	0.9713	0.9796	0	0.9724	1.3026	1.3603	0.9713	0.9714	0.9714	0.9803	0.9744	0.9734	0.9719	0.9594	0.9719	0.9718	0.9715	0.9715
  a	0.9708	0.9748	0.9776	0.9716	0.9709	0.9707	0.9708	0.9709	0.97	0.9721	0.971	0.9707	0.9742	0.9786	0.9713	0.9713	0.9863	0.97	0.9704	0.9713	0.9775	1.2516	1.0044	1.4568	1.0016	0.9793	0.9704	0.9738	0.9721	0.9708	0.9789	0.9724	0	1.9813	0.9888	0.9708	0.9709	0.9709	0.984	0.9744	0.9718	0.9711	0.959	0.9714	0.971	0.9712	0.9711
  b	0.9811	1.1559	1.0958	1.3805	0.9814	0.9801	0.9801	0.9815	0.9742	1.3732	1.4586	0.9801	1.0071	1.1046	0.984	1.4143	1.2206	0.9868	0.9816	1.0608	1.9489	1.3175	2.0393	0.991	1.3675	1.0778	0.9775	1.0637	0.988	0.982	1.0095	1.3026	1.9813	0	1.298	0.9823	0.9838	0.9823	1.0711	1.3861	1.2834	1.0296	0.9721	0.9841	0.9821	0.9908	0.9884
  c	0.9846	1.0051	1.0068	0.9911	0.9859	0.9842	0.9842	0.9861	0.976	0.9923	0.9869	0.9842	1.0065	1.0171	0.9882	0.988	0.9942	0.9883	0.986	0.9885	1.0215	0.9874	1.0326	0.9869	1.4679	1.0391	0.9806	0.9882	0.9917	0.9861	1.0243	1.3603	0.9888	1.298	0	0.9864	0.9871	0.9864	1.1158	0.9904	0.9885	0.9866	0.9755	1.0902	1.5179	0.9953	0.993
  d	0.9706	0.9735	1.3582	0.971	0.9711	0.9706	0.9706	1.2979	0.9699	0.971	0.9708	0.9706	0.9739	0.9778	0.9711	0.9709	0.9706	0.9704	2.16	2.1322	0.9753	0.9707	0.9727	0.97	0.9709	0.9784	0.9703	0.9708	0.9719	0.9707	0.9787	0.9713	0.9708	0.9823	0.9864	0	0.9708	0.9712	0.9792	0.9707	0.9712	0.9708	0.9581	0.9712	0.9709	0.9709	0.9709
  e	0.9707	0.9737	2.4331	0.9711	0.9709	0.9707	0.9707	0.9708	0.9699	0.971	0.9708	0.9706	0.974	0.981	0.9712	0.971	0.9706	0.9707	0.9703	0.9711	0.9755	0.9707	0.9726	0.97	0.971	0.9789	0.9703	0.9708	0.972	0.9708	0.979	0.9714	0.9709	0.9838	0.9871	0.9708	0	0.9719	0.9791	0.9708	0.9711	0.9709	0.9583	0.9713	0.971	0.9709	0.9709
  f	0.9708	0.9736	1.4579	0.9712	1.2738	0.9707	0.9708	0.9711	0.97	0.9711	0.9709	0.9707	0.974	0.9823	0.9712	0.9711	0.9707	0.9703	1.3178	0.9714	0.9754	0.9708	0.9726	0.9701	0.9711	0.9785	0.9703	0.9709	0.972	0.9708	0.9788	0.9714	0.9709	0.9823	0.9864	0.9712	0.9719	0	0.9789	0.9709	0.9712	0.971	0.9584	0.9713	0.9711	0.971	0.971
  g	0.9779	1.0171	1.0087	0.9809	0.9786	0.9776	0.9777	0.9787	0.9731	1.4682	0.979	0.9776	1.363	1.016	1.47	0.9798	0.9788	0.9792	0.9784	1.4653	1.034	1.4572	0.9903	0.9786	0.9802	1.5763	0.9756	0.9788	1.968	0.9786	1.0081	0.9803	0.984	1.0711	1.1158	0.9792	0.9791	0.9789	0	0.9793	0.9795	0.9789	0.9676	1.9732	1.0932	0.979	1.3944
  h	0.9707	0.9746	0.9771	0.9722	0.9709	0.9707	0.9707	0.9708	0.97	0.9748	0.9711	0.9707	0.9741	0.9781	0.9712	0.9713	1.8818	0.9699	0.9703	0.9714	0.9798	0.9708	1.0323	1.0676	0.985	0.979	0.9703	0.9865	0.972	0.9708	0.9789	0.9744	0.9744	1.3861	0.9904	0.9707	0.9708	0.9709	0.9793	0	0.9726	0.9713	0.9583	0.9713	0.971	0.971	0.971
  i	0.9713	0.9747	0.9771	0.9722	0.9712	0.971	0.971	0.9712	0.9701	0.9748	0.9726	0.971	0.9743	0.9781	0.9715	0.9716	0.9719	0.9703	0.9708	1.0091	0.9818	0.9712	1.1928	0.9704	0.9728	0.9791	0.9705	0.9714	0.9723	0.9711	0.979	0.9734	0.9718	1.2834	0.9885	0.9712	0.9711	0.9712	0.9795	0.9726	0	0.9716	0.9596	0.9716	0.9713	0.9713	0.9713
  j	0.9708	0.9738	0.9764	0.9714	0.971	0.9708	0.9708	0.9709	0.97	1.4387	0.971	0.9707	0.974	0.9774	0.9713	0.9712	0.971	0.97	0.9704	0.9712	0.9762	0.9709	0.9804	0.9701	0.9715	0.9785	0.9704	0.971	0.9721	0.9709	0.9787	0.9719	0.9711	1.0296	0.9866	0.9708	0.9709	0.971	0.9789	0.9713	0.9716	0	0.9586	0.9714	0.9711	0.971	0.971
  k	1.4411	0.9615	0.9654	0.959	0.9585	1.4388	1.4362	0.9583	11.371	0.959	0.9587	1.4403	0.962	0.9657	0.9591	0.959	0.9585	0.9569	0.9574	0.9602	0.9639	0.9588	1.4467	0.9568	0.9591	0.9674	3.3788	0.9584	0.9601	0.9585	0.9677	0.9594	0.959	0.9721	0.9755	0.9581	0.9583	0.9584	0.9676	0.9583	0.9596	0.9586	0	0.9593	0.9588	0.9586	0.9586
  l	0.9711	0.9749	0.9774	0.9716	0.9713	0.9711	0.9711	0.9713	0.9702	0.9717	0.9713	0.9711	0.9767	0.9786	0.9764	0.9715	0.9711	0.9705	0.9708	0.9766	0.9769	0.9727	0.9732	0.9705	0.9716	0.9852	0.9706	0.9713	0.975	0.9712	0.98	0.9719	0.9714	0.9841	1.0902	0.9712	0.9713	0.9713	1.9732	0.9713	0.9716	0.9714	0.9593	0	1.2312	0.9714	1.0869
  m	0.9709	0.9738	0.9764	0.9713	0.971	0.9708	0.9709	0.971	0.97	0.9713	0.971	0.9708	0.9743	0.9775	0.9716	0.9712	0.9708	0.9701	0.9705	0.9714	0.9755	0.971	0.9728	0.9702	0.9713	0.979	0.9704	0.971	0.9724	0.971	0.9792	0.9718	0.971	0.9821	1.5179	0.9709	0.971	0.9711	1.0932	0.971	0.9713	0.9711	0.9588	1.2312	0	0.9711	0.9712
  n	0.9708	0.9736	0.9762	0.9712	0.971	0.9708	0.9708	0.971	0.97	0.9712	0.971	0.9708	1.0538	0.9773	0.9713	0.9711	0.9734	0.9701	0.9704	0.9711	0.9754	0.9709	0.9745	0.9702	1.4045	0.9784	0.9704	0.9715	0.9721	0.9709	0.9787	0.9715	0.9712	0.9908	0.9953	0.9709	0.9709	0.971	0.979	0.971	0.9713	0.971	0.9586	0.9714	0.9711	0	0.9761
  o	0.9708	0.974	0.9767	0.9713	0.971	0.9708	0.9708	0.971	0.97	0.9713	0.971	0.9708	0.9798	0.9778	0.9715	0.9711	0.9725	0.9701	0.9704	0.9712	0.9759	0.9709	0.974	0.9702	1.4575	0.9799	0.9704	0.9713	0.9725	0.9709	0.9792	0.9715	0.9711	0.9884	0.993	0.9709	0.9709	0.971	1.3944	0.971	0.9713	0.971	0.9586	1.0869	0.9712	0.9761	0

Actual rates from j->i (Q_ij):
	A	B	C	D	E	F	G	H	I	J	K	L	M	N	O	P	Q	R	S	T	U	V	W	X	Y	Z	[	\	]	^	_	`	a	b	c	d	e	f	g	h	i	j	k	l	m	n	o
  A	0	0.0194	0.0194	0.0193	0.0193	0.0193	0.0193	0.0193	0.0193	0.0193	0.0193	0.0193	0.0194	0.0194	0.0193	0.0193	0.0193	0.0193	0.0193	0.0193	0.0194	0.0193	0.029	0.0193	0.0193	0.0194	0.0193	0.0193	0.0193	0.0193	0.0194	0.0193	0.0193	0.0195	0.0196	0.0193	0.0193	0.0193	0.0195	0.0193	0.0193	0.0193	0.0287	0.0193	0.0193	0.0193	0.0193
  B	0.0217	0	0.0219	0.0218	0.0217	0.0216	0.0217	0.0217	0.0216	0.0217	0.0217	0.0216	0.0218	0.022	0.0217	0.0217	0.0217	0.0217	0.0216	0.0217	0.0254	0.0217	0.0224	0.0216	0.0217	0.0225	0.0216	0.0217	0.0217	0.0217	0.0219	0.0217	0.0217	0.0257	0.0224	0.0217	0.0217	0.0217	0.0226	0.0217	0.0217	0.0217	0.0214	0.0217	0.0217	0.0217	0.0217
  C	0.0203	0.0205	0	0.0203	0.0203	0.0203	0.0203	0.0203	0.0202	0.0203	0.0203	0.0203	0.0204	0.0524	0.0203	0.0203	0.0203	0.0812	0.0223	0.0243	0.0206	0.0203	0.0204	0.0405	0.0203	0.0208	0.0202	0.0203	0.0203	0.0303	0.0205	0.0203	0.0203	0.0228	0.0209	0.0282	0.0506	0.0303	0.021	0.0203	0.0203	0.0203	0.0201	0.0203	0.0203	0.0203	0.0203
  D	0.0209	0.021	0.021	0	0.0209	0.0209	0.0209	0.0209	0.0208	0.0209	0.0209	0.0209	0.0209	0.021	0.0209	0.0211	0.0209	0.0208	0.0209	0.0209	0.0213	0.0209	0.0228	0.0208	0.0209	0.0211	0.0208	0.0209	0.0209	0.0209	0.021	0.021	0.0209	0.0297	0.0213	0.0209	0.0209	0.0209	0.0211	0.0209	0.0209	0.0209	0.0206	0.0209	0.0209	0.0209	0.0209
  E	0.0212	0.0212	0.0213	0.0212	0	0.0212	0.0212	0.0212	0.0212	0.0212	0.0212	0.0212	0.0213	0.0213	0.0212	0.0212	0.0212	0.0212	0.0294	0.0212	0.0213	0.0212	0.0212	0.0212	0.0212	0.0213	0.0212	0.0212	0.0212	0.0212	0.0214	0.0212	0.0212	0.0214	0.0215	0.0212	0.0212	0.0278	0.0214	0.0212	0.0212	0.0212	0.0209	0.0212	0.0212	0.0212	0.0212
  F	0.019	0.019	0.0191	0.019	0.019	0	0.019	0.019	0.019	0.019	0.019	0.019	0.0191	0.0191	0.019	0.019	0.019	0.019	0.019	0.019	0.0191	0.019	0.019	0.019	0.019	0.0191	0.019	0.019	0.019	0.019	0.0191	0.019	0.019	0.0192	0.0193	0.019	0.019	0.019	0.0191	0.019	0.019	0.019	0.0282	0.019	0.019	0.019	0.019
  G	0.019	0.019	0.0191	0.019	0.019	0.019	0	0.019	0.019	0.019	0.019	0.019	0.0191	0.0191	0.019	0.019	0.019	0.019	0.019	0.019	0.0191	0.019	0.019	0.019	0.019	0.0191	0.019	0.019	0.019	0.019	0.0191	0.019	0.019	0.0192	0.0193	0.019	0.019	0.019	0.0191	0.019	0.019	0.019	0.0281	0.019	0.019	0.019	0.019
  H	0.0215	0.0215	0.0216	0.0215	0.0215	0.0215	0.0215	0	0.0214	0.0215	0.0215	0.0215	0.0215	0.0216	0.0215	0.0215	0.0215	0.0214	0.0393	0.0225	0.0216	0.0215	0.0215	0.0214	0.0215	0.0216	0.0215	0.0215	0.0215	0.0215	0.0216	0.0215	0.0215	0.0217	0.0218	0.0287	0.0215	0.0215	0.0216	0.0215	0.0215	0.0215	0.0212	0.0215	0.0215	0.0215	0.0215
  I	0.0082	0.0082	0.0082	0.0082	0.0082	0.0082	0.0082	0.0082	0	0.0082	0.0082	0.0082	0.0082	0.0082	0.0082	0.0082	0.0082	0.0082	0.0082	0.0082	0.0082	0.0082	0.0082	0.0082	0.0082	0.0082	0.0082	0.0082	0.0082	0.0082	0.0082	0.0082	0.0082	0.0082	0.0083	0.0082	0.0082	0.0082	0.0082	0.0082	0.0082	0.0082	0.0962	0.0082	0.0082	0.0082	0.0082
  J	0.0208	0.0209	0.0209	0.0209	0.0208	0.0208	0.0208	0.0208	0.0208	0	0.0208	0.0208	0.0209	0.021	0.0208	0.0208	0.0208	0.0208	0.0208	0.0208	0.0211	0.0208	0.0221	0.0208	0.0209	0.021	0.0208	0.0208	0.0208	0.0208	0.021	0.0209	0.0208	0.0294	0.0213	0.0208	0.0208	0.0208	0.0315	0.0209	0.0209	0.0308	0.0205	0.0208	0.0208	0.0208	0.0208
  K	0.0207	0.0208	0.0209	0.0208	0.0208	0.0207	0.0207	0.0208	0.0207	0.0208	0	0.0207	0.0208	0.0209	0.0208	0.0208	0.0208	0.0207	0.0207	0.0208	0.0213	0.0208	0.0211	0.0207	0.0208	0.0209	0.0207	0.0208	0.0208	0.0208	0.0209	0.0208	0.0208	0.0312	0.0211	0.0208	0.0208	0.0208	0.0209	0.0208	0.0208	0.0208	0.0205	0.0208	0.0208	0.0208	0.0208
  L	0.019	0.019	0.0191	0.019	0.019	0.019	0.019	0.019	0.019	0.019	0.019	0	0.0191	0.0191	0.019	0.019	0.019	0.019	0.019	0.019	0.0191	0.019	0.019	0.019	0.019	0.0191	0.019	0.019	0.019	0.019	0.0191	0.019	0.019	0.0192	0.0193	0.019	0.019	0.019	0.0191	0.019	0.019	0.019	0.0282	0.019	0.019	0.019	0.019
  M	0.0214	0.0215	0.0215	0.0214	0.0214	0.0214	0.0214	0.0214	0.0213	0.0214	0.0214	0.0214	0	0.0216	0.0215	0.0214	0.0214	0.0214	0.0214	0.0214	0.0216	0.0214	0.0215	0.0214	0.0308	0.0225	0.0213	0.0214	0.0221	0.0214	0.0216	0.0214	0.0214	0.0221	0.0221	0.0214	0.0214	0.0214	0.0299	0.0214	0.0214	0.0214	0.0211	0.0214	0.0214	0.0231	0.0215
  N	0.022	0.0222	0.0568	0.022	0.022	0.022	0.022	0.022	0.0219	0.022	0.022	0.022	0.0222	0	0.022	0.022	0.022	0.0332	0.022	0.022	0.0224	0.022	0.0221	0.022	0.022	0.0227	0.0219	0.022	0.0221	0.0221	0.0223	0.022	0.022	0.0249	0.0229	0.022	0.0221	0.0221	0.0229	0.022	0.022	0.022	0.0217	0.022	0.022	0.022	0.022
  O	0.0208	0.0209	0.0209	0.0208	0.0208	0.0208	0.0208	0.0208	0.0208	0.0208	0.0208	0.0208	0.0209	0.0209	0	0.0208	0.0208	0.0208	0.0208	0.0208	0.0209	0.0208	0.0208	0.0208	0.0208	0.0214	0.0208	0.0208	0.0208	0.0208	0.021	0.0208	0.0208	0.0211	0.0212	0.0208	0.0208	0.0208	0.0315	0.0208	0.0208	0.0208	0.0205	0.0209	0.0208	0.0208	0.0208
  P	0.0207	0.0208	0.0208	0.0209	0.0207	0.0207	0.0207	0.0207	0.0207	0.0207	0.0207	0.0207	0.0208	0.0209	0.0207	0	0.0207	0.0207	0.0207	0.0207	0.0268	0.0207	0.0223	0.0207	0.0207	0.0209	0.0207	0.0207	0.0207	0.0207	0.0209	0.0207	0.0207	0.0302	0.0211	0.0207	0.0207	0.0207	0.0209	0.0207	0.0207	0.0207	0.0205	0.0207	0.0207	0.0207	0.0207
  Q	0.0208	0.0209	0.021	0.0209	0.0208	0.0208	0.0208	0.0208	0.0208	0.0209	0.0208	0.0208	0.021	0.021	0.0208	0.0208	0	0.0208	0.0208	0.0208	0.021	0.0208	0.0288	0.0534	0.0259	0.021	0.0208	0.0384	0.0209	0.0208	0.021	0.0209	0.0212	0.0262	0.0213	0.0208	0.0208	0.0208	0.021	0.0404	0.0209	0.0208	0.0206	0.0208	0.0208	0.0209	0.0209
  R	0.0219	0.022	0.0882	0.0219	0.0219	0.0219	0.0219	0.0219	0.0219	0.0219	0.0219	0.0219	0.022	0.0333	0.0219	0.0219	0.0219	0	0.0219	0.0219	0.022	0.0219	0.0219	0.0328	0.0219	0.0221	0.0219	0.0219	0.0219	0.022	0.0221	0.0219	0.0219	0.0223	0.0223	0.0219	0.0219	0.0219	0.0221	0.0219	0.0219	0.0219	0.0216	0.0219	0.0219	0.0219	0.0219
  S	0.022	0.0221	0.0244	0.022	0.0305	0.022	0.022	0.0403	0.022	0.022	0.022	0.022	0.0221	0.0222	0.022	0.022	0.022	0.022	0	0.0383	0.0221	0.022	0.0221	0.022	0.022	0.0222	0.022	0.022	0.022	0.022	0.0222	0.022	0.022	0.0223	0.0224	0.049	0.022	0.0299	0.0222	0.022	0.022	0.022	0.0217	0.022	0.022	0.022	0.022
  T	0.0211	0.0212	0.0255	0.0211	0.0211	0.0211	0.0211	0.0222	0.0211	0.0212	0.0211	0.0211	0.0212	0.0213	0.0212	0.0211	0.0211	0.0211	0.0368	0	0.0213	0.0211	0.0316	0.0211	0.0211	0.0213	0.0211	0.0211	0.0212	0.0211	0.0213	0.0212	0.0211	0.0231	0.0215	0.0464	0.0211	0.0211	0.0319	0.0211	0.022	0.0211	0.0209	0.0213	0.0211	0.0211	0.0211
  U	0.0213	0.0249	0.0217	0.0217	0.0213	0.0213	0.0213	0.0213	0.0212	0.0215	0.0218	0.0213	0.0215	0.0218	0.0214	0.0275	0.0214	0.0213	0.0213	0.0214	0	0.0213	0.0236	0.0213	0.0214	0.0225	0.0213	0.0213	0.0214	0.0213	0.0217	0.0215	0.0214	0.0426	0.0223	0.0213	0.0213	0.0213	0.0226	0.0214	0.0215	0.0213	0.0211	0.0214	0.0213	0.0213	0.0213
  V	0.0205	0.0206	0.0206	0.0205	0.0205	0.0205	0.0205	0.0205	0.0205	0.0205	0.0205	0.0205	0.0206	0.0206	0.0205	0.0205	0.0205	0.0205	0.0205	0.0205	0.0206	0	0.0205	0.0205	0.0205	0.0207	0.0205	0.0205	0.0205	0.0205	0.0207	0.0205	0.0264	0.0278	0.0208	0.0205	0.0205	0.0205	0.0307	0.0205	0.0205	0.0205	0.0202	0.0205	0.0205	0.0205	0.0205
  W	0.0281	0.0194	0.0189	0.0204	0.0187	0.0187	0.0187	0.0187	0.0187	0.0199	0.019	0.0187	0.0189	0.0189	0.0188	0.0201	0.0259	0.0187	0.0187	0.028	0.0208	0.0187	0	0.0189	0.021	0.019	0.0187	0.0211	0.0188	0.0187	0.0189	0.0197	0.0194	0.0393	0.0199	0.0187	0.0187	0.0187	0.0191	0.0199	0.023	0.0189	0.0279	0.0188	0.0187	0.0188	0.0188
  X	0.0223	0.0224	0.0449	0.0223	0.0223	0.0223	0.0223	0.0223	0.0223	0.0223	0.0223	0.0223	0.0224	0.0225	0.0223	0.0223	0.0573	0.0335	0.0223	0.0223	0.0225	0.0223	0.0226	0	0.0225	0.0225	0.0223	0.0229	0.0224	0.0223	0.0225	0.0224	0.0335	0.0228	0.0227	0.0223	0.0223	0.0223	0.0225	0.0246	0.0223	0.0223	0.022	0.0223	0.0223	0.0223	0.0223
  Y	0.0206	0.0206	0.0207	0.0206	0.0206	0.0206	0.0206	0.0206	0.0205	0.0206	0.0206	0.0206	0.0298	0.0207	0.0206	0.0206	0.0255	0.0205	0.0205	0.0206	0.0207	0.0206	0.0231	0.0207	0	0.0207	0.0205	0.022	0.0206	0.0206	0.0207	0.0206	0.0212	0.029	0.0311	0.0206	0.0206	0.0206	0.0208	0.0209	0.0206	0.0206	0.0203	0.0206	0.0206	0.0297	0.0309
  Z	0.0213	0.022	0.0218	0.0213	0.0213	0.0213	0.0213	0.0213	0.0212	0.0214	0.0213	0.0213	0.0223	0.0219	0.0217	0.0213	0.0213	0.0213	0.0213	0.0213	0.0224	0.0213	0.0215	0.0213	0.0213	0	0.0212	0.0213	0.0217	0.0213	0.0217	0.0213	0.0213	0.0235	0.0226	0.0213	0.0213	0.0213	0.0343	0.0213	0.0213	0.0213	0.0211	0.0214	0.0213	0.0213	0.0213
  [	0.0144	0.0144	0.0144	0.0144	0.0144	0.0144	0.0144	0.0144	0.0144	0.0144	0.0144	0.0144	0.0144	0.0144	0.0144	0.0144	0.0144	0.0144	0.0144	0.0144	0.0144	0.0144	0.0144	0.0144	0.0144	0.0144	0	0.0144	0.0144	0.0144	0.0145	0.0144	0.0144	0.0145	0.0145	0.0144	0.0144	0.0144	0.0145	0.0144	0.0144	0.0144	0.0501	0.0144	0.0144	0.0144	0.0144
  \	0.0214	0.0215	0.0216	0.0214	0.0214	0.0214	0.0214	0.0214	0.0214	0.0214	0.0214	0.0214	0.0215	0.0216	0.0214	0.0214	0.0395	0.0214	0.0214	0.0214	0.0215	0.0214	0.0241	0.0219	0.023	0.0216	0.0214	0	0.0215	0.0214	0.0216	0.0214	0.0215	0.0235	0.0218	0.0214	0.0214	0.0214	0.0216	0.0218	0.0214	0.0214	0.0212	0.0214	0.0214	0.0214	0.0214
  ]	0.0208	0.0209	0.0209	0.0208	0.0208	0.0208	0.0208	0.0208	0.0208	0.0208	0.0208	0.0208	0.0215	0.021	0.0208	0.0208	0.0208	0.0208	0.0208	0.0208	0.0209	0.0208	0.0208	0.0208	0.0208	0.0213	0.0208	0.0208	0	0.0208	0.021	0.0208	0.0208	0.0211	0.0212	0.0208	0.0208	0.0208	0.0421	0.0208	0.0208	0.0208	0.0205	0.0209	0.0208	0.0208	0.0208
  ^	0.021	0.0211	0.0316	0.021	0.021	0.021	0.021	0.021	0.021	0.021	0.021	0.021	0.0211	0.0212	0.021	0.021	0.021	0.0211	0.021	0.021	0.0211	0.021	0.0211	0.021	0.021	0.0212	0.021	0.021	0.0211	0	0.0212	0.021	0.021	0.0213	0.0214	0.021	0.021	0.021	0.0212	0.021	0.021	0.021	0.0208	0.021	0.021	0.021	0.021
  _	0.0215	0.0217	0.0217	0.0216	0.0215	0.0215	0.0215	0.0215	0.0214	0.0216	0.0215	0.0215	0.0217	0.0218	0.0216	0.0216	0.0215	0.0216	0.0215	0.0216	0.0218	0.0216	0.0216	0.0215	0.0216	0.022	0.0215	0.0215	0.0216	0.0215	0	0.0216	0.0216	0.0222	0.0226	0.0215	0.0216	0.0215	0.0222	0.0216	0.0216	0.0215	0.0213	0.0216	0.0216	0.0215	0.0216
  `	0.0208	0.0209	0.0209	0.0209	0.0208	0.0208	0.0208	0.0208	0.0207	0.0209	0.0208	0.0208	0.0208	0.0209	0.0208	0.0208	0.0208	0.0207	0.0207	0.0208	0.021	0.0208	0.0219	0.0207	0.0208	0.0209	0.0207	0.0208	0.0208	0.0208	0.0209	0	0.0208	0.0278	0.0291	0.0208	0.0208	0.0208	0.021	0.0208	0.0208	0.0208	0.0205	0.0208	0.0208	0.0208	0.0208
  a	0.0205	0.0206	0.0206	0.0205	0.0205	0.0205	0.0205	0.0205	0.0204	0.0205	0.0205	0.0205	0.0205	0.0206	0.0205	0.0205	0.0208	0.0204	0.0205	0.0205	0.0206	0.0264	0.0212	0.0307	0.0211	0.0206	0.0205	0.0205	0.0205	0.0205	0.0206	0.0205	0	0.0418	0.0208	0.0205	0.0205	0.0205	0.0207	0.0205	0.0205	0.0205	0.0202	0.0205	0.0205	0.0205	0.0205
  b	0.0219	0.0258	0.0245	0.0308	0.0219	0.0219	0.0219	0.0219	0.0217	0.0307	0.0326	0.0219	0.0225	0.0247	0.022	0.0316	0.0273	0.022	0.0219	0.0237	0.0435	0.0294	0.0455	0.0221	0.0305	0.0241	0.0218	0.0237	0.0221	0.0219	0.0225	0.0291	0.0442	0	0.029	0.0219	0.022	0.0219	0.0239	0.0309	0.0287	0.023	0.0217	0.022	0.0219	0.0221	0.0221
  c	0.0235	0.024	0.0241	0.0237	0.0236	0.0235	0.0235	0.0236	0.0233	0.0237	0.0236	0.0235	0.0241	0.0243	0.0236	0.0236	0.0238	0.0236	0.0236	0.0236	0.0244	0.0236	0.0247	0.0236	0.0351	0.0248	0.0234	0.0236	0.0237	0.0236	0.0245	0.0325	0.0236	0.031	0	0.0236	0.0236	0.0236	0.0267	0.0237	0.0236	0.0236	0.0233	0.0261	0.0363	0.0238	0.0237
  d	0.0216	0.0216	0.0302	0.0216	0.0216	0.0216	0.0216	0.0288	0.0215	0.0216	0.0216	0.0216	0.0216	0.0217	0.0216	0.0216	0.0216	0.0216	0.048	0.0474	0.0217	0.0216	0.0216	0.0215	0.0216	0.0217	0.0215	0.0216	0.0216	0.0216	0.0217	0.0216	0.0216	0.0218	0.0219	0	0.0216	0.0216	0.0217	0.0216	0.0216	0.0216	0.0213	0.0216	0.0216	0.0216	0.0216
  e	0.0214	0.0214	0.0536	0.0214	0.0214	0.0214	0.0214	0.0214	0.0214	0.0214	0.0214	0.0214	0.0215	0.0216	0.0214	0.0214	0.0214	0.0214	0.0214	0.0214	0.0215	0.0214	0.0214	0.0214	0.0214	0.0216	0.0214	0.0214	0.0214	0.0214	0.0216	0.0214	0.0214	0.0217	0.0217	0.0214	0	0.0214	0.0216	0.0214	0.0214	0.0214	0.0211	0.0214	0.0214	0.0214	0.0214
  f	0.0214	0.0214	0.0321	0.0214	0.028	0.0214	0.0214	0.0214	0.0214	0.0214	0.0214	0.0214	0.0214	0.0216	0.0214	0.0214	0.0214	0.0214	0.029	0.0214	0.0215	0.0214	0.0214	0.0214	0.0214	0.0215	0.0214	0.0214	0.0214	0.0214	0.0215	0.0214	0.0214	0.0216	0.0217	0.0214	0.0214	0	0.0216	0.0214	0.0214	0.0214	0.0211	0.0214	0.0214	0.0214	0.0214
  g	0.0216	0.0224	0.0222	0.0216	0.0216	0.0216	0.0216	0.0216	0.0215	0.0324	0.0216	0.0216	0.03	0.0224	0.0324	0.0216	0.0216	0.0216	0.0216	0.0323	0.0228	0.0321	0.0218	0.0216	0.0216	0.0347	0.0215	0.0216	0.0434	0.0216	0.0222	0.0216	0.0217	0.0236	0.0246	0.0216	0.0216	0.0216	0	0.0216	0.0216	0.0216	0.0213	0.0435	0.0241	0.0216	0.0307
  h	0.0215	0.0216	0.0217	0.0216	0.0215	0.0215	0.0215	0.0215	0.0215	0.0216	0.0215	0.0215	0.0216	0.0217	0.0215	0.0215	0.0417	0.0215	0.0215	0.0216	0.0217	0.0215	0.0229	0.0237	0.0219	0.0217	0.0215	0.0219	0.0216	0.0215	0.0217	0.0216	0.0216	0.0307	0.022	0.0215	0.0215	0.0215	0.0217	0	0.0216	0.0215	0.0213	0.0215	0.0215	0.0215	0.0215
  i	0.0209	0.021	0.0211	0.0209	0.0209	0.0209	0.0209	0.0209	0.0209	0.021	0.021	0.0209	0.021	0.0211	0.0209	0.0209	0.0209	0.0209	0.0209	0.0217	0.0212	0.0209	0.0257	0.0209	0.021	0.0211	0.0209	0.0209	0.021	0.0209	0.0211	0.021	0.0209	0.0277	0.0213	0.0209	0.0209	0.0209	0.0211	0.021	0	0.0209	0.0207	0.0209	0.0209	0.0209	0.0209
  j	0.0212	0.0213	0.0213	0.0212	0.0212	0.0212	0.0212	0.0212	0.0212	0.0314	0.0212	0.0212	0.0213	0.0214	0.0212	0.0212	0.0212	0.0212	0.0212	0.0212	0.0213	0.0212	0.0214	0.0212	0.0212	0.0214	0.0212	0.0212	0.0212	0.0212	0.0214	0.0212	0.0212	0.0225	0.0216	0.0212	0.0212	0.0212	0.0214	0.0212	0.0212	0	0.0209	0.0212	0.0212	0.0212	0.0212
  k	0.0386	0.0258	0.0259	0.0257	0.0257	0.0386	0.0385	0.0257	0.3047	0.0257	0.0257	0.0386	0.0258	0.0259	0.0257	0.0257	0.0257	0.0256	0.0257	0.0257	0.0258	0.0257	0.0388	0.0256	0.0257	0.0259	0.0905	0.0257	0.0257	0.0257	0.0259	0.0257	0.0257	0.026	0.0261	0.0257	0.0257	0.0257	0.0259	0.0257	0.0257	0.0257	0	0.0257	0.0257	0.0257	0.0257
  l	0.0207	0.0208	0.0208	0.0207	0.0207	0.0207	0.0207	0.0207	0.0207	0.0207	0.0207	0.0207	0.0208	0.0208	0.0208	0.0207	0.0207	0.0207	0.0207	0.0208	0.0208	0.0207	0.0207	0.0207	0.0207	0.021	0.0207	0.0207	0.0208	0.0207	0.0209	0.0207	0.0207	0.021	0.0232	0.0207	0.0207	0.0207	0.042	0.0207	0.0207	0.0207	0.0204	0	0.0262	0.0207	0.0232
  m	0.0209	0.0209	0.021	0.0209	0.0209	0.0209	0.0209	0.0209	0.0208	0.0209	0.0209	0.0209	0.0209	0.021	0.0209	0.0209	0.0209	0.0208	0.0209	0.0209	0.021	0.0209	0.0209	0.0208	0.0209	0.021	0.0209	0.0209	0.0209	0.0209	0.021	0.0209	0.0209	0.0211	0.0326	0.0209	0.0209	0.0209	0.0235	0.0209	0.0209	0.0209	0.0206	0.0265	0	0.0209	0.0209
  n	0.0212	0.0213	0.0213	0.0212	0.0212	0.0212	0.0212	0.0212	0.0212	0.0212	0.0212	0.0212	0.023	0.0214	0.0212	0.0212	0.0213	0.0212	0.0212	0.0212	0.0213	0.0212	0.0213	0.0212	0.0307	0.0214	0.0212	0.0212	0.0212	0.0212	0.0214	0.0212	0.0212	0.0216	0.0217	0.0212	0.0212	0.0212	0.0214	0.0212	0.0212	0.0212	0.0209	0.0212	0.0212	0	0.0213
  o	0.0212	0.0213	0.0213	0.0212	0.0212	0.0212	0.0212	0.0212	0.0212	0.0212	0.0212	0.0212	0.0214	0.0214	0.0212	0.0212	0.0213	0.0212	0.0212	0.0212	0.0213	0.0212	0.0213	0.0212	0.0319	0.0214	0.0212	0.0212	0.0213	0.0212	0.0214	0.0212	0.0212	0.0216	0.0217	0.0212	0.0212	0.0212	0.0305	0.0212	0.0212	0.0212	0.0209	0.0238	0.0212	0.0213	0
