{
  "generated_by": {
    "program": "augur",
    "version": "13.1.0"
  },
  "models": {
    "continent": {
      "alphabet": [
        "Africa",
        "Asia",
        "Europe",
        "North America",
        "Oceania",
        "South America",
        "?"
      ],
      "equilibrium_probabilities": [
        0.12003475540326096,
        0.17745084065001038,
        0.19035823212263114,
        0.1882228135293772,
        0.15164633416503323,
        0.17228702412968716
      ],
      "rate": 10.613064259148523,
      "transition_matrix": [
        [
          0.0,
          2.2696270755707304,
          4.793265337725094,
          0.5573851431570678,
          0.7500211571825285,
          0.7112481631818257
        ],
        [
          2.2696270755707304,
          0.0,
          2.0746767872206293,
          0.885734301470392,
          0.6509610213196679,
          0.928295914607533
        ],
        [
          4.793265337725094,
          2.0746767872206293,
          0.0,
          0.5456044299009538,
          0.7016180314010552,
          0.7833746809400779
        ],
        [
          0.5573851431570678,
          0.885734301470392,
          0.5456044299009538,
          0.0,
          0.5844713994585894,
          1.7702210540636372
        ],
        [
          0.7500211571825285,
          0.6509610213196679,
          0.7016180314010552,
          0.5844713994585894,
          0.0,
          0.6136571412930913
        ],
        [
          0.7112481631818257,
          0.928295914607533,
          0.7833746809400779,
          1.7702210540636372,
          0.6136571412930913,
          0.0
        ]
      ]
    },
    "country": {
      "alphabet": [
        "Argentina",
        "Australia",
        "Austria",
        "Azerbaijan",
        "Belgium",
        "Brazil",
        "British Virgin Islands",
        "Bulgaria",
        "Canada",
        "Central African Republic",
        "China",
        "Colombia",
        "Cyprus",
        "Czech Republic",
        "Democratic Republic of the Congo",
        "Egypt",
        "France",
        "Germany",
        "Greece",
        "Hungary",
        "India",
        "Iran",
        "Israel",
        "Italy",
        "Kenya",
        "Madagascar",
        "Mexico",
        "Morocco",
        "Namibia",
        "Netherlands",
        "Niger",
        "Nigeria",
        "Portugal",
        "Romania",
        "Russia",
        "Senegal",
        "Serbia",
        "Slovakia",
        "Slovenia",
        "South Africa",
        "Spain",
        "Tunisia",
        "Turkey",
        "USA",
        "Uganda",
        "Ukraine",
        "United Arab Emirates",
        "Zambia",
        "?"
      ],
      "equilibrium_probabilities": [
        0.019828887747138996,
        0.021926212493157935,
        0.019061570547572595,
        0.02098193664277176,
        0.021269605326707502,
        0.019493216412838167,
        0.020189283213735133,
        0.021528039218972367,
        0.012820775358423063,
        0.02093946425183744,
        0.02091359502438209,
        0.020201968952180974,
        0.021472826262462337,
        0.02149621833617742,
        0.02098708637452811,
        0.020868194949748183,
        0.020370452935854162,
        0.021919093426723366,
        0.021921531790346855,
        0.02114734297394311,
        0.021774894798539716,
        0.020701263992479405,
        0.020353690398599102,
        0.02195743844566758,
        0.020115123875452324,
        0.02158016744914312,
        0.01772857872243918,
        0.020742775414316718,
        0.021006055486662643,
        0.02114447013259763,
        0.020930273208360054,
        0.02069602804975246,
        0.021049411882372502,
        0.020175801360120857,
        0.021173297593378198,
        0.023848446368557544,
        0.02187458017944915,
        0.021661312756783638,
        0.021428182013535847,
        0.021403107179099875,
        0.020531512360648332,
        0.021040074123927527,
        0.021350570560403806,
        0.022078451429025946,
        0.020863333989111457,
        0.020745567754692277,
        0.02133172066197363,
        0.02137656757340787
      ],
      "rate": 55.824963918237025,
      "transition_matrix": [
        [
          0.0,
          0.9751413175655953,
          0.9754133037439101,
          0.9702407861947049,
          0.967400808533442,
          0.9670072448064996,
          0.9671864058012829,
          0.9674372996718698,
          0.9660749705489388,
          0.975206756248317,
          0.9703568240648865,
          0.9671479647725678,
          0.9713300148667033,
          0.9673668593468554,
          0.9678904562403552,
          0.9683558868828722,
          0.9671325586529962,
          0.9665830846102739,
          0.9671240089840009,
          1.464818551625385,
          0.9824703127193549,
          0.9673963190605732,
          1.469720461035959,
          0.9678474611456843,
          0.9708215029781774,
          0.9778558212149889,
          0.9666782720190139,
          0.9677127421985924,
          0.9686788922171409,
          0.9672886605706098,
          0.9679096865897197,
          0.9722656941327658,
          0.9675815508996618,
          0.9684556872727041,
          1.2941849355940684,
          0.9892032396349683,
          0.967410330416031,
          0.9674086707256835,
          0.9673475110796013,
          0.9754279393578472,
          0.9702930709384001,
          1.1524151336187172,
          0.9681713229597513,
          1.4601652737380384,
          0.9679341064481461,
          0.9674501562594016,
          0.9675369561560869,
          0.967528442348334
        ],
        [
          0.9751413175655953,
          0.0,
          0.9821936893157897,
          0.9839427847082862,
          0.9736542693481217,
          0.9727384137797209,
          0.9731189977491992,
          0.9737619439622573,
          0.9699043359707661,
          0.9770504352853343,
          0.9747044889956156,
          0.9730808524394783,
          0.9779671455641361,
          0.9736808437546582,
          0.9740562711305357,
          0.9769048745253335,
          0.9732199118789561,
          0.9729214756224353,
          0.9733732643906551,
          0.9742308114040074,
          0.9934018776789534,
          0.9739928066727195,
          0.9830140531313506,
          0.9733042612621822,
          0.9755615485432065,
          0.9851426899595954,
          0.9719066412999641,
          0.9738986830399939,
          0.9748759480042296,
          0.9734839105224554,
          0.9740156658680738,
          0.979149962178303,
          0.9744004238526566,
          0.9755551936368384,
          1.1007967075569336,
          0.9993205556464615,
          0.9737180298912188,
          0.9737811008614782,
          0.9736462205838284,
          0.9824761174296653,
          0.9752289750283204,
          0.9756924384741129,
          0.9741215089444138,
          0.9680852923048627,
          0.9740191880514139,
          0.9734259265334891,
          0.9738313359057261,
          0.973807052449462
        ],
        [
          0.9754133037439101,
          0.9821936893157897,
          0.0,
          0.9763386746661096,
          0.975294567785856,
          0.974048881519408,
          0.9744569067081527,
          0.9754568681581114,
          0.9708468272713794,
          0.9758752711872757,
          0.9753662782345386,
          0.9744258876035834,
          0.978871304748804,
          2.7415731655702213,
          0.9753464908086898,
          0.975713251927546,
          0.974603600338461,
          4.4518649498343565,
          1.0771026980060996,
          1.2206353170149533,
          0.9844223605132263,
          0.974950696240198,
          0.9765700121035226,
          1.9382791786389801,
          0.9753738415327134,
          0.985026773068153,
          0.973128038258926,
          0.9752564146461681,
          0.9760597320673697,
          1.4556879609959215,
          0.9752649377892227,
          0.9760747703067171,
          0.9752399375903481,
          0.9756129003241379,
          1.0229382853502158,
          0.9948179847079619,
          2.300032822476095,
          2.4092803927844018,
          1.457174482115482,
          0.9827874169273776,
          0.9752884081827617,
          0.9760554507144489,
          0.9752760562854631,
          0.9703122420408636,
          0.9752727348635625,
          0.9747062011680052,
          0.9752200898982527,
          0.9751773123389816
        ],
        [
          0.9702407861947049,
          0.9839427847082862,
          0.9763386746661096,
          0.0,
          0.9679688704395509,
          0.9674957201466992,
          0.9677103764511054,
          0.9679973442065944,
          0.9662026711315458,
          0.9737727622462332,
          0.9683435315383572,
          0.9676697605425895,
          0.9720769469523661,
          0.9679374447154616,
          0.9684701853291775,
          0.9839753023059699,
          0.9676948368438093,
          0.9671203955426564,
          0.9675261925961799,
          0.9686535299592497,
          0.9814256024989233,
          0.9679060481236517,
          1.0198490559583722,
          0.9683167422117991,
          0.9713895241981234,
          0.9788447307346468,
          0.9670822303054898,
          0.9681944547302498,
          0.9692867698313776,
          0.9678483180778189,
          0.9685160320584596,
          0.9793116000274352,
          0.9705430415690122,
          0.9688364952130338,
          1.4403661756516426,
          0.9948641084787618,
          0.9677431548648533,
          0.9679840593270916,
          0.9679161924885357,
          0.97617825189348,
          0.9702910286790165,
          0.9703744278196589,
          0.9684926703558866,
          0.9622975468844892,
          0.9685081648582078,
          0.9680313088930877,
          0.9681208572584752,
          0.9681123839265406
        ],
        [
          0.967400808533442,
          0.9736542693481217,
          0.975294567785856,
          0.9679688704395509,
          0.0,
          0.9666792981009588,
          0.966869863014997,
          0.9672448631877061,
          0.9656231312308715,
          0.9675729700352195,
          0.9669972113499526,
          0.9668280417707102,
          0.9712949403389082,
          0.9670468486429146,
          0.9676288757290251,
          0.9674061763432895,
          0.966787097552918,
          0.9661977679344735,
          1.2428917125268304,
          0.967515787711281,
          0.9761939411946093,
          0.9669204137097289,
          0.9680916638963573,
          0.9649173498363249,
          0.9674288603102261,
          0.978334956213198,
          0.9663288704986955,
          0.9671275637368415,
          0.9684839881512476,
          0.9669722995851527,
          0.9676560357247292,
          0.9679453377389147,
          0.9670702548369248,
          0.9669953793508967,
          0.9827278205212605,
          0.986090586336485,
          1.2336967140704707,
          1.063585153585747,
          0.9671834827074051,
          0.9755062398148442,
          0.9669027220620999,
          0.9676193494616869,
          0.967156754446586,
          0.9611495896062496,
          0.9676697835272119,
          0.9671644770668046,
          0.9672050938565008,
          0.9672042446396644
        ],
        [
          0.9670072448064996,
          0.9727384137797209,
          0.974048881519408,
          0.9674957201466992,
          0.9666792981009588,
          0.0,
          0.9664947126334867,
          0.9666920224209308,
          0.9654984813800663,
          0.967132164691229,
          0.9666007950282234,
          0.9664566609505477,
          0.9705515532509102,
          0.9666397594526535,
          0.9671807194728462,
          0.9669775678436968,
          0.9664101740274244,
          0.9658540067851488,
          0.9662331877677556,
          0.9668806048593346,
          0.9750798538969411,
          0.9665316756321295,
          0.9676271853037178,
          0.9646882380700018,
          0.9670052163932211,
          0.9770436091071432,
          0.9669479506862866,
          0.9667209629407421,
          0.9679695622634091,
          0.9665743257696553,
          0.967208706772305,
          0.9674772997862481,
          0.9666660738996524,
          0.966605533488854,
          0.9811033109287275,
          0.9841834287596324,
          0.9664155487052608,
          0.9666748895088189,
          0.9666211744653556,
          0.9744340158967228,
          0.9665178222849182,
          0.967184430158691,
          0.966743058789167,
          1.9209266225633932,
          0.9672188926464974,
          0.9667563973215275,
          0.9667871878482535,
          0.9667864628819034
        ],
        [
          0.9671864058012829,
          0.9731189977491992,
          0.9744569067081527,
          0.9677103764511054,
          0.966869863014997,
          0.9664947126334867,
          0.0,
          0.966884191633962,
          0.968087869601826,
          0.9673346115265951,
          0.9667865242108651,
          0.9666303130497628,
          0.9708689943166129,
          0.9668300651465805,
          0.9673858739538361,
          0.9671752387200102,
          0.9665869193209325,
          0.9660179480497562,
          0.9664107354694759,
          0.9670697032438828,
          0.9755353108037226,
          0.9667140710942588,
          0.9678356509906321,
          0.9648088359689095,
          0.9672002594715026,
          0.9775665956949193,
          0.9661755740010015,
          0.9669097410999095,
          0.9681995970060209,
          0.9667606868292346,
          0.9674135531763627,
          0.9676898264224912,
          0.9668546443469147,
          0.9667874806718785,
          0.9817397743609277,
          0.9849368949162987,
          0.966599140294625,
          0.9668670631084709,
          0.9668105572412865,
          0.974873661013355,
          0.9666980646548037,
          0.9673834157609824,
          0.9669357218906547,
          1.4394246115202853,
          0.9674251627448454,
          0.9669463597803581,
          0.9669813326794612,
          0.9669807349232054
        ],
        [
          0.9674372996718698,
          0.9737619439622573,
          0.9754568681581114,
          0.9679973442065944,
          0.9672448631877061,
          0.9666920224209308,
          0.966884191633962,
          0.0,
          0.965629794368233,
          0.9675962828771978,
          0.9670124163861583,
          0.9668418556251495,
          0.9713686643835151,
          0.9670622560468014,
          0.9676527079828546,
          0.9674269514507169,
          0.9668004111984073,
          0.9662014198942126,
          1.4409876862244806,
          0.9860732170826477,
          0.9763363693914526,
          0.9669347743299554,
          0.9681230163169768,
          0.9649074645285615,
          0.9674505135190263,
          0.9785066144046719,
          0.9663391178945442,
          0.9671449075025997,
          0.9685199938281842,
          0.9669869702952956,
          0.9676801544297577,
          0.9679736167066633,
          0.9670863615577487,
          0.9670113161720695,
          0.9829789798800623,
          0.9863703920550958,
          1.641728707060183,
          0.9672261776728274,
          0.9670791072036905,
          0.9756463883622556,
          0.9669175820782934,
          0.9676505911406696,
          0.9671737365794765,
          0.9610946691838286,
          0.9676946795808787,
          0.9671819315813145,
          0.9672227576767631,
          0.9672217864720859
        ],
        [
          0.9660749705489388,
          0.9699043359707661,
          0.9708468272713794,
          0.9662026711315458,
          0.9656231312308715,
          0.9654984813800663,
          0.968087869601826,
          0.965629794368233,
          0.0,
          0.9659542366098498,
          0.9655786191151333,
          0.9655311586212655,
          0.9683011864953013,
          0.9655940169876618,
          0.9659765068870676,
          0.965840615034642,
          0.9654530730392269,
          0.9650745239164441,
          0.9653245604624282,
          0.9658533977885388,
          0.9715266243725172,
          0.9655335364715415,
          0.9663794165667872,
          0.9643254076182588,
          0.9658683114086077,
          0.9728447119742331,
          0.9653942016166044,
          0.9656636405344005,
          0.9665307614723895,
          0.9655535200196383,
          0.9660053669263874,
          0.9661948901260236,
          0.965621334570789,
          0.9655931153896837,
          0.9758581454663778,
          0.977877479055813,
          0.9654475052175187,
          0.9656174199808928,
          0.9655817152346249,
          0.9710290770916524,
          0.9655347046106898,
          0.9660574661840652,
          0.9656702272203994,
          11.086966703038657,
          0.9660004217246296,
          0.9656879839306649,
          0.9656995420015225,
          0.9656992246755202
        ],
        [
          0.975206756248317,
          0.9770504352853343,
          0.9758752711872757,
          0.9737727622462332,
          0.9675729700352195,
          0.967132164691229,
          0.9673346115265951,
          0.9675962828771978,
          0.9659542366098498,
          0.0,
          0.9694669304985392,
          0.9672937953081427,
          0.9728719506715495,
          0.967538241242769,
          0.9682371647813692,
          0.9692772007079279,
          0.9673129398369353,
          0.9667166204940655,
          0.9671230112602838,
          0.9697171023433733,
          0.9812137120817384,
          0.9675841633880041,
          0.9741387028977735,
          0.9710984553649217,
          0.9754955166849258,
          0.980357986384609,
          0.9667495646531283,
          0.9679925060251882,
          0.969367520642576,
          0.9674560662535905,
          0.9681146701275878,
          0.978771331838218,
          0.9678540564862521,
          0.9697277751263684,
          1.430829582132026,
          0.9954769908671426,
          0.967340216770324,
          0.9675809200369649,
          0.9675176489790215,
          1.4614728363725142,
          0.9752220779529097,
          0.9756039919483602,
          1.4383451229863458,
          0.9619669592861616,
          0.9683577196198435,
          0.967698749594407,
          0.9677440069438262,
          0.9678008643333285
        ],
        [
          0.9703568240648865,
          0.9747044889956156,
          0.9753662782345386,
          0.9683435315383572,
          0.9669972113499526,
          0.9666007950282234,
          0.9667865242108651,
          0.9670124163861583,
          0.9655786191151333,
          0.9694669304985392,
          0.0,
          0.9667453850072781,
          0.9710653199819511,
          0.9669573315937979,
          0.9675168608545471,
          0.967513045397949,
          0.9667131025054033,
          0.966118309580586,
          0.9665257069649889,
          0.9680119859780174,
          0.9897175310655066,
          0.9668953046487222,
          0.9686393448655433,
          0.9655015324814168,
          0.9681443347832842,
          0.9778215660226829,
          0.966260440564763,
          0.9671015284368141,
          0.968335503375531,
          0.966885060651883,
          0.9675445100888828,
          0.9689690754334235,
          0.9670560166813613,
          0.9671641571099119,
          1.4675125929183885,
          0.986495556434386,
          0.9667239006607456,
          0.9669947467636378,
          0.966937386461227,
          0.9751071545718827,
          0.9675216774862935,
          0.9705729757712982,
          0.9672829414781724,
          0.9612318875286566,
          0.9675588053343103,
          0.9670704409748911,
          0.9671231393365246,
          0.9671196559618376
        ],
        [
          0.9671479647725678,
          0.9730808524394783,
          0.9744258876035834,
          0.9676697605425895,
          0.9668280417707102,
          0.9664566609505477,
          0.9666303130497628,
          0.9668418556251495,
          0.9655311586212655,
          0.9672937953081427,
          0.9667453850072781,
          0.0,
          0.9708295936286625,
          0.9667877604592973,
          0.9673450132912811,
          0.9671344661068596,
          0.966546785592267,
          0.9659743449212929,
          0.9663673282296188,
          0.9670282896597814,
          0.9754993902251382,
          0.9666733283860165,
          0.9677974493272877,
          0.9647645352403559,
          0.9671609929029019,
          0.9775322487115795,
          0.9661414079370083,
          0.9668690413312381,
          0.9681593082699567,
          0.966719058703753,
          0.9673728757219645,
          0.9676497489881041,
          0.9668132807966608,
          0.9667478703237663,
          0.981709379059682,
          0.9849040173658807,
          0.9665559549829009,
          0.9668244463034036,
          0.9667683780674542,
          0.974837452991212,
          0.966657683087653,
          0.9673424146855952,
          0.966893789881216,
          1.4414928098890591,
          0.9673845440744755,
          0.9669056755450122,
          0.9669394672099594,
          0.9669387802909466
        ],
        [
          0.9713300148667033,
          0.9779671455641361,
          0.978871304748804,
          0.9720769469523661,
          0.9712949403389082,
          0.9705515532509102,
          0.9708689943166129,
          0.9713686643835151,
          0.9683011864953013,
          0.9728719506715495,
          0.9710653199819511,
          0.9708295936286625,
          0.0,
          0.9712866235242983,
          0.976971722341199,
          0.971487367613858,
          0.9708711063648074,
          0.9704860002819053,
          0.9709489371315911,
          0.9726631067424846,
          0.9806344217114028,
          0.972213825818298,
          0.9725136478456179,
          0.9728835133007812,
          1.401902085952934,
          1.0171083386352535,
          0.9698798022644195,
          0.9716612408625441,
          1.007949595610865,
          0.9711431947795153,
          0.9717136228554228,
          0.9719778560661229,
          0.9712171511117021,
          0.9711818499237993,
          0.9989837775686746,
          1.002407888263229,
          0.9712145359525066,
          0.9713659698062209,
          0.9712631525298601,
          1.344925017453463,
          0.97103901354484,
          0.9717506023970782,
          0.9713744785449685,
          0.965515905565222,
          0.9754417483185605,
          0.9716043937781842,
          1.0540445820253175,
          0.9778156514501327
        ],
        [
          0.9673668593468554,
          0.9736808437546582,
          2.7415731655702213,
          0.9679374447154616,
          0.9670468486429146,
          0.9666397594526535,
          0.9668300651465805,
          0.9670622560468014,
          0.9655940169876618,
          0.967538241242769,
          0.9669573315937979,
          0.9667877604592973,
          0.9712866235242983,
          0.0,
          0.9675928701193502,
          0.9673696556830834,
          0.9667462344226461,
          1.251582881738378,
          0.9665986323307355,
          0.9673478111959578,
          0.9762366799026949,
          0.9668803350736543,
          0.9680630192457825,
          0.9649065503464237,
          0.9673962338983707,
          0.9783813638735668,
          0.9662913885106146,
          0.9670884448405842,
          0.9684542052412485,
          0.9678610028542746,
          0.9676236374062973,
          0.9679151233730213,
          0.9670298324053698,
          0.9669584686120054,
          0.984617757776921,
          0.9863521406577572,
          0.9668986797430719,
          0.9673652190749042,
          0.9670026785848371,
          0.9755284767172681,
          0.966863231832811,
          0.9675841206437555,
          0.9671159974334703,
          0.961043718137419,
          0.9676351156912116,
          0.9671261318104799,
          0.9671643872801333,
          0.9671635769797149
        ],
        [
          0.9678904562403552,
          0.9740562711305357,
          0.9753464908086898,
          0.9684701853291775,
          0.9676288757290251,
          0.9671807194728462,
          0.9673858739538361,
          0.9676527079828546,
          0.9659765068870676,
          0.9682371647813692,
          0.9675168608545471,
          0.9673450132912811,
          0.976971722341199,
          0.9675928701193502,
          0.0,
          0.9679188114530911,
          0.9673140534756314,
          0.966757175811967,
          0.9671741096169816,
          0.968384624726655,
          0.9766148854155502,
          0.9685571440767934,
          0.9685802334895768,
          0.9655057170691531,
          0.9679554416688407,
          1.003366942858337,
          0.9667913700107198,
          0.967654040535846,
          0.9708397311754551,
          0.9675102523814229,
          0.9681626466599266,
          0.9684326873686339,
          0.9676006623593811,
          0.9675097886266627,
          0.9829428605190654,
          0.9866622318648001,
          0.9673828672901134,
          0.9676370836343539,
          0.967572510273469,
          1.4728621442057475,
          0.9674174366451285,
          0.968133148269482,
          0.9676957822862369,
          0.9618015654420606,
          0.9763860715424378,
          0.9680748548666832,
          0.9677565307849025,
          0.9679245392654205
        ],
        [
          0.9683558868828722,
          0.9769048745253335,
          0.975713251927546,
          0.9839753023059699,
          0.9674061763432895,
          0.9669775678436968,
          0.9671752387200102,
          0.9674269514507169,
          0.965840615034642,
          0.9692772007079279,
          0.967513045397949,
          0.9671344661068596,
          0.971487367613858,
          0.9673696556830834,
          0.9679188114530911,
          0.0,
          0.9671143116616271,
          0.9665393171672657,
          0.9669461548644224,
          0.9677925888891117,
          1.1337600927953728,
          0.967348278446941,
          1.0200398923394012,
          0.9660547515474889,
          0.9685830498408773,
          0.9782826139493894,
          0.9666065367812167,
          0.9675235955979836,
          0.96873852589458,
          0.9672904584367013,
          0.9679460832364187,
          0.9709157951805862,
          1.3332155217566248,
          0.9676973499459223,
          1.492918077364296,
          0.9881873289185458,
          0.9671494986484267,
          0.9674112019488628,
          0.9673492977787436,
          0.9755719761461564,
          0.9679128247184118,
          0.968559679211671,
          0.9676317559727463,
          0.9616492123482715,
          0.9679563930674776,
          0.9674665083505646,
          0.9675346170715043,
          0.9675300272580882
        ],
        [
          0.9671325586529962,
          0.9732199118789561,
          0.974603600338461,
          0.9676948368438093,
          0.966787097552918,
          0.9664101740274244,
          0.9665869193209325,
          0.9668004111984073,
          0.9654530730392269,
          0.9673129398369353,
          0.9667131025054033,
          0.966546785592267,
          0.9708711063648074,
          0.9667462344226461,
          0.9673140534756314,
          0.9671143116616271,
          0.0,
          0.9659419105447752,
          0.9663208438268697,
          0.9669928853049392,
          0.9756493544627566,
          0.9666357584650987,
          0.9683382380290171,
          2.905962907137858,
          0.9677511556598986,
          0.9776743807432486,
          0.9660890596900849,
          0.9684579719373014,
          0.9681431936633553,
          0.9666773289149954,
          0.9673447016055211,
          0.9676816372180695,
          0.9673537178726309,
          0.9668017870988899,
          0.9828776798592491,
          0.9852741697191523,
          0.966512363786129,
          0.9667830502704094,
          0.9667262358218865,
          0.974936413631709,
          0.9676223708202218,
          0.9673311666057735,
          0.9668607296561332,
          0.9610961687228328,
          0.9673538816328149,
          0.9668689250076817,
          0.9669191942606863,
          0.9669144512976581
        ],
        [
          0.9665830846102739,
          0.9729214756224353,
          4.4518649498343565,
          0.9671203955426564,
          0.9661977679344735,
          0.9658540067851488,
          0.9660179480497562,
          0.9662014198942126,
          0.9650745239164441,
          0.9667166204940655,
          0.966118309580586,
          0.9659743449212929,
          0.9704860002819053,
          1.251582881738378,
          0.966757175811967,
          0.9665393171672657,
          0.9659419105447752,
          0.0,
          0.9658261430957857,
          0.9667746638030152,
          0.975507613991997,
          0.9660473132288709,
          0.9673549958687797,
          1.4460520373667562,
          0.9666749803784448,
          0.9776713927149379,
          0.9655748262333208,
          0.9663465309835438,
          0.9676283261520899,
          0.9665694556976532,
          0.9667923423213931,
          0.9671109079380641,
          0.9661894127683417,
          0.9661687640353019,
          0.9856452518006864,
          0.9857832312333507,
          0.9848492788840297,
          0.9811617230520953,
          0.9662245108548048,
          0.9747798554550782,
          0.9660664515528733,
          0.966752998232366,
          0.9662601480172761,
          0.9600495660138414,
          0.966805282815214,
          0.9662936003057232,
          0.9663125231268076,
          0.9663088568408489
        ],
        [
          0.9671240089840009,
          0.9733732643906551,
          1.0771026980060996,
          0.9675261925961799,
          1.2428917125268304,
          0.9662331877677556,
          0.9664107354694759,
          1.4409876862244806,
          0.9653245604624282,
          0.9671230112602838,
          0.9665257069649889,
          0.9663673282296188,
          0.9709489371315911,
          0.9665986323307355,
          0.9671741096169816,
          0.9669461548644224,
          0.9663208438268697,
          0.9658261430957857,
          0.0,
          1.318890311306303,
          0.9760042977272095,
          0.9664497425682781,
          0.9676742118857647,
          0.9643787184045971,
          0.966992000161269,
          0.9782229347537896,
          0.9659196854551366,
          0.9666615867623253,
          0.9680594262957585,
          0.9665015950149299,
          0.9672021986930883,
          0.9675106796174486,
          0.9665942754871597,
          0.9665417095252588,
          0.9831109602905744,
          0.9861873771631354,
          3.254377240705635,
          1.1047205897430434,
          0.9668541164686285,
          0.9753497527133131,
          0.9664394069322327,
          0.9672639596523633,
          0.9666760025073866,
          0.9604817923295522,
          0.9672290855135034,
          0.9667002336004101,
          0.9667254355030525,
          0.9667234864877046
        ],
        [
          1.464818551625385,
          0.9742308114040074,
          1.2206353170149533,
          0.9686535299592497,
          0.967515787711281,
          0.9668806048593346,
          0.9670697032438828,
          0.9860732170826477,
          0.9658533977885388,
          0.9697171023433733,
          0.9680119859780174,
          0.9670282896597814,
          0.9726631067424846,
          0.9673478111959578,
          0.968384624726655,
          0.9677925888891117,
          0.9669928853049392,
          0.9667746638030152,
          1.318890311306303,
          0.0,
          0.9781197206781389,
          0.9673374756624906,
          0.9745965979979235,
          0.9658029078690782,
          0.9684148567739126,
          0.9804985959643436,
          0.9665339743559392,
          0.9673802420462576,
          0.9710354897909846,
          0.967197751396108,
          0.9678394790924969,
          0.9691611775560898,
          0.9673358623762643,
          0.9675474109720753,
          1.074629540205061,
          0.9874176218902948,
          2.4030233626631734,
          0.9675449905564141,
          0.96728879403256,
          1.4592127221621596,
          0.967875973961656,
          1.0176800313107859,
          0.967540540706596,
          0.973065430809794,
          0.9750998792887047,
          0.9677019520479028,
          0.967412980266608,
          0.9675040936183531
        ],
        [
          0.9824703127193549,
          0.9934018776789534,
          0.9844223605132263,
          0.9814256024989233,
          0.9761939411946093,
          0.9750798538969411,
          0.9755353108037226,
          0.9763363693914526,
          0.9715266243725172,
          0.9812137120817384,
          0.9897175310655066,
          0.9754993902251382,
          0.9806344217114028,
          0.9762366799026949,
          0.9766148854155502,
          1.1337600927953728,
          0.9756493544627566,
          0.975507613991997,
          0.9760042977272095,
          0.9781197206781389,
          0.0,
          0.9759739079835222,
          0.9989061623662717,
          0.9760968158255731,
          0.9779802581454665,
          0.9878556930398008,
          0.9740560107833898,
          0.9762681594420456,
          0.9774824745368246,
          0.9760029468151366,
          0.9764571518082704,
          0.9799356104427424,
          1.0071363398329014,
          0.9765909862957992,
          1.7906651832554568,
          0.9999015277857771,
          0.9763776400455756,
          0.9763601443741038,
          0.9762050007159874,
          0.9856200680301901,
          0.9777424771420787,
          0.9832569526761789,
          0.9768217143497525,
          0.9708978599396111,
          0.9765773155789342,
          0.9758495335906032,
          0.9763851222754378,
          0.9764040162901676
        ],
        [
          0.9673963190605732,
          0.9739928066727195,
          0.974950696240198,
          0.9679060481236517,
          0.9669204137097289,
          0.9665316756321295,
          0.9667140710942588,
          0.9669347743299554,
          0.9655335364715415,
          0.9675841633880041,
          0.9668953046487222,
          0.9666733283860165,
          0.972213825818298,
          0.9668803350736543,
          0.9685571440767934,
          0.967348278446941,
          0.9666357584650987,
          0.9660473132288709,
          0.9664497425682781,
          0.9673374756624906,
          0.9759739079835222,
          0.0,
          0.968040010230551,
          0.9656289966312193,
          0.9673943057111006,
          0.9800510345132311,
          0.9661984163671344,
          0.966989523900333,
          0.9688051091227518,
          0.966809572660961,
          0.967463290582998,
          0.9679236905871367,
          0.9669570206397008,
          1.2719884984107797,
          1.3021651833284893,
          0.9854517686248936,
          0.9666447225849106,
          0.9669170888807604,
          0.966860832193881,
          1.4456953543371522,
          0.9668292915896809,
          0.9676072955126724,
          0.9670300602021211,
          0.9611477321595514,
          0.9699037711517169,
          0.9671400217425644,
          0.9670396772360819,
          0.9671231557494183
        ],
        [
          1.469720461035959,
          0.9830140531313506,
          0.9765700121035226,
          1.0198490559583722,
          0.9680916638963573,
          0.9676271853037178,
          0.9678356509906321,
          0.9681230163169768,
          0.9663794165667872,
          0.9741387028977735,
          0.9686393448655433,
          0.9677974493272877,
          0.9725136478456179,
          0.9680630192457825,
          0.9685802334895768,
          1.0200398923394012,
          0.9683382380290171,
          0.9673549958687797,
          0.9676742118857647,
          0.9745965979979235,
          0.9989061623662717,
          0.968040010230551,
          0.0,
          1.300181107888087,
          1.025111671628994,
          0.9787729635507594,
          0.9672245025154418,
          1.1179549956617576,
          0.9693833418689745,
          0.9679722492341801,
          0.9686195576148104,
          0.9783112086174065,
          0.9807668619812725,
          0.971746830144225,
          1.5848160687693986,
          0.9952439862211527,
          0.9678911902463008,
          0.9681109732435477,
          0.9680417337905147,
          0.9761635251736341,
          0.972171486517206,
          0.9729874339637721,
          0.9687060135115015,
          1.4608368701462882,
          0.9686132791547534,
          0.9681405925861523,
          0.9686394761537719,
          0.9684971797723683
        ],
        [
          0.9678474611456843,
          0.9733042612621822,
          1.9382791786389801,
          0.9683167422117991,
          0.9649173498363249,
          0.9646882380700018,
          0.9648088359689095,
          0.9649074645285615,
          0.9643254076182588,
          0.9710984553649217,
          0.9655015324814168,
          0.9647645352403559,
          0.9728835133007812,
          0.9649065503464237,
          0.9655057170691531,
          0.9660547515474889,
          2.905962907137858,
          1.4460520373667562,
          0.9643787184045971,
          0.9658029078690782,
          0.9760968158255731,
          0.9656289966312193,
          1.300181107888087,
          0.0,
          1.2660146566056187,
          0.9765621348876674,
          0.9645187204009605,
          1.8077080655746118,
          0.9663883482879435,
          0.9648176833335317,
          0.9655593754571251,
          0.970683703959872,
          1.4473625728596815,
          1.4806881647697134,
          1.283815957799286,
          0.9987304401461484,
          0.9646273034917646,
          0.9651185877597693,
          0.9648457950833107,
          0.973702082516763,
          2.4271282084524612,
          0.9678357394604062,
          0.9655267708942754,
          0.9589156757656045,
          0.9655641345959621,
          0.9650639776632461,
          0.9687275633246109,
          0.9674502761039164
        ],
        [
          0.9708215029781774,
          0.9755615485432065,
          0.9753738415327134,
          0.9713895241981234,
          0.9674288603102261,
          0.9670052163932211,
          0.9672002594715026,
          0.9674505135190263,
          0.9658683114086077,
          0.9754955166849258,
          0.9681443347832842,
          0.9671609929029019,
          1.401902085952934,
          0.9673962338983707,
          0.9679554416688407,
          0.9685830498408773,
          0.9677511556598986,
          0.9666749803784448,
          0.966992000161269,
          0.9684148567739126,
          0.9779802581454665,
          0.9673943057111006,
          1.025111671628994,
          1.2660146566056187,
          0.0,
          0.9780979689758423,
          0.9666364344660052,
          1.0290328096787624,
          0.9688771707730152,
          0.9673175083089594,
          0.9681991347146346,
          0.9746506360508157,
          0.96768748354069,
          1.0096508089034628,
          1.4355345960197088,
          1.4763149173740457,
          0.9671906499888094,
          0.9674363219127221,
          0.9673762225334837,
          0.9763544604592773,
          0.9856144511158021,
