Map from character to field name
A:	Argentina
B:	Australia
C:	Austria
D:	Azerbaijan
E:	Belgium
F:	Brazil
G:	British Virgin Islands
H:	Bulgaria
I:	Canada
J:	Central African Republic
K:	China
L:	Colombia
M:	Cyprus
N:	Czech Republic
O:	Democratic Republic of the Congo
P:	Egypt
Q:	France
R:	Germany
S:	Greece
T:	Hungary
U:	India
V:	Iran
W:	Israel
X:	Italy
Y:	Kenya
Z:	Madagascar
[:	Mexico
\:	Morocco
]:	Namibia
^:	Netherlands
_:	Niger
`:	Nigeria
a:	Portugal
b:	Romania
c:	Russia
d:	Senegal
e:	Serbia
f:	Slovakia
g:	Slovenia
h:	South Africa
i:	Spain
j:	Tunisia
k:	Turkey
l:	USA
m:	Uganda
n:	Ukraine
o:	United Arab Emirates
p:	Zambia
q:	?


Substitution rate (mu): 55.110402

Equilibrium frequencies (pi_i):
  A: 0.0198
  B: 0.0219
  C: 0.0191
  D: 0.021
  E: 0.0213
  F: 0.0195
  G: 0.0202
  H: 0.0215
  I: 0.0128
  J: 0.0209
  K: 0.0209
  L: 0.0202
  M: 0.0215
  N: 0.0215
  O: 0.021
  P: 0.0209
  Q: 0.0204
  R: 0.022
  S: 0.0222
  T: 0.0215
  U: 0.0218
  V: 0.0207
  W: 0.0203
  X: 0.022
  Y: 0.0201
  Z: 0.0216
  [: 0.0177
  \: 0.0207
  ]: 0.021
  ^: 0.0211
  _: 0.0209
  `: 0.0207
  a: 0.0211
  b: 0.0202
  c: 0.0212
  d: 0.0239
  e: 0.021
  f: 0.0217
  g: 0.0214
  h: 0.0214
  i: 0.0205
  j: 0.021
  k: 0.0214
  l: 0.0221
  m: 0.0209
  n: 0.0207
  o: 0.0213
  p: 0.0214

Symmetrized rates from j->i (W_ij):
	A	B	C	D	E	F	G	H	I	J	K	L	M	N	O	P	Q	R	S	T	U	V	W	X	Y	Z	[	\	]	^	_	`	a	b	c	d	e	f	g	h	i	j	k	l	m	n	o	p
  A	0	0.9763	0.9765	0.9714	0.9685	0.9681	0.9683	0.9685	0.9672	0.9764	0.9716	0.9683	0.9725	0.9685	0.969	0.9695	0.9683	0.9678	0.9681	1.4674	0.9837	0.9685	1.4716	0.9688	0.9719	0.979	0.9678	0.9687	0.9698	0.9685	0.969	0.9734	0.9687	0.9696	1.3031	0.9903	0.9684	0.9685	0.9685	0.9765	0.9715	1.133	0.9693	1.4615	0.9691	0.9686	0.9687	0.9687
  B	0.9763	0	0.9834	0.9854	0.9747	0.9739	0.9742	0.9748	0.971	0.9781	0.9758	0.9742	0.9791	0.9748	0.9752	0.978	0.9743	0.9741	0.9746	0.9755	0.9948	0.9751	0.9844	0.9743	0.9767	0.9863	0.973	0.9749	0.976	0.9746	0.9751	0.9804	0.9755	0.9767	1.1036	1.0006	0.9742	0.9749	0.9747	0.9836	0.9764	0.9768	0.9752	0.9692	0.9751	0.9745	0.9749	0.9749
  C	0.9765	0.9834	0	0.9775	0.9764	0.9752	0.9756	0.9764	0.972	0.9771	0.9766	0.9756	0.9801	2.7479	0.9765	0.9769	0.9758	4.4613	0.977	0.9794	0.9857	0.9761	0.9776	1.9404	0.9765	0.9862	0.9743	0.9762	0.9772	1.3277	0.9764	0.9773	0.9764	0.9768	1.0257	0.9961	1.9486	2.4124	1.4589	0.9839	0.9765	0.9772	0.9765	0.9715	0.9764	0.9759	0.9764	0.9764
  D	0.9714	0.9854	0.9775	0	0.9691	0.9687	0.9689	0.9691	0.9674	0.9749	0.9695	0.9688	0.9732	0.9691	0.9696	0.9848	0.9689	0.9683	0.9687	0.9699	0.9825	0.9691	1.0223	0.9694	0.9725	0.98	0.9683	0.9692	0.9705	0.9691	0.9697	0.9808	0.9717	0.97	1.4409	0.9962	0.9686	0.9691	0.9691	0.9773	0.9715	0.9715	0.9697	0.9634	0.9697	0.9692	0.9693	0.9693
  E	0.9685	0.9747	0.9764	0.9691	0	0.9678	0.968	0.9683	0.9668	0.9687	0.9681	0.968	0.9724	0.9682	0.9688	0.9685	0.9679	0.9674	1.1664	0.9685	0.9773	0.9681	0.9691	0.9659	0.9685	0.9794	0.9675	0.9681	0.9696	0.9681	0.9688	0.9691	0.9682	0.9681	0.9837	0.9872	1.3209	1.0351	0.9683	0.9766	0.968	0.9687	0.9683	0.9622	0.9688	0.9683	0.9683	0.9683
  F	0.9681	0.9739	0.9752	0.9687	0.9678	0	0.9677	0.9678	0.9667	0.9683	0.9678	0.9676	0.9717	0.9678	0.9683	0.9681	0.9676	0.9671	0.9674	0.968	0.9762	0.9677	0.9687	0.9657	0.9681	0.9782	0.9681	0.9678	0.9691	0.9678	0.9684	0.9686	0.9678	0.9678	0.9821	0.9853	0.9673	0.9678	0.9678	0.9756	0.9677	0.9683	0.9679	1.9232	0.9684	0.9679	0.9679	0.9679
  G	0.9683	0.9742	0.9756	0.9689	0.968	0.9677	0	0.968	0.9693	0.9685	0.9679	0.9678	0.972	0.968	0.9685	0.9683	0.9677	0.9672	0.9676	0.9682	0.9767	0.9679	0.9689	0.9658	0.9683	0.9787	0.9673	0.9679	0.9694	0.968	0.9686	0.9689	0.968	0.9679	0.9828	0.9861	0.9675	0.968	0.968	0.976	0.9679	0.9685	0.9681	1.4411	0.9686	0.9681	0.9681	0.9681
  H	0.9685	0.9748	0.9764	0.9691	0.9683	0.9678	0.968	0	0.9668	0.9687	0.9681	0.968	0.9725	0.9682	0.9688	0.9685	0.9679	0.9674	1.2445	0.9687	0.9775	0.9681	0.9691	0.9659	0.9685	0.9796	0.9675	0.9681	0.9697	0.9682	0.9688	0.9691	0.9682	0.9681	0.9839	0.9875	1.8027	0.9683	0.9682	0.9767	0.968	0.9687	0.9683	0.9622	0.9688	0.9683	0.9684	0.9683
  I	0.9672	0.971	0.972	0.9674	0.9668	0.9667	0.9693	0.9668	0	0.9671	0.9667	0.9667	0.9695	0.9668	0.9671	0.967	0.9666	0.9663	0.9665	0.967	0.9727	0.9667	0.9675	0.9654	0.967	0.974	0.9666	0.9667	0.9677	0.9667	0.9672	0.9674	0.9668	0.9668	0.9769	0.979	0.9664	0.9668	0.9667	0.9722	0.9667	0.9672	0.9668	11.0913	0.9672	0.9669	0.9669	0.9669
  J	0.9764	0.9781	0.9771	0.9749	0.9687	0.9683	0.9685	0.9687	0.9671	0	0.9706	0.9684	0.974	0.9687	0.9694	0.9704	0.9685	0.9679	0.9683	0.9709	0.9822	0.9687	0.9754	0.9721	0.9766	0.9815	0.9679	0.969	0.9705	0.9686	0.9692	0.9798	0.969	0.9709	1.4312	0.9965	0.9682	0.9687	0.9687	1.4632	0.9764	0.9768	1.4408	0.9631	0.9695	0.9688	0.9689	0.9689
  K	0.9716	0.9758	0.9766	0.9695	0.9681	0.9678	0.9679	0.9681	0.9667	0.9706	0	0.9679	0.9722	0.9681	0.9687	0.9687	0.9679	0.9673	0.9677	0.9692	0.9911	0.9681	0.9697	0.9665	0.9693	0.979	0.9674	0.9681	0.9695	0.9681	0.9687	0.9701	0.9682	0.9683	1.4689	0.9876	0.9676	0.9681	0.9681	0.9762	0.9687	0.9718	0.9684	0.9624	0.9687	0.9682	0.9683	0.9683
  L	0.9683	0.9742	0.9756	0.9688	0.968	0.9676	0.9678	0.968	0.9667	0.9684	0.9679	0	0.972	0.9679	0.9685	0.9683	0.9677	0.9672	0.9675	0.9682	0.9767	0.9678	0.9689	0.9658	0.9683	0.9787	0.9673	0.9679	0.9693	0.9679	0.9685	0.9688	0.968	0.9679	0.9827	0.9861	0.9674	0.968	0.9679	0.976	0.9678	0.9685	0.968	1.4432	0.9685	0.9681	0.9681	0.9681
  M	0.9725	0.9791	0.9801	0.9732	0.9724	0.9717	0.972	0.9725	0.9695	0.974	0.9722	0.972	0	0.9724	0.9781	0.9726	0.972	0.9717	0.9722	0.9739	0.9818	0.9734	0.9736	0.9738	1.4021	1.0186	0.971	0.9727	1.0097	0.9723	0.9729	0.9731	0.9724	0.9723	0.9999	1.0036	0.9719	0.9725	0.9724	1.3474	0.9722	0.9729	0.9725	0.9666	0.9765	0.9728	1.0583	0.9787
  N	0.9685	0.9748	2.7479	0.9691	0.9682	0.9678	0.968	0.9682	0.9668	0.9687	0.9681	0.9679	0.9724	0	0.9687	0.9685	0.9679	1.251	0.9677	0.9684	0.9774	0.968	0.9691	0.9659	0.9685	0.9795	0.9675	0.9681	0.9696	0.9691	0.9688	0.9691	0.9682	0.9681	0.9857	0.9875	0.9677	0.9686	0.9682	0.9766	0.968	0.9687	0.9683	0.9622	0.9688	0.9683	0.9683	0.9683
  O	0.969	0.9752	0.9765	0.9696	0.9688	0.9683	0.9685	0.9688	0.9671	0.9694	0.9687	0.9685	0.9781	0.9687	0	0.9691	0.9685	0.9679	0.9683	0.9695	0.9778	0.9697	0.9696	0.9665	0.9691	1.0044	0.9679	0.9687	0.972	0.9687	0.9693	0.9696	0.9687	0.9687	0.9839	0.9878	0.9682	0.9688	0.9687	1.4745	0.9686	0.9692	0.9688	0.9629	0.9773	0.9692	0.9689	0.9691
  P	0.9695	0.978	0.9769	0.9848	0.9685	0.9681	0.9683	0.9685	0.967	0.9704	0.9687	0.9683	0.9726	0.9685	0.9691	0	0.9683	0.9677	0.9681	0.969	1.1349	0.9685	1.0219	0.967	0.9697	0.9794	0.9678	0.9685	0.9699	0.9685	0.9691	0.9721	1.3349	0.9688	1.4928	0.9893	0.968	0.9685	0.9685	0.9767	0.9691	0.9697	0.9688	0.9628	0.9691	0.9686	0.9687	0.9687
  Q	0.9683	0.9743	0.9758	0.9689	0.9679	0.9676	0.9677	0.9679	0.9666	0.9685	0.9679	0.9677	0.972	0.9679	0.9685	0.9683	0	0.9671	0.9675	0.9682	0.9768	0.9678	0.9693	2.9087	0.9688	0.9788	0.9673	0.9693	0.9693	0.9679	0.9685	0.9688	0.9685	0.968	0.9838	0.9864	0.9674	0.9679	0.9679	0.9761	0.9687	0.9685	0.968	0.9622	0.9685	0.968	0.9681	0.9681
  R	0.9678	0.9741	4.4613	0.9683	0.9674	0.9671	0.9672	0.9674	0.9663	0.9679	0.9673	0.9672	0.9717	1.251	0.9679	0.9677	0.9671	0	0.9669	0.9676	0.9767	0.9672	0.9684	1.4476	0.9678	0.9789	0.9668	0.9674	0.9688	1.1603	0.968	0.9683	0.9674	0.9674	0.9868	0.9871	0.9675	0.982	0.9674	0.976	0.9673	0.9679	0.9675	0.9612	0.968	0.9675	0.9675	0.9675
  S	0.9681	0.9746	0.977	0.9687	1.1664	0.9674	0.9676	1.2445	0.9665	0.9683	0.9677	0.9675	0.9722	0.9677	0.9683	0.9681	0.9675	0.9669	0	0.9729	0.9773	0.9676	0.9687	0.9653	0.9681	0.9795	0.9671	0.9677	0.9692	0.9677	0.9684	0.9687	0.9678	0.9677	0.9841	0.9876	2.9584	1.069	0.9679	0.9765	0.9676	0.9683	0.9678	0.9615	0.9684	0.9679	0.9679	0.9679
  T	1.4674	0.9755	0.9794	0.9699	0.9685	0.968	0.9682	0.9687	0.967	0.9709	0.9692	0.9682	0.9739	0.9684	0.9695	0.969	0.9682	0.9676	0.9729	0	0.9795	0.9685	0.9758	0.9667	0.9696	0.982	0.9677	0.9684	0.9723	0.9684	0.969	0.9704	0.9685	0.9687	1.0776	0.989	2.6237	0.9685	0.9684	1.4608	0.9691	1.013	0.9687	0.974	0.9761	0.9689	0.9686	0.9687
  U	0.9837	0.9948	0.9857	0.9825	0.9773	0.9762	0.9767	0.9775	0.9727	0.9822	0.9911	0.9767	0.9818	0.9774	0.9778	1.1349	0.9768	0.9767	0.9773	0.9795	0	0.9771	1.0005	0.9771	0.9791	0.989	0.9752	0.9773	0.9786	0.9772	0.9776	0.981	1.0084	0.9777	1.7925	1.0011	0.9768	0.9775	0.9773	0.9868	0.9789	0.9846	0.978	0.972	0.9777	0.977	0.9775	0.9775
  V	0.9685	0.9751	0.9761	0.9691	0.9681	0.9677	0.9679	0.9681	0.9667	0.9687	0.9681	0.9678	0.9734	0.968	0.9697	0.9685	0.9678	0.9672	0.9676	0.9685	0.9771	0	0.9691	0.9666	0.9685	0.9812	0.9674	0.968	0.97	0.968	0.9686	0.9691	0.9681	1.2764	1.2991	0.9866	0.9675	0.9681	0.968	1.4477	0.968	0.9687	0.9682	0.9623	0.971	0.9683	0.9682	0.9683
  W	1.4716	0.9844	0.9776	1.0223	0.9691	0.9687	0.9689	0.9691	0.9675	0.9754	0.9697	0.9689	0.9736	0.9691	0.9696	1.0219	0.9693	0.9684	0.9687	0.9758	1.0005	0.9691	0	1.3424	1.0308	0.9798	0.9683	1.0365	0.9704	0.9691	0.9697	0.9799	0.9821	0.9732	1.5935	0.9967	0.9686	0.9691	0.9691	0.9772	0.9735	0.974	0.9698	1.4638	0.9697	0.9692	0.9697	0.9696
  X	0.9688	0.9743	1.9404	0.9694	0.9659	0.9657	0.9658	0.9659	0.9654	0.9721	0.9665	0.9658	0.9738	0.9659	0.9665	0.967	2.9087	1.4476	0.9653	0.9667	0.9771	0.9666	1.3424	0	1.2613	0.9775	0.9655	1.8312	0.9674	0.9659	0.9666	0.9718	1.4489	1.4816	1.2814	0.9994	0.9654	0.9661	0.9658	0.9747	2.4294	0.9689	0.9665	0.9598	0.9666	0.9661	0.9696	0.9684
  Y	0.9719	0.9767	0.9765	0.9725	0.9685	0.9681	0.9683	0.9685	0.967	0.9766	0.9693	0.9683	1.4021	0.9685	0.9691	0.9697	0.9688	0.9678	0.9681	0.9696	0.9791	0.9685	1.0308	1.2613	0	0.9792	0.9678	1.034	0.97	0.9685	0.9693	0.9758	0.9688	1.0099	1.4334	1.478	0.968	0.9685	0.9685	0.9774	0.9863	0.9722	0.9693	0.963	0.9692	0.9687	1.4	1.4578
  Z	0.979	0.9863	0.9862	0.98	0.9794	0.9782	0.9787	0.9796	0.974	0.9815	0.979	0.9787	1.0186	0.9795	1.0044	0.9794	0.9788	0.9789	0.9795	0.982	0.989	0.9812	0.9798	0.9775	0.9792	0	0.977	0.9791	0.9939	0.9793	0.9796	0.9798	0.9793	0.9786	0.9947	1.0017	0.979	0.9796	0.9795	1.4765	0.9788	0.9797	0.9795	0.9741	0.9894	0.9798	0.9797	0.9814
  [	0.9678	0.973	0.9743	0.9683	0.9675	0.9681	0.9673	0.9675	0.9666	0.9679	0.9674	0.9673	0.971	0.9675	0.9679	0.9678	0.9673	0.9668	0.9671	0.9677	0.9752	0.9674	0.9683	0.9655	0.9678	0.977	0	0.9674	0.9687	0.9674	0.968	0.9682	0.9675	0.9674	0.9807	0.9836	0.967	0.9675	0.9674	0.9746	0.9673	0.9679	0.9675	3.3792	0.968	0.9676	0.9676	0.9676
  \	0.9687	0.9749	0.9762	0.9692	0.9681	0.9678	0.9679	0.9681	0.9667	0.969	0.9681	0.9679	0.9727	0.9681	0.9687	0.9685	0.9693	0.9674	0.9677	0.9684	0.9773	0.968	1.0365	1.8312	1.034	0.9791	0.9674	0	0.9695	0.9681	0.9687	0.9694	0.9686	0.9709	1.0559	0.9889	0.9676	0.9681	0.9681	0.9763	0.9692	0.9688	0.9683	0.9624	0.9687	0.9682	0.9687	0.9686
  ]	0.9698	0.976	0.9772	0.9705	0.9696	0.9691	0.9694	0.9697	0.9677	0.9705	0.9695	0.9693	1.0097	0.9696	0.972	0.9699	0.9693	0.9688	0.9692	0.9723	0.9786	0.97	0.9704	0.9674	0.97	0.9939	0.9687	0.9695	0	0.9696	0.9701	0.9704	0.9696	0.9694	0.9847	0.9889	0.9691	0.9697	0.9696	1.9754	0.9694	0.9701	0.9697	0.9638	0.9739	0.97	0.9698	0.9703
  ^	0.9685	0.9746	1.3277	0.9691	0.9681	0.9678	0.968	0.9682	0.9667	0.9686	0.9681	0.9679	0.9723	0.9691	0.9687	0.9685	0.9679	1.1603	0.9677	0.9684	0.9772	0.968	0.9691	0.9659	0.9685	0.9793	0.9674	0.9681	0.9696	0	0.9687	0.969	0.9681	0.9681	0.984	0.987	0.9676	0.9682	0.9681	0.9765	0.968	0.9687	0.9682	0.9622	0.9687	0.9682	0.9683	0.9683
  _	0.969	0.9751	0.9764	0.9697	0.9688	0.9684	0.9686	0.9688	0.9672	0.9692	0.9687	0.9685	0.9729	0.9688	0.9693	0.9691	0.9685	0.968	0.9684	0.969	0.9776	0.9686	0.9697	0.9666	0.9693	0.9796	0.968	0.9687	0.9701	0.9687	0	0.9699	0.9688	0.9687	0.9844	1.5212	0.9682	0.9688	0.9687	0.977	0.9686	0.9693	0.9689	0.963	0.9695	0.9692	0.9689	0.9689
  `	0.9734	0.9804	0.9773	0.9808	0.9691	0.9686	0.9689	0.9691	0.9674	0.9798	0.9701	0.9688	0.9731	0.9691	0.9696	0.9721	0.9688	0.9683	0.9687	0.9704	0.981	0.9691	0.9799	0.9718	0.9758	0.9798	0.9682	0.9694	0.9704	0.969	0.9699	0	0.9696	0.971	1.3666	1.3882	0.9686	0.9691	0.9691	0.9772	0.9752	0.9737	0.9701	0.9635	0.9697	0.9694	0.9693	0.9693
  a	0.9687	0.9755	0.9764	0.9717	0.9682	0.9678	0.968	0.9682	0.9668	0.969	0.9682	0.968	0.9724	0.9682	0.9687	1.3349	0.9685	0.9674	0.9678	0.9685	1.0084	0.9681	0.9821	1.4489	0.9688	0.9793	0.9675	0.9686	0.9696	0.9681	0.9688	0.9696	0	0.9683	1.1665	0.9875	0.9677	0.9682	0.9682	0.9765	0.9683	0.9689	0.9683	0.9623	0.9688	0.9683	0.9684	0.9683
  b	0.9696	0.9767	0.9768	0.97	0.9681	0.9678	0.9679	0.9681	0.9668	0.9709	0.9683	0.9679	0.9723	0.9681	0.9687	0.9688	0.968	0.9674	0.9677	0.9687	0.9777	1.2764	0.9732	1.4816	1.0099	0.9786	0.9674	0.9709	0.9694	0.9681	0.9687	0.971	0.9683	0	2.0517	0.9895	0.9676	0.9681	0.9681	0.9829	0.9734	0.9698	0.9685	0.9625	0.9687	0.9682	0.9685	0.9684
  c	1.3031	1.1036	1.0257	1.4409	0.9837	0.9821	0.9828	0.9839	0.9769	1.4312	1.4689	0.9827	0.9999	0.9857	0.9839	1.4928	0.9838	0.9868	0.9841	1.0776	1.7925	1.2991	1.5935	1.2814	1.4334	0.9947	0.9807	1.0559	0.9847	0.984	0.9844	1.3666	1.1665	2.0517	0	1.2595	0.9847	0.9856	0.9843	0.9997	1.4274	1.3527	1.0344	0.988	0.9839	0.9835	0.9958	0.9918
  d	0.9903	1.0006	0.9961	0.9962	0.9872	0.9853	0.9861	0.9875	0.979	0.9965	0.9876	0.9861	1.0036	0.9875	0.9878	0.9893	0.9864	0.9871	0.9876	0.989	1.0011	0.9866	0.9967	0.9994	1.478	1.0017	0.9836	0.9889	0.9889	0.987	1.5212	1.3882	0.9875	0.9895	1.2595	0	0.9868	0.9877	0.9873	1.0482	0.9931	0.9915	0.9883	0.9819	1.0779	1.555	0.9982	0.9946
  e	0.9684	0.9742	1.9486	0.9686	1.3209	0.9673	0.9675	1.8027	0.9664	0.9682	0.9676	0.9674	0.9719	0.9677	0.9682	0.968	0.9674	0.9675	2.9584	2.6237	0.9768	0.9675	0.9686	0.9654	0.968	0.979	0.967	0.9676	0.9691	0.9676	0.9682	0.9686	0.9677	0.9676	0.9847	0.9868	0	1.4429	1.4505	0.9773	0.9675	0.9684	0.9677	0.9618	0.9683	0.9678	0.9678	0.9678
  f	0.9685	0.9749	2.4124	0.9691	1.0351	0.9678	0.968	0.9683	0.9668	0.9687	0.9681	0.968	0.9725	0.9686	0.9688	0.9685	0.9679	0.982	1.069	0.9685	0.9775	0.9681	0.9691	0.9661	0.9685	0.9796	0.9675	0.9681	0.9697	0.9682	0.9688	0.9691	0.9682	0.9681	0.9856	0.9877	1.4429	0	0.9684	0.9767	0.968	0.9687	0.9683	0.9621	0.9688	0.9683	0.9683	0.9683
  g	0.9685	0.9747	1.4589	0.9691	0.9683	0.9678	0.968	0.9682	0.9667	0.9687	0.9681	0.9679	0.9724	0.9682	0.9687	0.9685	0.9679	0.9674	0.9679	0.9684	0.9773	0.968	0.9691	0.9658	0.9685	0.9795	0.9674	0.9681	0.9696	0.9681	0.9687	0.9691	0.9682	0.9681	0.9843	0.9873	1.4505	0.9684	0	0.9766	0.968	0.9687	0.9682	0.9622	0.9688	0.9683	0.9683	0.9683
  h	0.9765	0.9836	0.9839	0.9773	0.9766	0.9756	0.976	0.9767	0.9722	1.4632	0.9762	0.976	1.3474	0.9766	1.4745	0.9767	0.9761	0.976	0.9765	1.4608	0.9868	1.4477	0.9772	0.9747	0.9774	1.4765	0.9746	0.9763	1.9754	0.9765	0.977	0.9772	0.9765	0.9829	0.9997	1.0482	0.9773	0.9767	0.9766	0	0.9761	0.977	0.9768	0.9711	2.035	1.1088	0.9771	1.3927
  i	0.9715	0.9764	0.9765	0.9715	0.968	0.9677	0.9679	0.968	0.9667	0.9764	0.9687	0.9678	0.9722	0.968	0.9686	0.9691	0.9687	0.9673	0.9676	0.9691	0.9789	0.968	0.9735	2.4294	0.9863	0.9788	0.9673	0.9692	0.9694	0.968	0.9686	0.9752	0.9683	0.9734	1.4274	0.9931	0.9675	0.968	0.968	0.9761	0	0.9716	0.9688	0.9624	0.9686	0.9681	0.9683	0.9683
  j	1.133	0.9768	0.9772	0.9715	0.9687	0.9683	0.9685	0.9687	0.9672	0.9768	0.9718	0.9685	0.9729	0.9687	0.9692	0.9697	0.9685	0.9679	0.9683	1.013	0.9846	0.9687	0.974	0.9689	0.9722	0.9797	0.9679	0.9688	0.9701	0.9687	0.9693	0.9737	0.9689	0.9698	1.3527	0.9915	0.9684	0.9687	0.9687	0.977	0.9716	0	0.9695	0.9665	0.9693	0.9688	0.9689	0.9689
  k	0.9693	0.9752	0.9765	0.9697	0.9683	0.9679	0.9681	0.9683	0.9668	1.4408	0.9684	0.968	0.9725	0.9683	0.9688	0.9688	0.968	0.9675	0.9678	0.9687	0.978	0.9682	0.9698	0.9665	0.9693	0.9795	0.9675	0.9683	0.9697	0.9682	0.9689	0.9701	0.9683	0.9685	1.0344	0.9883	0.9677	0.9683	0.9682	0.9768	0.9688	0.9695	0	0.9623	0.9689	0.9684	0.9684	0.9684
  l	1.4615	0.9692	0.9715	0.9634	0.9622	1.9232	1.4411	0.9622	11.0913	0.9631	0.9624	1.4432	0.9666	0.9622	0.9629	0.9628	0.9622	0.9612	0.9615	0.974	0.972	0.9623	1.4638	0.9598	0.963	0.9741	3.3792	0.9624	0.9638	0.9622	0.963	0.9635	0.9623	0.9625	0.988	0.9819	0.9618	0.9621	0.9622	0.9711	0.9624	0.9665	0.9623	0	0.963	0.9625	0.9624	0.9624
  m	0.9691	0.9751	0.9764	0.9697	0.9688	0.9684	0.9686	0.9688	0.9672	0.9695	0.9687	0.9685	0.9765	0.9688	0.9773	0.9691	0.9685	0.968	0.9684	0.9761	0.9777	0.971	0.9697	0.9666	0.9692	0.9894	0.968	0.9687	0.9739	0.9687	0.9695	0.9697	0.9688	0.9687	0.9839	1.0779	0.9683	0.9688	0.9688	2.035	0.9686	0.9693	0.9689	0.963	0	1.219	0.9689	1.0852
  n	0.9686	0.9745	0.9759	0.9692	0.9683	0.9679	0.9681	0.9683	0.9669	0.9688	0.9682	0.9681	0.9728	0.9683	0.9692	0.9686	0.968	0.9675	0.9679	0.9689	0.977	0.9683	0.9692	0.9661	0.9687	0.9798	0.9676	0.9682	0.97	0.9682	0.9692	0.9694	0.9683	0.9682	0.9835	1.555	0.9678	0.9683	0.9683	1.1088	0.9681	0.9688	0.9684	0.9625	1.219	0	0.9684	0.9686
  o	0.9687	0.9749	0.9764	0.9693	0.9683	0.9679	0.9681	0.9684	0.9669	0.9689	0.9683	0.9681	1.0583	0.9683	0.9689	0.9687	0.9681	0.9675	0.9679	0.9686	0.9775	0.9682	0.9697	0.9696	1.4	0.9797	0.9676	0.9687	0.9698	0.9683	0.9689	0.9693	0.9684	0.9685	0.9958	0.9982	0.9678	0.9683	0.9683	0.9771	0.9683	0.9689	0.9684	0.9624	0.9689	0.9684	0	0.9737
  p	0.9687	0.9749	0.9764	0.9693	0.9683	0.9679	0.9681	0.9683	0.9669	0.9689	0.9683	0.9681	0.9787	0.9683	0.9691	0.9687	0.9681	0.9675	0.9679	0.9687	0.9775	0.9683	0.9696	0.9684	1.4578	0.9814	0.9676	0.9686	0.9703	0.9683	0.9689	0.9693	0.9683	0.9684	0.9918	0.9946	0.9678	0.9683	0.9683	1.3927	0.9683	0.9689	0.9684	0.9624	1.0852	0.9686	0.9737	0

Actual rates from j->i (Q_ij):
	A	B	C	D	E	F	G	H	I	J	K	L	M	N	O	P	Q	R	S	T	U	V	W	X	Y	Z	[	\	]	^	_	`	a	b	c	d	e	f	g	h	i	j	k	l	m	n	o	p
  A	0	0.0194	0.0194	0.0193	0.0192	0.0192	0.0192	0.0192	0.0192	0.0194	0.0193	0.0192	0.0193	0.0192	0.0192	0.0192	0.0192	0.0192	0.0192	0.0291	0.0195	0.0192	0.0292	0.0192	0.0193	0.0194	0.0192	0.0192	0.0192	0.0192	0.0192	0.0193	0.0192	0.0192	0.0258	0.0196	0.0192	0.0192	0.0192	0.0194	0.0193	0.0225	0.0192	0.029	0.0192	0.0192	0.0192	0.0192
  B	0.0214	0	0.0216	0.0216	0.0214	0.0214	0.0214	0.0214	0.0213	0.0215	0.0214	0.0214	0.0215	0.0214	0.0214	0.0214	0.0214	0.0214	0.0214	0.0214	0.0218	0.0214	0.0216	0.0214	0.0214	0.0216	0.0213	0.0214	0.0214	0.0214	0.0214	0.0215	0.0214	0.0214	0.0242	0.0219	0.0214	0.0214	0.0214	0.0216	0.0214	0.0214	0.0214	0.0213	0.0214	0.0214	0.0214	0.0214
  C	0.0186	0.0188	0	0.0186	0.0186	0.0186	0.0186	0.0186	0.0185	0.0186	0.0186	0.0186	0.0187	0.0524	0.0186	0.0186	0.0186	0.0851	0.0186	0.0187	0.0188	0.0186	0.0186	0.037	0.0186	0.0188	0.0186	0.0186	0.0186	0.0253	0.0186	0.0186	0.0186	0.0186	0.0196	0.019	0.0372	0.046	0.0278	0.0188	0.0186	0.0186	0.0186	0.0185	0.0186	0.0186	0.0186	0.0186
  D	0.0204	0.0207	0.0205	0	0.0203	0.0203	0.0203	0.0203	0.0203	0.0205	0.0203	0.0203	0.0204	0.0203	0.0203	0.0207	0.0203	0.0203	0.0203	0.0204	0.0206	0.0203	0.0215	0.0203	0.0204	0.0206	0.0203	0.0203	0.0204	0.0203	0.0203	0.0206	0.0204	0.0204	0.0302	0.0209	0.0203	0.0203	0.0203	0.0205	0.0204	0.0204	0.0203	0.0202	0.0203	0.0203	0.0203	0.0203
  E	0.0206	0.0207	0.0208	0.0206	0	0.0206	0.0206	0.0206	0.0206	0.0206	0.0206	0.0206	0.0207	0.0206	0.0206	0.0206	0.0206	0.0206	0.0248	0.0206	0.0208	0.0206	0.0206	0.0205	0.0206	0.0208	0.0206	0.0206	0.0206	0.0206	0.0206	0.0206	0.0206	0.0206	0.0209	0.021	0.0281	0.022	0.0206	0.0208	0.0206	0.0206	0.0206	0.0205	0.0206	0.0206	0.0206	0.0206
  F	0.0189	0.019	0.019	0.0189	0.0189	0	0.0189	0.0189	0.0188	0.0189	0.0189	0.0189	0.0189	0.0189	0.0189	0.0189	0.0189	0.0189	0.0189	0.0189	0.019	0.0189	0.0189	0.0188	0.0189	0.0191	0.0189	0.0189	0.0189	0.0189	0.0189	0.0189	0.0189	0.0189	0.0191	0.0192	0.0189	0.0189	0.0189	0.019	0.0189	0.0189	0.0189	0.0375	0.0189	0.0189	0.0189	0.0189
  G	0.0196	0.0197	0.0197	0.0196	0.0195	0.0195	0	0.0195	0.0196	0.0196	0.0195	0.0195	0.0196	0.0195	0.0196	0.0196	0.0195	0.0195	0.0195	0.0196	0.0197	0.0195	0.0196	0.0195	0.0196	0.0198	0.0195	0.0195	0.0196	0.0195	0.0196	0.0196	0.0195	0.0195	0.0198	0.0199	0.0195	0.0195	0.0195	0.0197	0.0195	0.0196	0.0195	0.0291	0.0196	0.0195	0.0195	0.0195
  H	0.0208	0.021	0.021	0.0209	0.0208	0.0208	0.0208	0	0.0208	0.0209	0.0208	0.0208	0.0209	0.0208	0.0209	0.0208	0.0208	0.0208	0.0268	0.0209	0.021	0.0208	0.0209	0.0208	0.0208	0.0211	0.0208	0.0208	0.0209	0.0208	0.0209	0.0209	0.0208	0.0208	0.0212	0.0213	0.0388	0.0208	0.0208	0.021	0.0208	0.0209	0.0208	0.0207	0.0209	0.0208	0.0208	0.0208
  I	0.0124	0.0125	0.0125	0.0124	0.0124	0.0124	0.0124	0.0124	0	0.0124	0.0124	0.0124	0.0124	0.0124	0.0124	0.0124	0.0124	0.0124	0.0124	0.0124	0.0125	0.0124	0.0124	0.0124	0.0124	0.0125	0.0124	0.0124	0.0124	0.0124	0.0124	0.0124	0.0124	0.0124	0.0125	0.0126	0.0124	0.0124	0.0124	0.0125	0.0124	0.0124	0.0124	0.1424	0.0124	0.0124	0.0124	0.0124
  J	0.0204	0.0205	0.0205	0.0204	0.0203	0.0203	0.0203	0.0203	0.0203	0	0.0203	0.0203	0.0204	0.0203	0.0203	0.0203	0.0203	0.0203	0.0203	0.0203	0.0206	0.0203	0.0204	0.0204	0.0205	0.0206	0.0203	0.0203	0.0203	0.0203	0.0203	0.0205	0.0203	0.0203	0.03	0.0209	0.0203	0.0203	0.0203	0.0306	0.0204	0.0205	0.0302	0.0202	0.0203	0.0203	0.0203	0.0203
  K	0.0203	0.0204	0.0204	0.0203	0.0202	0.0202	0.0202	0.0202	0.0202	0.0203	0	0.0202	0.0203	0.0202	0.0203	0.0203	0.0202	0.0202	0.0202	0.0203	0.0207	0.0202	0.0203	0.0202	0.0203	0.0205	0.0202	0.0202	0.0203	0.0202	0.0203	0.0203	0.0203	0.0203	0.0307	0.0207	0.0202	0.0202	0.0202	0.0204	0.0203	0.0203	0.0203	0.0201	0.0203	0.0203	0.0203	0.0203
  L	0.0196	0.0197	0.0197	0.0196	0.0196	0.0195	0.0196	0.0196	0.0195	0.0196	0.0196	0	0.0196	0.0196	0.0196	0.0196	0.0196	0.0195	0.0195	0.0196	0.0197	0.0196	0.0196	0.0195	0.0196	0.0198	0.0195	0.0196	0.0196	0.0196	0.0196	0.0196	0.0196	0.0196	0.0199	0.0199	0.0195	0.0196	0.0196	0.0197	0.0196	0.0196	0.0196	0.0292	0.0196	0.0196	0.0196	0.0196
  M	0.0209	0.021	0.021	0.0209	0.0209	0.0209	0.0209	0.0209	0.0208	0.0209	0.0209	0.0209	0	0.0209	0.021	0.0209	0.0209	0.0209	0.0209	0.0209	0.0211	0.0209	0.0209	0.0209	0.0301	0.0219	0.0209	0.0209	0.0217	0.0209	0.0209	0.0209	0.0209	0.0209	0.0215	0.0216	0.0209	0.0209	0.0209	0.0289	0.0209	0.0209	0.0209	0.0208	0.021	0.0209	0.0227	0.021
  N	0.0208	0.021	0.0591	0.0208	0.0208	0.0208	0.0208	0.0208	0.0208	0.0208	0.0208	0.0208	0.0209	0	0.0208	0.0208	0.0208	0.0269	0.0208	0.0208	0.021	0.0208	0.0208	0.0208	0.0208	0.0211	0.0208	0.0208	0.0209	0.0208	0.0208	0.0208	0.0208	0.0208	0.0212	0.0212	0.0208	0.0208	0.0208	0.021	0.0208	0.0208	0.0208	0.0207	0.0208	0.0208	0.0208	0.0208
  O	0.0203	0.0205	0.0205	0.0204	0.0203	0.0203	0.0203	0.0203	0.0203	0.0203	0.0203	0.0203	0.0205	0.0203	0	0.0203	0.0203	0.0203	0.0203	0.0203	0.0205	0.0204	0.0204	0.0203	0.0203	0.0211	0.0203	0.0203	0.0204	0.0203	0.0203	0.0203	0.0203	0.0203	0.0207	0.0207	0.0203	0.0203	0.0203	0.0309	0.0203	0.0203	0.0203	0.0202	0.0205	0.0203	0.0203	0.0203
  P	0.0202	0.0204	0.0204	0.0206	0.0202	0.0202	0.0202	0.0202	0.0202	0.0203	0.0202	0.0202	0.0203	0.0202	0.0202	0	0.0202	0.0202	0.0202	0.0202	0.0237	0.0202	0.0213	0.0202	0.0202	0.0204	0.0202	0.0202	0.0202	0.0202	0.0202	0.0203	0.0279	0.0202	0.0312	0.0206	0.0202	0.0202	0.0202	0.0204	0.0202	0.0202	0.0202	0.0201	0.0202	0.0202	0.0202	0.0202
  Q	0.0197	0.0199	0.0199	0.0198	0.0197	0.0197	0.0197	0.0197	0.0197	0.0197	0.0197	0.0197	0.0198	0.0197	0.0197	0.0197	0	0.0197	0.0197	0.0197	0.0199	0.0197	0.0198	0.0593	0.0198	0.02	0.0197	0.0198	0.0198	0.0197	0.0197	0.0198	0.0197	0.0197	0.0201	0.0201	0.0197	0.0197	0.0197	0.0199	0.0198	0.0197	0.0197	0.0196	0.0197	0.0197	0.0197	0.0197
  R	0.0213	0.0214	0.098	0.0213	0.0213	0.0213	0.0213	0.0213	0.0212	0.0213	0.0213	0.0213	0.0214	0.0275	0.0213	0.0213	0.0213	0	0.0212	0.0213	0.0215	0.0213	0.0213	0.0318	0.0213	0.0215	0.0212	0.0213	0.0213	0.0255	0.0213	0.0213	0.0213	0.0213	0.0217	0.0217	0.0213	0.0216	0.0213	0.0214	0.0213	0.0213	0.0213	0.0211	0.0213	0.0213	0.0213	0.0213
  S	0.0215	0.0217	0.0217	0.0216	0.0259	0.0215	0.0215	0.0277	0.0215	0.0215	0.0215	0.0215	0.0216	0.0215	0.0215	0.0215	0.0215	0.0215	0	0.0216	0.0217	0.0215	0.0216	0.0215	0.0215	0.0218	0.0215	0.0215	0.0216	0.0215	0.0215	0.0216	0.0215	0.0215	0.0219	0.022	0.0658	0.0238	0.0215	0.0217	0.0215	0.0215	0.0215	0.0214	0.0215	0.0215	0.0215	0.0215
  T	0.0315	0.021	0.021	0.0208	0.0208	0.0208	0.0208	0.0208	0.0208	0.0209	0.0208	0.0208	0.0209	0.0208	0.0208	0.0208	0.0208	0.0208	0.0209	0	0.021	0.0208	0.021	0.0208	0.0208	0.0211	0.0208	0.0208	0.0209	0.0208	0.0208	0.0209	0.0208	0.0208	0.0232	0.0213	0.0564	0.0208	0.0208	0.0314	0.0208	0.0218	0.0208	0.0209	0.021	0.0208	0.0208	0.0208
  U	0.0214	0.0217	0.0215	0.0214	0.0213	0.0213	0.0213	0.0213	0.0212	0.0214	0.0216	0.0213	0.0214	0.0213	0.0213	0.0247	0.0213	0.0213	0.0213	0.0213	0	0.0213	0.0218	0.0213	0.0213	0.0215	0.0212	0.0213	0.0213	0.0213	0.0213	0.0214	0.022	0.0213	0.039	0.0218	0.0213	0.0213	0.0213	0.0215	0.0213	0.0214	0.0213	0.0212	0.0213	0.0213	0.0213	0.0213
  V	0.0201	0.0202	0.0202	0.0201	0.02	0.02	0.02	0.02	0.02	0.0201	0.02	0.02	0.0202	0.02	0.0201	0.0201	0.02	0.02	0.02	0.0201	0.0202	0	0.0201	0.02	0.0201	0.0203	0.02	0.02	0.0201	0.02	0.0201	0.0201	0.02	0.0264	0.0269	0.0204	0.02	0.02	0.02	0.03	0.02	0.0201	0.02	0.0199	0.0201	0.0201	0.02	0.02
  W	0.0299	0.02	0.0199	0.0208	0.0197	0.0197	0.0197	0.0197	0.0196	0.0198	0.0197	0.0197	0.0198	0.0197	0.0197	0.0207	0.0197	0.0197	0.0197	0.0198	0.0203	0.0197	0	0.0273	0.0209	0.0199	0.0197	0.021	0.0197	0.0197	0.0197	0.0199	0.0199	0.0198	0.0324	0.0202	0.0197	0.0197	0.0197	0.0198	0.0198	0.0198	0.0197	0.0297	0.0197	0.0197	0.0197	0.0197
  X	0.0213	0.0214	0.0426	0.0213	0.0212	0.0212	0.0212	0.0212	0.0212	0.0214	0.0212	0.0212	0.0214	0.0212	0.0212	0.0212	0.0639	0.0318	0.0212	0.0212	0.0215	0.0212	0.0295	0	0.0277	0.0215	0.0212	0.0402	0.0213	0.0212	0.0212	0.0213	0.0318	0.0325	0.0281	0.022	0.0212	0.0212	0.0212	0.0214	0.0534	0.0213	0.0212	0.0211	0.0212	0.0212	0.0213	0.0213
  Y	0.0196	0.0197	0.0197	0.0196	0.0195	0.0195	0.0195	0.0195	0.0195	0.0197	0.0195	0.0195	0.0282	0.0195	0.0195	0.0195	0.0195	0.0195	0.0195	0.0195	0.0197	0.0195	0.0207	0.0254	0	0.0197	0.0195	0.0208	0.0195	0.0195	0.0195	0.0196	0.0195	0.0203	0.0289	0.0298	0.0195	0.0195	0.0195	0.0197	0.0199	0.0196	0.0195	0.0194	0.0195	0.0195	0.0282	0.0293
  Z	0.0211	0.0213	0.0213	0.0211	0.0211	0.0211	0.0211	0.0211	0.021	0.0212	0.0211	0.0211	0.022	0.0211	0.0217	0.0211	0.0211	0.0211	0.0211	0.0212	0.0213	0.0212	0.0211	0.0211	0.0211	0	0.0211	0.0211	0.0214	0.0211	0.0211	0.0211	0.0211	0.0211	0.0215	0.0216	0.0211	0.0211	0.0211	0.0319	0.0211	0.0211	0.0211	0.021	0.0213	0.0211	0.0211	0.0212
  [	0.0172	0.0173	0.0173	0.0172	0.0172	0.0172	0.0172	0.0172	0.0171	0.0172	0.0172	0.0172	0.0172	0.0172	0.0172	0.0172	0.0172	0.0171	0.0172	0.0172	0.0173	0.0172	0.0172	0.0171	0.0172	0.0173	0	0.0172	0.0172	0.0172	0.0172	0.0172	0.0172	0.0172	0.0174	0.0174	0.0172	0.0172	0.0172	0.0173	0.0172	0.0172	0.0172	0.0599	0.0172	0.0172	0.0172	0.0172
  \	0.0201	0.0202	0.0202	0.0201	0.0201	0.02	0.0201	0.0201	0.02	0.0201	0.0201	0.02	0.0201	0.0201	0.0201	0.0201	0.0201	0.02	0.02	0.0201	0.0202	0.0201	0.0215	0.0379	0.0214	0.0203	0.02	0	0.0201	0.0201	0.0201	0.0201	0.0201	0.0201	0.0219	0.0205	0.02	0.0201	0.0201	0.0202	0.0201	0.0201	0.0201	0.0199	0.0201	0.0201	0.0201	0.0201
  ]	0.0204	0.0205	0.0205	0.0204	0.0204	0.0204	0.0204	0.0204	0.0203	0.0204	0.0204	0.0204	0.0212	0.0204	0.0204	0.0204	0.0204	0.0204	0.0204	0.0204	0.0206	0.0204	0.0204	0.0203	0.0204	0.0209	0.0203	0.0204	0	0.0204	0.0204	0.0204	0.0204	0.0204	0.0207	0.0208	0.0204	0.0204	0.0204	0.0415	0.0204	0.0204	0.0204	0.0202	0.0205	0.0204	0.0204	0.0204
  ^	0.0205	0.0206	0.0281	0.0205	0.0205	0.0205	0.0205	0.0205	0.0204	0.0205	0.0205	0.0205	0.0206	0.0205	0.0205	0.0205	0.0205	0.0245	0.0205	0.0205	0.0207	0.0205	0.0205	0.0204	0.0205	0.0207	0.0205	0.0205	0.0205	0	0.0205	0.0205	0.0205	0.0205	0.0208	0.0209	0.0205	0.0205	0.0205	0.0207	0.0205	0.0205	0.0205	0.0204	0.0205	0.0205	0.0205	0.0205
  _	0.0203	0.0204	0.0204	0.0203	0.0203	0.0203	0.0203	0.0203	0.0202	0.0203	0.0203	0.0203	0.0204	0.0203	0.0203	0.0203	0.0203	0.0203	0.0203	0.0203	0.0205	0.0203	0.0203	0.0202	0.0203	0.0205	0.0203	0.0203	0.0203	0.0203	0	0.0203	0.0203	0.0203	0.0206	0.0318	0.0203	0.0203	0.0203	0.0205	0.0203	0.0203	0.0203	0.0202	0.0203	0.0203	0.0203	0.0203
  `	0.0201	0.0203	0.0202	0.0203	0.0201	0.02	0.02	0.0201	0.02	0.0203	0.0201	0.02	0.0201	0.0201	0.0201	0.0201	0.02	0.02	0.02	0.0201	0.0203	0.0201	0.0203	0.0201	0.0202	0.0203	0.02	0.0201	0.0201	0.0201	0.0201	0	0.0201	0.0201	0.0283	0.0287	0.02	0.0201	0.0201	0.0202	0.0202	0.0201	0.0201	0.0199	0.0201	0.0201	0.0201	0.0201
  a	0.0204	0.0205	0.0206	0.0205	0.0204	0.0204	0.0204	0.0204	0.0204	0.0204	0.0204	0.0204	0.0205	0.0204	0.0204	0.0281	0.0204	0.0204	0.0204	0.0204	0.0212	0.0204	0.0207	0.0305	0.0204	0.0206	0.0204	0.0204	0.0204	0.0204	0.0204	0.0204	0	0.0204	0.0246	0.0208	0.0204	0.0204	0.0204	0.0206	0.0204	0.0204	0.0204	0.0203	0.0204	0.0204	0.0204	0.0204
  b	0.0196	0.0197	0.0197	0.0196	0.0195	0.0195	0.0195	0.0195	0.0195	0.0196	0.0195	0.0195	0.0196	0.0195	0.0196	0.0196	0.0195	0.0195	0.0195	0.0196	0.0197	0.0258	0.0196	0.0299	0.0204	0.0198	0.0195	0.0196	0.0196	0.0195	0.0196	0.0196	0.0195	0	0.0414	0.02	0.0195	0.0195	0.0195	0.0198	0.0196	0.0196	0.0196	0.0194	0.0196	0.0195	0.0196	0.0195
  c	0.0276	0.0234	0.0217	0.0305	0.0208	0.0208	0.0208	0.0209	0.0207	0.0303	0.0311	0.0208	0.0212	0.0209	0.0209	0.0316	0.0208	0.0209	0.0209	0.0228	0.038	0.0275	0.0338	0.0272	0.0304	0.0211	0.0208	0.0224	0.0209	0.0209	0.0209	0.029	0.0247	0.0435	0	0.0267	0.0209	0.0209	0.0209	0.0212	0.0302	0.0287	0.0219	0.0209	0.0208	0.0208	0.0211	0.021
  d	0.0236	0.0239	0.0238	0.0238	0.0236	0.0235	0.0235	0.0236	0.0234	0.0238	0.0236	0.0235	0.0239	0.0236	0.0236	0.0236	0.0235	0.0235	0.0236	0.0236	0.0239	0.0235	0.0238	0.0238	0.0353	0.0239	0.0235	0.0236	0.0236	0.0235	0.0363	0.0331	0.0236	0.0236	0.03	0	0.0235	0.0236	0.0236	0.025	0.0237	0.0237	0.0236	0.0234	0.0257	0.0371	0.0238	0.0237
  e	0.0203	0.0205	0.0409	0.0203	0.0277	0.0203	0.0203	0.0379	0.0203	0.0203	0.0203	0.0203	0.0204	0.0203	0.0203	0.0203	0.0203	0.0203	0.0621	0.0551	0.0205	0.0203	0.0203	0.0203	0.0203	0.0206	0.0203	0.0203	0.0204	0.0203	0.0203	0.0203	0.0203	0.0203	0.0207	0.0207	0	0.0303	0.0305	0.0205	0.0203	0.0203	0.0203	0.0202	0.0203	0.0203	0.0203	0.0203
  f	0.021	0.0211	0.0523	0.021	0.0224	0.021	0.021	0.021	0.0209	0.021	0.021	0.021	0.0211	0.021	0.021	0.021	0.021	0.0213	0.0232	0.021	0.0212	0.021	0.021	0.0209	0.021	0.0212	0.021	0.021	0.021	0.021	0.021	0.021	0.021	0.021	0.0214	0.0214	0.0313	0	0.021	0.0212	0.021	0.021	0.021	0.0208	0.021	0.021	0.021	0.021
  g	0.0207	0.0209	0.0312	0.0208	0.0207	0.0207	0.0207	0.0207	0.0207	0.0207	0.0207	0.0207	0.0208	0.0207	0.0207	0.0207	0.0207	0.0207	0.0207	0.0207	0.0209	0.0207	0.0208	0.0207	0.0207	0.021	0.0207	0.0207	0.0208	0.0207	0.0207	0.0208	0.0207	0.0207	0.0211	0.0211	0.0311	0.0207	0	0.0209	0.0207	0.0207	0.0207	0.0206	0.0207	0.0207	0.0207	0.0207
  h	0.0209	0.0211	0.0211	0.0209	0.0209	0.0209	0.0209	0.0209	0.0208	0.0313	0.0209	0.0209	0.0289	0.0209	0.0316	0.0209	0.0209	0.0209	0.0209	0.0313	0.0211	0.031	0.0209	0.0209	0.0209	0.0316	0.0209	0.0209	0.0423	0.0209	0.0209	0.0209	0.0209	0.021	0.0214	0.0224	0.0209	0.0209	0.0209	0	0.0209	0.0209	0.0209	0.0208	0.0436	0.0237	0.0209	0.0298
  i	0.02	0.0201	0.0201	0.02	0.0199	0.0199	0.0199	0.0199	0.0199	0.0201	0.0199	0.0199	0.02	0.0199	0.0199	0.0199	0.0199	0.0199	0.0199	0.0199	0.0201	0.0199	0.02	0.0499	0.0203	0.0201	0.0199	0.0199	0.0199	0.0199	0.0199	0.02	0.0199	0.02	0.0293	0.0204	0.0199	0.0199	0.0199	0.0201	0	0.02	0.0199	0.0198	0.0199	0.0199	0.0199	0.0199
  j	0.0238	0.0205	0.0205	0.0204	0.0204	0.0204	0.0204	0.0204	0.0203	0.0205	0.0204	0.0204	0.0205	0.0204	0.0204	0.0204	0.0204	0.0204	0.0204	0.0213	0.0207	0.0204	0.0205	0.0204	0.0204	0.0206	0.0204	0.0204	0.0204	0.0204	0.0204	0.0205	0.0204	0.0204	0.0284	0.0209	0.0204	0.0204	0.0204	0.0205	0.0204	0	0.0204	0.0203	0.0204	0.0204	0.0204	0.0204
  k	0.0207	0.0208	0.0208	0.0207	0.0207	0.0207	0.0207	0.0207	0.0206	0.0308	0.0207	0.0207	0.0208	0.0207	0.0207	0.0207	0.0207	0.0207	0.0207	0.0207	0.0209	0.0207	0.0207	0.0206	0.0207	0.0209	0.0207	0.0207	0.0207	0.0207	0.0207	0.0207	0.0207	0.0207	0.0221	0.0211	0.0207	0.0207	0.0207	0.0209	0.0207	0.0207	0	0.0205	0.0207	0.0207	0.0207	0.0207
  l	0.0323	0.0214	0.0215	0.0213	0.0213	0.0425	0.0319	0.0213	0.2452	0.0213	0.0213	0.0319	0.0214	0.0213	0.0213	0.0213	0.0213	0.0213	0.0213	0.0215	0.0215	0.0213	0.0324	0.0212	0.0213	0.0215	0.0747	0.0213	0.0213	0.0213	0.0213	0.0213	0.0213	0.0213	0.0218	0.0217	0.0213	0.0213	0.0213	0.0215	0.0213	0.0214	0.0213	0	0.0213	0.0213	0.0213	0.0213
  m	0.0202	0.0203	0.0204	0.0202	0.0202	0.0202	0.0202	0.0202	0.0202	0.0202	0.0202	0.0202	0.0204	0.0202	0.0204	0.0202	0.0202	0.0202	0.0202	0.0204	0.0204	0.0203	0.0202	0.0202	0.0202	0.0206	0.0202	0.0202	0.0203	0.0202	0.0202	0.0202	0.0202	0.0202	0.0205	0.0225	0.0202	0.0202	0.0202	0.0425	0.0202	0.0202	0.0202	0.0201	0	0.0254	0.0202	0.0226
  n	0.0201	0.0202	0.0202	0.0201	0.0201	0.0201	0.0201	0.0201	0.0201	0.0201	0.0201	0.0201	0.0202	0.0201	0.0201	0.0201	0.0201	0.0201	0.0201	0.0201	0.0203	0.0201	0.0201	0.02	0.0201	0.0203	0.0201	0.0201	0.0201	0.0201	0.0201	0.0201	0.0201	0.0201	0.0204	0.0323	0.0201	0.0201	0.0201	0.023	0.0201	0.0201	0.0201	0.02	0.0253	0	0.0201	0.0201
  o	0.0207	0.0208	0.0208	0.0207	0.0207	0.0206	0.0207	0.0207	0.0206	0.0207	0.0207	0.0207	0.0226	0.0207	0.0207	0.0207	0.0207	0.0206	0.0206	0.0207	0.0209	0.0207	0.0207	0.0207	0.0299	0.0209	0.0206	0.0207	0.0207	0.0207	0.0207	0.0207	0.0207	0.0207	0.0212	0.0213	0.0206	0.0207	0.0207	0.0208	0.0207	0.0207	0.0207	0.0205	0.0207	0.0207	0	0.0208
  p	0.0207	0.0208	0.0209	0.0207	0.0207	0.0207	0.0207	0.0207	0.0207	0.0207	0.0207	0.0207	0.0209	0.0207	0.0207	0.0207	0.0207	0.0207	0.0207	0.0207	0.0209	0.0207	0.0207	0.0207	0.0312	0.021	0.0207	0.0207	0.0207	0.0207	0.0207	0.0207	0.0207	0.0207	0.0212	0.0213	0.0207	0.0207	0.0207	0.0298	0.0207	0.0207	0.0207	0.0206	0.0232	0.0207	0.0208	0
