Map from character to field name
A:	Africa
B:	Asia
C:	Europe
D:	North America
E:	Oceania
F:	South America
G:	?


Substitution rate (mu): 10.721049

Equilibrium frequencies (pi_i):
  A: 0.1199
  B: 0.1772
  C: 0.1912
  D: 0.1876
  E: 0.1522
  F: 0.1718

Symmetrized rates from j->i (W_ij):
	A	B	C	D	E	F
  A	0	2.2701	4.7656	0.5587	0.7529	0.7161
  B	2.2701	0	2.0837	0.8846	0.6502	0.9268
  C	4.7656	2.0837	0	0.546	0.6999	0.7859
  D	0.5587	0.8846	0.546	0	0.5838	1.7733
  E	0.7529	0.6502	0.6999	0.5838	0	0.6127
  F	0.7161	0.9268	0.7859	1.7733	0.6127	0

Actual rates from j->i (Q_ij):
	A	B	C	D	E	F
  A	0	0.2723	0.5716	0.067	0.0903	0.0859
  B	0.4023	0	0.3692	0.1568	0.1152	0.1642
  C	0.9111	0.3983	0	0.1044	0.1338	0.1502
  D	0.1048	0.166	0.1025	0	0.1095	0.3327
  E	0.1146	0.099	0.1066	0.0889	0	0.0933
  F	0.123	0.1592	0.135	0.3047	0.1053	0
